samples/aoi_slope.asc
ncols    277
nrows    373
xllcorner    339188.8722398189
yllcorner    6745209.873372113
cellsize    30.0
NODATA_value    -99999.0
[rows 108 to 134 of 373, columns 60 to 119 of 277]
6.1264944 5.4588113 5.8646407 7.4274073 6.841814 6.3984966 5.981882 2.7023208 1.2969668 1.0489763 7.085213 14.531411 11.814104 3.7100024 9.579901 13.69823 10.402522 6.0048513 7.456801 12.065228 12.922796 11.906203 11.391123 10.455261 10.890961 11.374302 8.971328 7.9145727 11.970492 16.325836 13.926339 7.2580986 6.616071 8.343486 7.9430957 9.359488 12.443035 9.47329 3.605035 11.8206005 14.568844 10.176474 5.670691 2.6663725 1.3877907 3.1912057 5.6157117 5.182732 4.244165 2.6147668 10.124489 16.052702 18.090446 16.816729 14.925751 11.255195 4.991443 5.802406 7.9037156 4.8273044
8.18215 4.8459873 3.6245828 3.0811777 1.788888 2.447869 2.010824 0.009973596 0.010024896 1.4865032 1.8653122 11.069069 13.881156 8.999688 4.5439157 11.501658 12.1477 7.955474 7.111719 10.29294 12.588846 12.999381 11.3719015 9.454559 9.756496 10.457568 8.297655 7.3846827 10.920164 13.943153 13.521649 10.581259 9.814624 10.193812 9.532269 10.99637 11.092351 5.57333 3.9203708 11.563778 13.516507 10.688088 6.6788726 2.8725986 2.7445912 2.6772735 4.712075 6.52829 5.4319572 9.0677395 13.055926 15.46182 15.274173 13.410205 11.810526 7.5869145 1.5739694 5.2576013 10.38828 6.717429
8.997853 10.264329 9.134866 8.531352 6.8294606 5.775813 5.588189 5.3833327 5.066799 4.824651 3.333676 9.372398 11.852149 10.4314375 5.7952266 6.2958217 11.356978 10.835005 10.208492 11.359104 13.128099 12.391359 11.182944 9.139624 8.01633 8.976278 8.945738 8.531354 10.709514 12.455145 12.513835 12.530184 13.546038 13.817897 12.401691 11.547019 9.366136 5.2883763 6.4876375 11.625144 12.108545 10.024322 8.754324 8.7705 7.9232273 6.2873507 5.5446024 4.754483 8.876407 14.962149 14.75426 14.748531 13.72628 11.24993 7.8179054 3.1565788 1.4419866 3.1398714 8.694696 8.226194
5.782826 8.337216 10.631045 13.245463 11.942046 9.023395 10.128603 11.355369 11.037394 9.422036 8.483277 12.1771145 12.548164 11.957771 9.70336 6.292548 9.950451 13.394239 15.321222 16.321035 15.456104 11.668098 10.287641 9.315371 7.7004523 7.851876 9.518678 10.412906 11.772906 13.258881 14.521407 14.647869 16.06729 16.374403 13.728195 11.511455 9.50637 6.532427 7.218991 12.229702 13.327213 9.350056 9.656624 14.077602 14.919411 13.038516 9.981524 8.735084 16.52878 17.84628 15.402336 14.580145 13.25747 9.692603 4.936412 0.91934717 0.91707003 3.2917726 7.919109 8.292135
3.0859 3.3878007 7.666652 12.140754 13.216495 11.620441 10.714303 10.182301 9.047394 7.933975 9.105876 12.206394 13.675268 18.156937 14.59908 7.798168 11.25555 14.408402 17.422634 18.709002 16.487782 13.400939 11.6495 10.918226 8.992345 10.898447 12.78671 12.6771145 12.724178 14.818443 15.168457 14.395168 16.56429 16.90723 12.830543 10.110873 8.948958 8.130289 9.109227 11.470383 14.846827 12.805112 12.30101 14.454226 15.044477 15.3371315 14.68675 18.984167 22.140635 18.517712 16.411985 14.867245 12.125841 7.2851367 3.1303236 1.6711655 2.731454 5.325579 9.566259 10.564086
2.4125447 3.1782806 6.6009483 6.7781987 10.186521 10.567152 9.320604 7.7721453 6.6608744 7.1867285 9.387816 11.157312 11.31964 18.738176 19.859245 9.192899 12.2442875 16.864578 19.427797 18.107676 15.803742 17.00271 16.209778 12.584294 10.970863 13.468221 13.880114 12.789528 12.608315 13.074142 12.927279 13.2641735 14.854706 15.436907 11.920447 7.7688737 6.181734 7.349537 11.421042 12.04356 15.296164 17.606348 15.255372 11.653722 9.054645 10.702014 20.300478 27.071516 24.166029 19.032225 15.692386 11.807086 7.319237 2.9898708 1.0085886 1.6624361 3.936618 3.7105415 8.696739 11.144336
1.7912842 4.6095448 5.956665 3.5690868 6.733359 6.65122 5.631611 5.926176 7.483722 8.310305 11.4159 13.23532 12.139048 15.868954 18.740938 15.834649 14.479563 18.107765 15.284878 11.549733 12.005888 13.0896635 11.38138 8.839307 9.532082 12.52922 12.581777 10.612905 8.130572 8.148592 10.796894 13.326489 14.896497 16.733335 15.837909 13.585041 9.40213 3.55168 8.210006 11.20556 13.578149 17.213938 15.480772 10.267898 7.9549103 15.719183 27.224337 28.662935 22.144127 16.134876 10.898038 5.5460052 2.006746 1.3081509 1.5292472 1.5715442 3.25362 1.3557272 5.110561 8.347951
1.3853493 5.5259953 5.3356175 2.9899194 5.6035576 6.1524277 3.4641585 4.9309387 8.016156 9.585315 13.404318 14.019688 13.634837 15.120819 14.434178 17.2542 20.04218 13.48216 4.309033 3.2284527 4.6120734 3.325033 1.906093 1.9448699 5.6012626 9.747734 8.779261 4.2536726 3.5894504 8.986362 11.599954 13.140064 14.980605 17.541769 18.985115 19.046156 15.214695 6.7557697 2.6670637 7.3298454 10.086508 10.98029 11.36693 11.4211035 14.572536 24.035706 28.945786 23.948807 16.51878 11.403101 10.068961 8.08285 3.9757173 2.751369 3.559315 3.9543233 3.6664753 1.6265557 2.6614366 5.6409287
4.330111 6.325809 3.8119001 1.5202866 3.716813 6.416892 5.6935124 6.3876843 8.829992 11.461389 15.034941 14.992967 12.886931 14.48328 17.023268 18.498598 18.727621 9.420719 1.8045117 5.1673074 9.944628 13.535809 12.655594 10.879497 10.660635 13.887537 13.827066 9.690419 9.100899 10.1164255 13.568061 14.139923 13.030768 14.88881 17.995874 20.54629 18.355736 10.453063 5.0662584 4.9839754 4.005861 5.333446 6.59223 10.184383 18.430191 28.03074 28.396894 19.928562 11.516826 9.41745 10.799193 11.085303 6.747908 4.1610565 4.294217 5.7644486 6.0504775 3.2815661 2.0846252 7.1280046
4.9094696 4.521784 2.4944637 1.3751866 2.0266643 4.902056 7.243506 9.0369425 12.768648 16.783123 18.3963 16.174236 13.504686 17.191551 19.069534 16.410316 13.766069 7.3449073 7.1827083 10.766768 11.372551 12.048245 13.049923 11.943817 12.397377 13.071804 14.646985 13.830915 12.27581 8.699547 11.228599 13.663399 13.044275 13.093034 17.34814 20.483465 19.935528 14.273832 6.7119594 1.6566794 1.4069479 3.515367 4.2940316 9.89726 21.349754 28.01635 25.777308 18.526783 11.099927 7.1797247 7.926812 10.302504 9.122594 6.406615 4.256187 5.803543 7.6649184 6.3071365 0.73148495 8.013123
8.044402 6.5565953 5.5346465 4.576498 5.576297 7.494971 10.272093 13.40354 17.610744 20.495876 22.013453 19.27937 16.512861 17.3878 15.33396 13.24394 9.403283 6.6545 10.419181 12.62462 11.635745 10.319637 9.074826 9.606609 10.871718 12.077524 11.6802025 12.068348 10.91472 8.97622 8.26575 9.646564 12.305303 14.708855 16.961138 19.418085 18.89681 15.428959 8.185135 1.6488743 0.34713513 2.8342793 4.31867 11.151118 24.644102 28.959894 24.054802 15.811959 10.352751 7.9859266 5.657803 6.1717587 8.890643 8.190399 5.1907396 4.9864416 7.1897154 8.439678 2.4931183 6.5948467
11.294612 10.071074 9.309232 8.658751 8.742036 11.023952 13.546957 16.315353 19.550795 22.798918 22.088064 16.67534 15.323678 15.542102 13.2354555 8.799714 4.5064797 8.552861 11.481883 12.52679 9.358069 8.02684 6.5866904 6.6278563 8.766739 10.577582 10.36447 8.411773 8.636726 11.467607 10.964389 10.734173 13.381072 15.31944 17.94213 19.36466 16.870157 13.296853 8.45361 2.5909522 0.010024896 2.252327 6.7024565 16.922195 28.953959 31.326231 25.100344 16.430904 11.776012 7.6797442 3.963523 0.723184 4.080708 7.3825746 6.8195662 5.512677 6.638113 7.8920455 4.9564085 6.590729
12.65608 11.305259 10.394599 11.105594 10.741752 12.016751 13.709731 15.791944 18.855227 21.456913 18.367743 13.356906 12.37725 11.991913 8.368978 0.027423168 8.436197 13.8009405 13.66792 10.916512 6.7022324 5.6122923 6.744671 4.7882767 3.9733353 6.6477914 8.011352 8.571688 9.974688 11.026559 11.706872 13.34701 16.139585 15.972438 15.840987 17.413166 16.491781 12.102972 8.807258 4.1747103 0.10332712 1.1448276 10.253584 23.789429 31.341825 30.999887 23.492863 14.504189 9.328485 6.813865 3.8291533 2.5698862 0.61100084 3.53567 6.9666986 5.908182 5.25963 6.0064197 4.2686477 6.5785265
11.667911 12.20055 11.310881 11.7550745 11.671762 10.470088 12.134327 14.432063 17.705135 19.129713 16.477783 12.691637 9.5205145 5.3434677 4.838124 11.146711 14.91643 14.318105 11.556336 8.228547 5.7658505 8.013515 9.735926 5.2474337 1.9085462 4.021497 8.775994 11.127645 11.740996 11.222346 10.653373 14.73497 16.593813 14.568907 14.013862 13.95356 17.058752 17.580433 15.896198 9.826797 2.5202954 2.1974568 13.327151 27.612932 33.517303 30.387413 20.006128 10.446903 6.5687733 2.8045063 3.2141256 3.680764 2.0646832 5.84385 6.6863093 5.0563335 3.7518046 4.4432154 0.9509086 6.128419
5.998523 11.727663 13.833085 13.217677 12.104523 10.744692 12.416167 14.645006 17.65155 17.600195 15.570162 11.117291 3.6713355 6.9588995 12.970226 14.477305 11.926559 8.194541 5.4855957 2.5362315 3.9938073 7.9790816 9.636529 8.334958 4.517141 7.4487114 10.678403 10.495635 10.072152 10.521939 10.823002 11.459535 12.756358 16.658064 18.590412 21.853106 25.348372 24.390217 20.216633 17.183672 6.6483374 3.6275513 19.718685 32.19078 33.473465 27.248571 14.917338 7.2277102 3.4913898 1.8319724 2.0457244 1.969958 4.6367426 7.1032066 6.453315 5.025874 5.2203937 6.152446 2.9577339 9.658011
5.000992 8.660053 13.301597 13.977382 12.290724 13.952361 14.0934 14.767147 17.781042 16.674345 12.279689 6.4361625 7.2951994 11.326643 13.740864 11.855942 7.846013 5.1897907 3.8420808 3.7764664 6.251035 6.784833 3.595191 8.944092 9.136439 8.495696 10.152661 10.806416 10.416001 9.634724 9.550158 9.478704 11.44219 19.731508 24.34638 25.79406 24.12946 25.796642 25.749876 21.198593 8.51005 10.512778 26.779215 30.505919 29.400908 22.936731 11.835008 6.46957 3.976292 3.0054915 1.818623 2.0735614 5.609791 6.334026 5.747284 5.7421722 5.6320577 4.701114 0.5742876 9.850698
10.184319 10.3024 8.234242 10.795825 11.872615 13.756298 13.594591 14.058722 16.302277 12.630429 5.7308054 9.63844 13.612099 13.923736 13.280088 10.979768 9.973719 8.017553 6.953494 7.310494 9.471779 5.6977077 1.8753872 4.2348714 10.444586 11.302159 13.455032 13.432641 10.159792 6.8784533 4.234729 8.859197 14.606982 16.004011 16.140701 16.25949 19.9421 26.698807 30.447243 21.635994 2.278871 19.339825 29.569344 27.232227 24.046404 19.418299 12.59651 8.027599 6.109886 4.881341 3.2772322 4.3572865 6.3858447 5.3786535 4.9048305 4.4869804 2.1537971 1.0768783 2.034977 4.844355
10.9151535 13.056233 9.113168 5.0289593 8.310333 8.862342 8.582584 10.181242 10.822024 4.160641 9.52093 14.82323 15.808125 13.70186 11.112989 11.040014 12.718698 10.858072 9.6284485 9.94009 10.234848 7.706976 3.2291071 6.8975625 11.42765 15.573855 17.075035 12.524055 7.6608434 3.3849084 4.2766533 6.071921 6.6960783 3.835698 7.384975 12.304206 22.822796 30.600155 31.849892 18.256224 9.143387 24.953917 25.805695 22.315042 17.27792 13.067493 11.273761 8.165237 5.8049917 5.068488 6.2975035 8.182895 6.495447 3.3536663 3.0509503 4.084182 5.1232038 4.555298 3.8857567 2.7796607
12.267102 14.846894 13.468641 7.9395876 4.0624185 3.5615833 3.4736738 6.288201 6.0835924 6.555327 13.0274515 13.554314 11.367274 8.320235 7.07915 8.706257 9.21553 7.052722 7.638671 10.772684 10.715916 7.8817053 8.435504 14.622467 18.369316 18.024666 14.620295 8.963798 3.644236 3.1913857 4.7480264 2.0030017 3.6445115 5.1725454 11.58863 17.820791 24.516832 31.940348 29.729815 11.593045 10.7015705 24.24917 27.488873 22.895527 13.416394 9.580408 10.0776825 7.5581775 3.6489456 3.443824 7.4167724 8.756931 5.8235626 3.5925987 5.4469113 6.980459 7.022336 5.9702616 4.4631176 3.3868642
12.608366 16.056988 16.023478 12.929715 6.6534534 2.3542273 2.9852872 6.0583553 6.954266 9.291162 12.308921 9.388683 5.2958055 4.2431455 5.890927 6.5796924 2.8307033 5.7590446 8.699493 12.136469 12.829766 11.287932 15.476243 19.942457 17.573729 14.621866 11.6207075 7.5716486 3.6596775 3.7555218 3.0256371 4.294969 1.9544765 6.506963 13.43426 18.582237 25.005161 29.687029 24.76257 9.721078 8.141556 19.069374 23.348434 27.095871 21.413023 11.702081 11.9057455 10.357909 4.876155 4.3353667 6.336913 5.790851 5.298281 7.573783 7.495506 6.042001 4.6872306 4.969286 3.9944277 6.30306
8.947644 14.586041 15.428636 14.439033 9.987908 2.702051 2.1003578 5.187471 9.944249 12.651268 11.3604765 7.3621016 5.06274 6.7680655 6.995919 4.293377 3.5213172 9.470092 11.898772 13.71679 14.599822 16.411484 19.574535 18.347126 14.773784 13.072531 10.937717 4.8278837 5.2118196 6.7181745 2.9332418 2.2218032 5.1561103 9.06077 14.622842 21.19907 25.662733 28.424852 24.413118 11.696871 11.981855 18.529142 21.700949 25.084116 24.150793 16.66603 13.537589 12.40143 7.3550124 4.7142935 6.015341 3.7646375 3.2674637 4.548693 3.6359985 4.451983 4.3495975 3.140867 3.3353975 10.73179
7.424103 13.065205 14.168525 13.4281025 10.70802 3.4384267 1.5508274 6.050843 13.887973 14.68393 10.38163 7.5121546 7.0211396 9.116616 7.7114606 2.137825 8.839582 12.559025 14.054246 15.096017 18.011364 20.068388 19.967968 16.938019 14.330425 14.328644 9.307373 1.9101938 3.5816848 6.064617 9.264504 7.3744836 8.743589 14.336678 19.156933 24.23172 29.637754 30.550722 23.34369 10.491701 11.062782 20.628094 22.34896 25.057535 27.045954 23.806646 18.932486 15.527172 12.094621 7.800696 4.690565 3.264108 0.57180345 1.5366744 0.94586277 4.2190084 5.5519166 1.2232738 6.7687883 13.093219
7.972009 13.144066 14.966036 13.523019 10.031166 3.423496 4.921704 12.549141 13.565139 11.564482 8.527743 6.4994493 5.6000757 4.8230553 5.669702 10.634232 13.494558 14.545339 15.644163 17.960339 21.029106 21.29887 19.776392 16.520784 15.424765 15.005411 9.71838 8.248726 0.4929325 7.077205 13.390313 18.669891 20.26191 22.746637 23.760366 26.33915 30.070389 26.007236 15.768964 5.297898 3.6299365 14.30066 21.115929 25.242254 29.244995 30.158827 27.599823 24.388472 19.80762 15.634421 11.551166 7.5936017 3.4615307 1.5864711 2.062004 4.395232 5.929052 2.9565086 10.8379755 16.544815
8.974863 12.611125 13.862703 13.936627 10.873574 5.328556 12.49088 15.725264 10.560315 6.2769127 5.6396403 4.1387677 1.8308964 3.6651437 11.190402 16.0545 14.170006 14.731982 17.205687 20.615026 21.742516 21.03468 19.410412 16.626875 16.404045 12.542176 12.146805 13.881754 10.218488 15.324602 18.239946 21.848055 24.954184 23.35564 21.100538 24.66209 27.491539 19.264677 7.814362 4.6169176 2.2057385 6.625456 14.633458 20.079819 27.125284 31.73701 32.2998 30.129969 29.13287 26.780647 23.416538 17.192318 13.487721 11.649132 9.746432 7.8993235 8.48121 8.201224 15.196539 20.754745
9.959628 9.655663 10.200767 14.814625 15.5128565 13.1727495 18.294743 13.91952 6.535827 3.287254 3.3292637 3.887114 6.350762 11.091642 16.307096 15.428381 13.493325 15.8076935 19.472574 21.900505 21.322697 20.818615 19.340271 16.640678 16.711123 10.671242 12.048449 16.46397 19.670305 21.956226 21.146286 19.563583 19.784184 18.872854 19.560518 22.637272 22.291046 14.859708 4.3561144 1.9681783 4.3211603 1.695575 6.954078 10.509998 17.022192 24.201143 28.549152 28.870287 28.012981 27.416952 27.550636 24.30183 19.902014 18.432873 15.692522 12.177968 10.430302 11.140533 17.354698 19.262873
9.809766 6.4365163 5.4101696 9.507616 15.40279 16.482061 15.314086 9.42123 3.9333465 2.909171 4.083267 7.085889 11.656565 15.042009 16.063763 14.699929 15.539668 18.218546 20.708492 22.135796 21.278412 20.246141 17.807785 15.165839 14.006124 8.498529 11.481316 15.447278 19.242945 22.221123 20.970413 16.519714 14.007869 15.389201 18.432129 17.352192 15.655373 12.173003 2.4709694 1.0717648 4.259479 2.9942124 1.5223348 3.6120265 7.4245887 15.828074 20.779724 21.98753 23.138126 23.71407 24.717894 26.356756 21.946583 16.728153 14.716871 14.502203 11.256813 10.141974 13.578074 16.015839
8.829167 4.8436193 2.198656 1.8541942 7.8001122 11.855441 9.492088 7.535903 4.973723 4.2464848 7.734378 12.417816 16.671099 17.046286 17.089354 17.396921 18.4849 19.71757 20.040794 21.254618 20.216486 17.691269 14.025866 11.787165 6.8032327 2.8970141 5.0915875 7.3050976 10.926944 13.477347 10.21605 8.779928 8.242721 12.63121 13.424394 9.546839 9.017483 9.405269 4.7735233 2.8269024 3.6573846 1.8090228 0.82642055 2.4460592 4.219986 9.194757 14.943524 16.85072 17.56602 19.85576 22.302528 25.138489 23.318796 15.118089 11.089837 12.071108 10.770741 8.354987 10.733391 15.673101
