samples/aoi_twi.asc
ncols    277
nrows    373
xllcorner    339188.87224
yllcorner    6745209.87337
cellsize    30.0
NODATA_value    -2147483648.0
[rows 216 to 242 of 373, columns 120 to 179 of 277]
3.0221734 3.291614 3.1051571 2.8562133 2.8479624 3.2898853 3.8940647 4.005794 4.471331 6.010007 6.9975657 4.1613884 3.4183884 3.0791392 2.8024547 2.7774603 2.8795416 2.8299584 2.929297 3.112797 3.30679 3.4999814 3.8542645 4.1271586 4.251241 4.9230523 5.567609 5.3324256 4.8548503 4.58202 4.474387 4.084658 4.0425935 4.0544853 3.9281082 3.8439543 3.9124436 3.6108487 3.3804862 3.2886229 3.355278 3.9186907 5.0567474 4.360504 3.8050652 3.506602 3.1939025 2.7667527 2.641203 2.6385791 2.514992 2.4577193 2.6058657 2.7518115 2.814405 3.6801047 3.2423317 3.2436495 3.09207 2.994533
2.96757 3.0477068 2.9239895 2.8379457 3.011465 3.5667195 3.9107528 3.9868534 4.3325977 5.2708144 6.470734 4.9837737 4.073101 3.620736 3.1414464 2.9201233 2.9527447 3.154474 3.3844404 3.560733 3.6740053 3.8125167 4.3217573 4.4851923 4.7436457 5.355935 5.476032 4.952089 4.6241875 4.86119 4.5420814 4.096311 3.8229113 3.7365782 3.7054236 3.777552 3.9118674 3.867199 3.5100245 3.3452423 3.641419 4.7300005 4.4855647 4.182159 3.8097804 3.3649352 2.9560568 2.7605698 2.7070851 2.5833616 2.4352393 2.468545 2.6598923 2.69102 2.7518392 3.0941408 3.2973404 3.1801422 3.049062 3.0149486
2.840466 2.80329 2.8855422 2.8493981 3.2126741 3.8228242 3.6427712 3.6923406 4.045361 5.328866 6.1211076 6.9260798 4.9979796 4.6783066 4.3415637 3.6765995 3.4418657 3.5426292 3.63765 3.7992783 4.0441203 4.158827 4.3982983 4.5271983 4.757371 4.78937 4.526951 4.327602 4.4693193 4.7366443 4.5121574 4.290282 4.0764756 3.9353828 3.7847283 3.7707686 3.9256682 3.947124 3.6890652 3.4764981 3.8300462 5.481246 4.154848 3.7523527 3.5575159 3.1132984 2.7732584 2.719799 2.6892838 2.4681945 2.2995946 2.4447734 2.6600518 2.7003489 3.5847986 3.2003682 3.1929183 3.0995762 3.0171032 3.1097765
2.9985707 2.7393208 2.8198643 2.755121 3.0081065 3.8167262 3.6097133 3.3457155 3.7679472 4.4007654 4.905752 5.2328525 5.8256435 5.2722807 4.824161 5.959903 4.7237225 4.459883 4.4089904 3.9198754 4.054631 4.2724223 4.136677 4.1430726 4.222744 4.378109 4.440892 4.520808 4.3221445 4.1941433 4.276077 4.494203 4.5717483 4.5513844 4.2157493 3.8660362 3.7423024 3.8046215 3.9097717 3.6793745 3.7525685 5.9905987 3.9181335 3.5525913 3.2954712 2.8831751 2.6828468 2.6265078 2.5925338 2.4485512 2.3440292 2.5569577 3.4906654 3.5504708 3.6961806 3.1155033 3.0971837 3.1160767 3.123534 3.2552793
2.8573973 2.714128 2.8542898 2.81343 2.9756792 3.631842 3.7886045 3.443271 3.6083443 4.0844626 4.5311327 4.720906 4.7669177 4.6154647 4.5051804 4.6900167 5.4266567 4.9560885 5.367769 5.002132 4.2105794 4.1899347 4.032776 4.03661 4.446046 4.928641 6.0640287 5.0235105 4.1187425 3.9129 4.2620974 4.3259597 4.4276776 4.9489183 4.6652265 3.9793763 3.7089918 3.8416228 4.023663 3.6840794 4.0529838 5.5441437 4.0397973 3.5193791 3.0522861 2.7575157 2.6431618 2.6191854 2.717947 2.6711204 2.5667367 3.3903651 3.6115062 2.9375029 2.9329326 3.6552014 3.7257946 3.9092355 3.2783856 3.3302288
2.5172966 2.7031763 2.8144193 2.797777 2.914193 3.470137 3.8962255 3.808867 3.6818438 4.013757 4.5631347 4.5188174 4.337552 4.558607 4.6795025 4.774319 4.9451165 4.835925 4.5299087 4.819778 5.888866 4.4215446 4.298417 4.4144263 4.652403 4.5190167 6.0182333 4.1472015 3.9046702 4.418832 4.4358964 4.1920304 4.015418 4.4469314 4.486246 4.3051615 4.084271 3.9653726 4.0750527 3.876832 4.703057 5.100989 4.0589786 3.4183507 3.0262547 2.8819394 2.6893313 2.5719557 2.651713 2.6689079 2.6443346 3.4912393 3.6314042 2.9130924 2.86793 3.5875297 3.7030888 3.8778071 3.2514827 3.2901015
2.4299242 2.6282403 2.8702738 2.824917 2.869852 3.2600818 3.768328 3.8731863 3.6333292 3.7436554 4.2778873 4.459741 4.7897224 4.8599634 4.451295 5.085254 5.927122 5.60567 4.638861 5.006963 5.07762 5.041432 5.4810605 4.6488504 4.1649146 4.5409408 4.6127257 3.8556955 4.062103 5.8621097 5.071902 4.5503116 3.9469798 3.8121195 4.1079655 4.4745746 4.5589523 4.2737646 4.1796284 4.488721 6.210875 5.3593597 3.9967978 3.3888311 3.1515985 3.0115886 2.8402941 2.6478639 2.556214 2.509885 2.5527074 3.4765308 3.6074991 3.5799825 3.5736043 3.550165 3.627735 3.8005354 3.243397 3.2629037
2.5121458 2.616477 2.9520693 2.9917266 3.0403264 3.3948195 3.584133 3.844229 3.5856209 3.475337 3.7590206 4.245506 5.2357464 5.0663066 4.431125 4.955866 5.6595526 5.164159 4.987605 5.285241 4.92299 5.245697 10.288153 5.903735 4.450317 4.1066318 4.2571836 4.0577254 4.6184444 6.978778 7.043003 5.7152076 4.907252 4.2541184 4.120226 4.429797 4.779945 5.068281 5.292997 5.572586 5.681266 5.4885044 3.9867918 3.51702 3.3291023 3.0138247 2.7409022 2.615239 2.6688612 2.6700993 2.5496886 2.6264765 3.491971 3.506905 2.8140547 2.781662 2.7607014 2.9427 3.2598786 3.2610755
2.5567687 2.6892877 3.04353 3.2055638 3.1922789 3.5289962 3.537912 3.7657213 3.791096 3.5310347 3.5695167 3.819244 4.183507 4.6380014 4.4777045 4.777618 5.717115 5.7273655 5.1902533 5.344308 5.323994 4.8576245 5.50775 10.28978 5.9174585 4.7264285 4.685381 4.75999 5.0820045 5.39259 5.9173307 6.424374 10.3407755 6.4939284 5.6089377 5.2163324 5.340152 5.466136 5.0906973 5.7210503 5.1456585 5.5387907 4.1374187 3.5549731 3.2736924 3.0529518 2.7587855 2.5469186 2.67764 2.8175862 2.66071 2.5949357 2.666069 2.6667929 2.6275811 2.6291568 2.6232018 3.4561853 3.7545178 3.133089
2.6216972 2.9475954 3.6616917 3.282981 3.0081499 3.105241 3.0982955 3.1896799 3.646162 3.7596798 3.5828598 3.6065416 3.8236885 4.1399198 4.1776366 4.419657 4.4040484 4.4753923 4.705951 5.0880237 6.0429196 4.9166756 4.6288233 5.5398664 10.3407755 7.5702887 5.5577064 5.6915016 4.6858063 4.6161356 5.0010386 5.7189565 6.429516 6.767221 6.2811484 5.891063 5.3435764 4.978103 4.5543523 4.1587224 4.1632643 4.426033 4.0674286 3.5116947 3.2119153 3.0517955 2.9129953 2.6927862 2.5942647 2.6713219 2.7622268 2.745456 2.7389894 2.6545577 2.5075495 2.40849 3.143069 3.364131 3.6117637 3.744216
2.7771401 3.6104288 3.7799299 3.2061338 2.7952425 2.7953966 2.8020563 2.7268991 2.9444838 3.5042949 3.6971195 3.6038501 3.682469 3.7336462 3.7909331 3.9422283 3.7456598 3.7936935 3.885581 4.5769835 5.671903 5.8295336 4.776523 4.8177247 5.7891054 5.5783176 5.4346714 4.924307 4.6968265 4.5911007 4.676526 5.0523205 5.9098406 5.509243 5.188888 4.8636107 4.714774 4.569002 4.2882996 4.2140203 4.402453 4.8959823 4.2214155 3.5078893 3.2746806 3.1375303 2.9655285 2.767519 2.7521808 2.6459832 2.6241782 2.8322978 2.993039 2.8329744 2.5007615 2.3523617 2.3707879 3.2457838 3.4502468 3.550874
3.0181673 3.4551218 3.1954534 3.0539036 2.727473 2.7353768 2.7818506 2.6045737 2.4888456 2.7712948 3.1678913 3.3334725 3.554475 3.5685964 3.5116274 3.7330492 4.146082 3.9990983 3.6796014 3.9590797 4.8616343 5.153165 5.2896185 5.123693 4.5819035 4.6439924 4.826842 4.8001432 4.900481 4.7815647 4.391751 4.6882415 5.0792856 4.892628 4.7912717 4.974898 5.2202663 5.19273 5.550665 6.511206 7.017996 10.28978 5.239052 3.6287172 3.281001 3.2506695 3.0480196 2.8079848 2.7918937 2.7782912 2.559577 2.6439292 2.9183574 2.897817 2.5940244 2.525536 2.4516516 2.4535642 2.6036112 3.4031422
3.1339774 3.1176805 3.0270135 3.0349612 2.8080375 2.6883862 2.698395 2.5760717 2.3980258 2.4443798 2.70037 2.9014275 3.1558814 3.3535113 3.5744045 3.756836 4.557727 4.4427423 3.8222587 3.7942863 4.3044415 5.5121827 5.606224 4.7120204 4.4989448 4.4314456 4.475638 4.510865 4.9527016 4.76818 4.35106 4.370001 4.5072517 5.2306495 5.727327 6.144396 10.288153 10.28978 10.28978 10.28978 10.28978 10.28978 10.3407755 4.124839 3.2933583 3.3021579 3.2250433 2.9498925 2.8004708 2.830004 2.5939918 2.5236573 2.7083178 2.7450123 2.723645 2.8308659 2.6202757 2.4324315 3.3262417 3.4213428
3.2316096 3.1626 3.1721265 3.1734195 3.0471032 2.7668636 2.66571 2.6625276 2.5149617 2.4246645 2.592943 2.7414572 2.9519556 3.2441964 3.4789913 3.8224275 4.1302896 4.5489745 3.9775178 3.730379 4.1177454 5.163395 5.2509413 4.336795 4.290779 4.088646 4.0804486 4.3450365 4.5743237 4.3454356 4.672335 4.6610622 3.933989 3.8987963 4.719515 5.5396395 7.2471457 10.28978 10.28978 10.28978 10.28978 10.28978 10.338924 4.741771 3.4894042 3.3685834 3.4540489 3.1902964 2.8774278 2.7500074 2.6222756 2.5367453 2.5562482 2.594072 3.4525604 2.912429 2.725801 2.5919886 3.462803 2.8657112
3.455381 3.3467891 3.3679483 3.257763 3.2169542 2.9999566 2.9010408 2.8712382 2.7057354 2.5701058 2.6275012 2.7120519 2.745977 3.0208995 3.2540681 3.6964042 4.150058 4.4046717 3.9911873 3.741112 4.0431767 4.558041 4.1509705 3.8093457 3.8556042 3.7864952 3.877873 4.29635 4.4152503 4.0500684 3.9606555 4.28374 4.052127 3.5262644 3.6548905 4.087754 4.5846405 5.533179 10.28978 10.28978 10.28978 10.2891035 10.3407755 7.955032 3.8939257 3.403792 3.6222808 3.445246 3.0111184 2.7043889 2.5617666 2.5670054 2.589372 2.5674307 2.6614673 2.758327 2.766114 3.5231001 2.858102 2.8844879
3.5518556 3.3304687 3.3266857 3.2192984 3.2608259 4.0203757 3.9784718 3.7047868 2.7983582 2.7617943 2.7859685 2.8669672 2.7526531 2.7519343 3.092837 3.596386 3.994603 4.164303 4.029214 3.947135 4.3277383 4.1640577 3.6274784 3.729931 3.7808733 4.1388245 4.04612 4.1220098 4.3237877 4.1778874 3.848189 3.8559322 3.9871876 4.062036 3.8663094 4.0827146 4.2726545 4.5315804 5.399904 10.288153 10.288153 10.288153 10.3407755 6.7980804 3.7155643 3.283536 3.6907313 3.6363873 3.107531 2.7717211 2.549456 2.5518878 2.683721 2.6659272 2.6730363 2.7783732 2.8181603 2.819075 2.8819215 2.8303537
3.3114283 3.2339826 3.2977564 3.3350415 4.1703043 4.528788 4.3923335 3.9717274 3.6128008 2.8349073 2.930233 3.0705311 2.8440979 2.6181195 2.9171927 3.5313377 3.7720795 3.946975 4.131163 4.3116035 4.889086 3.7703843 3.4711463 3.5964942 4.01898 5.083708 4.4999523 4.26848 4.3856435 5.1076393 4.9415746 4.5181255 4.6798334 4.2703843 4.0061045 4.213308 4.5680976 4.8740544 5.258113 6.078357 10.28978 10.28978 10.3407755 4.514666 3.2033813 3.180663 3.5290694 3.3682888 3.0740278 2.6208334 2.429567 2.527266 2.7382627 2.7731674 2.7091293 2.920039 3.1825147 3.0940585 2.9739506 2.9443684
3.1852865 3.356773 3.5861883 3.7847493 4.6998115 5.380188 4.613974 4.127734 3.72742 2.7766318 2.8297145 3.2060835 2.905208 2.5088463 2.8610501 3.564736 3.8107626 3.972838 4.3347692 5.7214656 4.1348734 3.5322843 3.6162374 3.8978615 4.4211087 4.9996967 4.633308 4.4401608 4.3204083 4.655733 5.246114 5.7082286 4.6271653 4.0933204 3.933295 4.140051 4.300629 4.852895 5.904616 10.28978 10.28978 10.28978 6.15452 3.7371364 3.1391087 3.3149123 3.3324053 3.1250887 2.8500187 2.5120924 2.4406583 2.5674393 2.7634351 2.7547464 2.8003423 3.0848877 3.3592267 3.5471895 3.4138412 3.2610323
3.3310359 4.394361 4.045398 4.7443824 5.404885 6.4129543 4.7639413 4.187505 3.7470798 2.7305632 2.7640903 3.0511155 2.7617002 2.4717324 2.9314384 3.649018 3.9297721 3.9689934 4.47421 5.2698884 4.016484 3.7912455 4.1946564 5.9645524 5.342011 5.646906 5.0763597 4.4044456 4.019698 4.3493505 6.0327735 5.9992895 4.703058 3.9910939 3.9049215 4.057807 4.566898 6.5084667 10.28978 10.28978 10.28978 10.28978 5.193985 3.6589434 3.1951292 3.1364222 3.0879827 3.1420624 2.9715066 2.6110857 2.4107544 2.549192 2.8369045 2.8693366 3.6195593 3.9882517 4.573297 4.3973017 3.3667037 3.549203
4.4044967 4.629564 4.0890255 6.270352 4.915541 5.1966314 5.1771417 4.554628 3.9135847 2.8542252 2.8555298 2.7662728 2.4861572 2.4085984 2.7850115 3.3016238 3.7082846 4.0648685 5.034565 4.8390837 4.160486 4.449908 4.315845 4.2098365 4.871148 5.2573004 5.14096 4.247997 4.04854 4.6170564 5.0708365 4.930539 4.564824 3.8071525 3.5400717 3.8338296 4.727296 10.28978 10.28978 10.28978 10.28978 10.28978 6.1625533 3.7074788 3.0128407 2.9264174 3.0278356 3.159187 2.8614433 2.440424 2.3381705 2.6364765 3.7198012 3.8768003 3.933194 4.006396 4.600613 4.8019037 3.242159 3.7129402
4.3662095 3.8255575 4.028674 4.875032 4.55865 4.1967535 5.0856867 5.0840282 4.142764 3.7274728 3.251706 3.1198435 2.51649 2.3220885 2.488358 2.9157739 3.6635046 4.814233 5.0270553 4.428929 4.5095406 5.131566 4.654175 4.58638 4.891764 5.3145843 4.6470523 4.3033934 4.5907197 5.1244326 4.6798267 5.0136323 4.9142275 4.0796647 3.4906948 3.509595 4.352789 10.28978 10.28978 10.28978 10.28978 10.288153 5.1065745 3.3416798 2.880282 2.9828773 3.0443788 2.9469128 2.6512923 2.4058862 2.4634385 3.552076 4.1448 4.539255 4.196887 3.5549629 3.4751427 3.8201475 3.504059 3.1371925
3.5586884 3.690542 3.9745455 4.3522563 4.1388593 3.9409623 4.544589 4.370049 3.732512 2.8118892 3.1730142 3.2947073 2.6273866 2.230615 2.3440378 2.9083898 4.2812257 4.5596786 4.055458 4.1034756 4.941186 5.7938647 5.7679167 4.9030967 5.014277 6.282734 4.762249 4.826872 5.6823993 5.20366 4.8772745 5.579656 5.7151704 4.3225 3.5205576 3.4104831 4.217341 6.9964976 10.28978 10.28978 10.2891035 10.2891035 5.5296054 3.3864787 2.874852 2.9028516 2.827698 2.8135698 2.6749375 2.5087912 2.6876407 4.0450253 4.371147 4.2792387 3.627806 2.4876232 2.2981758 2.8220193 2.1683514 2.1071773
3.5300322 3.6674013 3.8342571 3.9157333 3.7040238 3.490578 3.262721 3.028724 2.8116028 2.723407 2.8687377 2.6920667 2.3778067 2.156094 2.4622684 3.4120028 5.0832686 3.993371 3.9325414 3.9869714 4.1957226 4.8977137 10.342186 4.883133 4.8291354 5.554247 4.9635797 5.3233933 7.484861 5.4080567 7.1768055 4.9596305 4.8118567 4.641498 3.6106389 3.3573532 4.026864 6.5549326 10.339564 10.288153 10.288153 10.28978 10.3407755 3.7004085 2.91975 2.855595 2.7690082 2.680782 2.7230334 2.6716838 2.6692557 3.7076163 4.06848 3.781007 2.5873044 2.4156163 2.1663706 1.9997596 2.078078 2.1027927
3.5766976 3.6278603 3.6090045 3.5302894 3.3307102 3.2134478 3.0275738 2.9001734 2.937247 2.7198074 2.659589 2.5639243 2.3469477 2.3798392 2.926162 4.31828 4.242342 3.8758574 4.0540967 4.063697 3.962929 4.0839443 5.2185335 5.4432735 4.7424526 5.435739 5.272496 5.4205065 6.263357 5.1690216 4.639956 4.382705 4.467464 4.4213943 3.9167676 3.5352328 3.7156847 4.6400204 6.664855 10.339564 10.28978 10.28978 10.3407755 3.883498 2.9639146 2.8075864 2.814402 2.8347769 2.825287 2.5961547 2.5049217 2.7164783 3.0340931 2.70373 2.4003763 2.3606873 2.2894182 2.3793018 2.3685892 2.314193
3.730549 3.632996 3.4445033 3.2681847 3.2605462 3.329097 3.2679918 3.357274 3.2805128 2.7675292 2.7051826 2.8464048 2.6881113 2.8620114 3.6971266 5.05475 3.9502468 3.8804214 4.104483 4.1541214 3.9134154 3.9110353 4.146308 5.103092 5.5382085 5.6393967 6.0335946 5.2682605 5.1645265 5.0946145 4.67901 4.6875215 5.1744275 5.5434575 4.97977 3.7148147 3.4469225 3.5439649 4.0327506 5.5852385 10.342186 10.28978 6.481469 3.6383386 3.0949824 3.1829178 2.745025 2.5284963 2.6457098 2.8292181 2.479047 2.3704674 2.4592617 2.3447468 2.241362 2.3609238 2.5913363 2.7205477 2.644769 2.549781
3.9683414 3.6666992 3.360825 3.4029443 3.820165 4.020186 3.7953017 4.403916 3.858037 2.8911502 2.7553036 2.8615432 2.8194184 3.1367042 4.24398 4.8144507 3.881239 3.9476447 4.296587 4.575837 3.9183624 4.009852 4.0421543 4.1650457 5.006333 5.6335535 6.362405 5.330013 4.860192 4.864941 5.352678 5.2632165 4.8605213 5.4954844 5.96712 4.6101675 3.9198644 3.6152413 3.4845803 3.9911592 5.6403303 10.339564 5.8377156 3.9065537 3.565929 3.3590496 2.9555256 2.4810348 2.3243823 2.452469 2.3672523 2.3469737 2.3448 2.3666291 2.3727758 2.5711348 2.7724237 2.6615329 2.4836576 2.5937955
4.2856526 3.6430914 3.4373832 4.274814 5.4551067 4.2456923 3.6851778 4.053533 3.8581007 2.9954274 2.6587093 2.595939 2.608025 2.9862282 3.9573984 4.5990553 3.7454524 3.8676083 4.405146 5.403232 4.2692504 4.1335 4.291701 4.1678495 4.52378 4.886813 5.267867 5.3954177 5.310736 4.8518615 4.554098 4.6083817 4.4437914 4.424754 5.0533023 5.4906664 5.1160126 4.539533 3.806277 3.7215865 4.6452284 10.28978 5.550814 4.3265767 4.1060157 3.9028935 3.6726005 2.8983028 2.5657713 2.4512162 2.5986938 2.6100552 2.7555878 2.6917846 2.6540308 2.6734993 2.7411458 2.5639834 2.5175288 2.6383004
