samples/aoi_dem.asc
ncols        277
nrows        373
xllcorner    339188.872239818913
yllcorner    6745209.873372113332
cellsize     30.000000000000
NODATA_value  -99999
[rows 323 to 341 of 373, columns 0 to 43 of 277]
608.29583740234375 610.71783447265625 611.7598876953125 610.33404541015625 606.03790283203125 604.7012939453125 608.5025634765625 611.0570068359375 611.80902099609375 612.41912841796875 609.2410888671875 602.9798583984375 592.8397216796875 581.29583740234375 580.7510986328125 583.87322998046875 587.39947509765625 590.19976806640625 590.69366455078125 585.9407958984375 578.93194580078125 570.33978271484375 562.73077392578125 555.02337646484375 547.04498291015625 535.04229736328125 526.9381103515625 519.3348388671875 509.653900146484375 498.300079345703125 486.81207275390625 477.585784912109375 472.1175537109375 468.674713134765625 466.717193603515625 464.0029296875 463.064910888671875 461.70465087890625 458.08734130859375 455.583770751953125 450.88873291015625 443.059844970703125 437.569671630859375 432.9581298828125
603.78314208984375 606.76318359375 608.95172119140625 611.46087646484375 609.7127685546875 608.12969970703125 610.53228759765625 612.14111328125 611.63067626953125 610.06048583984375 604.8753662109375 598.348388671875 590.4755859375 582.9339599609375 581.1055908203125 582.0609130859375 583.6051025390625 584.92449951171875 586.00347900390625 584.9588623046875 581.06561279296875 575.227783203125 568.08416748046875 560.51031494140625 554.9493408203125 548.10919189453125 539.2935791015625 522.88861083984375 508.13037109375 498.62054443359375 485.716217041015625 475.964019775390625 471.016998291015625 466.152313232421875 464.021026611328125 464.4669189453125 464.351654052734375 463.292266845703125 461.51300048828125 461.07672119140625 457.87969970703125 446.99090576171875 439.37896728515625 432.376068115234375
596.9588623046875 601.0020751953125 605.33599853515625 608.86822509765625 609.7261962890625 607.39990234375 608.22271728515625 609.86474609375 609.04681396484375 604.92938232421875 598.54888916015625 592.48529052734375 585.8048095703125 581.15570068359375 579.40203857421875 577.918701171875 576.5013427734375 574.71820068359375 573.22430419921875 572.1912841796875 572.15625 569.28240966796875 563.98785400390625 557.51580810546875 554.0465087890625 546.85577392578125 534.54443359375 516.3486328125 501.300079345703125 491.75189208984375 482.512359619140625 473.082550048828125 466.528167724609375 462.32537841796875 460.132598876953125 460.55615234375 461.590087890625 462.635345458984375 462.9656982421875 462.897430419921875 459.554901123046875 452.39117431640625 441.711517333984375 431.00372314453125
589.84246826171875 595.61041259765625 601.5865478515625 606.21044921875 606.33428955078125 603.28094482421875 603.46917724609375 605.7237548828125 604.265869140625 600.23968505859375 594.82830810546875 589.61273193359375 582.44677734375 576.5257568359375 575.3992919921875 572.29254150390625 566.9642333984375 561.70989990234375 557.30914306640625 557.8253173828125 559.25927734375 558.7957763671875 557.37164306640625 552.34625244140625 547.0784912109375 538.7945556640625 525.35015869140625 508.96392822265625 495.389984130859375 485.83062744140625 479.20452880859375 472.648590087890625 463.22186279296875 457.795684814453125 455.537506103515625 454.288787841796875 455.3221435546875 458.7017822265625 461.513519287109375 461.12310791015625 460.6549072265625 455.58929443359375 441.758544921875 428.571685791015625
583.8370361328125 590.54449462890625 597.1590576171875 601.437744140625 601.9425048828125 598.96661376953125 598.9932861328125 600.47723388671875 598.68914794921875 596.22637939453125 593.27545166015625 588.7578125 580.4912109375 572.17498779296875 569.93011474609375 566.14984130859375 556.61468505859375 547.63226318359375 543.51531982421875 544.72332763671875 545.36102294921875 545.6219482421875 548.19451904296875 545.56536865234375 536.99163818359375 526.7099609375 514.89849853515625 501.52581787109375 490.73101806640625 483.014678955078125 477.151885986328125 471.7347412109375 460.05535888671875 453.2061767578125 451.2962646484375 448.930084228515625 449.43597412109375 453.4530029296875 458.06488037109375 459.0296630859375 457.83221435546875 452.592498779296875 437.738861083984375 423.335479736328125
578.3028564453125 584.47174072265625 590.31341552734375 593.7435302734375 596.43212890625 596.52410888671875 596.7186279296875 597.18377685546875 595.66900634765625 593.9632568359375 591.92779541015625 587.40673828125 578.7418212890625 570.6968994140625 567.63311767578125 562.045166015625 548.50775146484375 537.18304443359375 532.5128173828125 531.3099365234375 530.2269287109375 533.89794921875 538.95111083984375 535.5240478515625 524.16357421875 513.8426513671875 504.207061767578125 493.983123779296875 485.20697021484375 477.7861328125 472.614288330078125 466.845245361328125 456.340789794921875 449.249359130859375 447.408935546875 444.94390869140625 445.39947509765625 449.4317626953125 453.438079833984375 454.196868896484375 451.98614501953125 445.448822021484375 432.299560546875 415.62054443359375
573.11346435546875 577.78692626953125 582.8089599609375 586.92706298828125 591.1630859375 595.08050537109375 596.7598876953125 597.66937255859375 596.40460205078125 594.7955322265625 592.29931640625 587.3143310546875 579.00177001953125 571.83349609375 567.46136474609375 558.3868408203125 540.29071044921875 528.93914794921875 521.67022705078125 517.294189453125 517.15887451171875 523.564453125 529.36163330078125 524.2230224609375 512.424072265625 502.93145751953125 494.0863037109375 487.475311279296875 481.6666259765625 473.520751953125 467.764984130859375 461.356903076171875 452.851043701171875 446.667144775390625 444.1229248046875 442.816680908203125 442.793853759765625 445.251983642578125 447.22406005859375 446.696868896484375 443.510345458984375 437.648773193359375 423.531463623046875 405.664215087890625
572.0052490234375 573.89013671875 578.45916748046875 583.4012451171875 588.8177490234375 593.64349365234375 597.37066650390625 598.8470458984375 598.270751953125 597.2518310546875 595.35595703125 590.5697021484375 581.73583984375 573.055908203125 567.28314208984375 555.02923583984375 534.88946533203125 518.84051513671875 510.53466796875 506.720489501953125 507.475738525390625 513.7935791015625 517.85205078125 512.8936767578125 501.919677734375 491.441680908203125 485.068634033203125 482.30889892578125 477.122802734375 469.2449951171875 463.114410400390625 457.944549560546875 450.87847900390625 445.512786865234375 442.578521728515625 440.529083251953125 439.025726318359375 438.811065673828125 439.540252685546875 438.92779541015625 437.277099609375 427.832122802734375 411.425537109375 391.8958740234375
572 573.0889892578125 576.33184814453125 581.494873046875 586.999267578125 592.15753173828125 596.165283203125 598.1383056640625 598.11004638671875 597.832763671875 596.9703369140625 593.23358154296875 583.26416015625 572.4456787109375 562.46990966796875 551.055908203125 530.33709716796875 509.587799072265625 501.3541259765625 500.851837158203125 501.259002685546875 503.201690673828125 503.686859130859375 498.934051513671875 489.448333740234375 479.36004638671875 476.3148193359375 474.95281982421875 471.3819580078125 465.057159423828125 459.696929931640625 455.8101806640625 450.528778076171875 444.578643798828125 441.33294677734375 437.885040283203125 433.887786865234375 430.4932861328125 430.59149169921875 430.955841064453125 426.478057861328125 413.550567626953125 395.3966064453125 379.41241455078125
571.347900390625 572.74176025390625 575.3372802734375 578.94384765625 584.0089111328125 590.341552734375 593.9603271484375 595.99072265625 596.43365478515625 595.74566650390625 594.66656494140625 590.71136474609375 578.79656982421875 564.341552734375 551.09490966796875 539.6148681640625 522.083984375 503.949554443359375 496.57476806640625 497.00262451171875 496.019866943359375 493.126739501953125 489.282440185546875 485.428955078125 477.4820556640625 469.028106689453125 467.559173583984375 466.011810302734375 464.30181884765625 460.6737060546875 456.041412353515625 453.722747802734375 449.831024169921875 443.3443603515625 438.538970947265625 434.248870849609375 429.8077392578125 425.94525146484375 423.696533203125 421.813140869140625 411.43304443359375 394.759979248046875 382.086273193359375 369.822479248046875
569.1636962890625 571.3037109375 573.60980224609375 576.7127685546875 581.9642333984375 588.865478515625 592.77325439453125 594.194091796875 595.530029296875 593.3720703125 590.31097412109375 583.4766845703125 568.24615478515625 551.1719970703125 538.4107666015625 524.78955078125 511.635528564453125 499.08282470703125 493.6600341796875 491.819793701171875 490.294830322265625 486.019775390625 480.30035400390625 475.9268798828125 468.214141845703125 461.9296875 460.514556884765625 458.447906494140625 456.8887939453125 455.22149658203125 452.543975830078125 451.606170654296875 448.2310791015625 441.60150146484375 435.94769287109375 430.694427490234375 427.49493408203125 424.50018310546875 421.859039306640625 414.60845947265625 400.68548583984375 382.669708251953125 372.638427734375 364.6865234375
567.00225830078125 569.107666015625 571.9739990234375 575.99224853515625 581.81939697265625 586.9952392578125 590.8087158203125 592.97509765625 594.85479736328125 591.6787109375 585.01678466796875 574.48028564453125 556.40350341796875 540.17901611328125 527.85833740234375 513.4647216796875 502.1492919921875 492.52496337890625 488.129730224609375 484.175201416015625 481.776824951171875 479.042755126953125 474.417510986328125 469.48980712890625 462.2803955078125 457.92279052734375 456.653045654296875 454.556060791015625 451.80401611328125 450.461151123046875 449.8131103515625 449.613037109375 446.49163818359375 441.16339111328125 435.613128662109375 430.401580810546875 427.43682861328125 425.981903076171875 424.59515380859375 416.785369873046875 399.760650634765625 378.780303955078125 367.38433837890625 365.600311279296875
565.240234375 567.37066650390625 570.9830322265625 576.14263916015625 581.16400146484375 584.5196533203125 587.33734130859375 590.6578369140625 593.0792236328125 590.18060302734375 580.920166015625 567.75640869140625 548.6632080078125 532.94244384765625 518.70208740234375 504.46173095703125 493.844970703125 485.271759033203125 480.6580810546875 476.455902099609375 473.819091796875 472.2896728515625 469.413421630859375 465.955535888671875 460.618804931640625 457.650177001953125 455.26666259765625 452.22344970703125 448.8736572265625 448.19244384765625 448.346343994140625 448.332183837890625 445.976409912109375 441.4447021484375 436.992645263671875 431.339630126953125 428.296234130859375 428.02490234375 428.152679443359375 419.6751708984375 403.021453857421875 381.136077880859375 369.411865234375 371.07171630859375
562.56707763671875 564.66461181640625 569.17083740234375 574.60906982421875 578.31719970703125 580.8902587890625 584.28533935546875 587.2705078125 589.6787109375 588.64691162109375 580.27783203125 565.78533935546875 546.73541259765625 530.2899169921875 512.62255859375 499.75140380859375 488.960235595703125 481.45599365234375 476.599639892578125 472.996673583984375 470.9053955078125 468.7655029296875 467.204254150390625 465.6162109375 462.893798828125 459.997772216796875 456.018585205078125 450.990814208984375 448.281524658203125 448.22308349609375 448.185028076171875 447.485321044921875 445.453399658203125 442.84063720703125 438.2646484375 432.3675537109375 429.58978271484375 428.83392333984375 426.877410888671875 419.537689208984375 401.479949951171875 382.8231201171875 376.314849853515625 383.554473876953125
561.622802734375 561.67645263671875 566.27117919921875 571.32977294921875 574.50830078125 577.55029296875 580.9180908203125 582.57781982421875 584.51336669921875 585.80914306640625 579.91326904296875 566.37567138671875 547.6728515625 528.88067626953125 510.49169921875 498.46612548828125 489.737640380859375 482.4835205078125 477.7315673828125 474.146942138671875 471.48504638671875 468.758148193359375 467.978271484375 467.544189453125 465.8621826171875 463.380340576171875 458.485565185546875 452.695037841796875 450.7965087890625 450.2476806640625 449.095947265625 446.856689453125 445.12371826171875 443.68133544921875 440.125457763671875 435.386688232421875 433.5523681640625 430.70556640625 424.282440185546875 412.637451171875 398.766937255859375 386.93603515625 389.71038818359375 400.397369384765625
561.62060546875 561.6153564453125 563.790771484375 567.02386474609375 570.32611083984375 573.984619140625 577.57080078125 578.216552734375 579.74371337890625 581.0592041015625 577.53521728515625 566.94970703125 549.86370849609375 527.65106201171875 509.048126220703125 498.15380859375 491.89239501953125 484.707916259765625 481.6759033203125 477.903839111328125 473.9683837890625 471.014984130859375 470.39044189453125 470.8350830078125 469.283111572265625 466.3206787109375 461.961181640625 457.425201416015625 455.8040771484375 453.809967041015625 450.981689453125 447.857635498046875 445.781005859375 443.83160400390625 441.34942626953125 438.6363525390625 437.180511474609375 432.525604248046875 421.599517822265625 406.3253173828125 398.34375 400.080291748046875 409.004302978515625 421.941619873046875
562.82635498046875 561.877197265625 561.60797119140625 562.7510986328125 566.35107421875 571.51446533203125 576.11553955078125 577.23541259765625 577.211669921875 578.229248046875 575.8492431640625 568.73065185546875 553.23980712890625 529.171142578125 511.530120849609375 503.283721923828125 495.15252685546875 488.64080810546875 486.812164306640625 483.13372802734375 478.7191162109375 475.382843017578125 474.62689208984375 475.557159423828125 474.039276123046875 469.367919921875 466.271636962890625 463.615081787109375 461.66351318359375 458.639862060546875 453.293731689453125 449.71160888671875 447.92901611328125 445.053436279296875 442.0953369140625 439.343505859375 436.703369140625 431.170501708984375 417.3287353515625 405.606170654296875 406.20068359375 415.28631591796875 426.839141845703125 438.024932861328125
564.1217041015625 560.94140625 559.02630615234375 559.6578369140625 563.3287353515625 568.24688720703125 572.7626953125 574.3472900390625 575.4388427734375 576.47021484375 576.09814453125 572.3406982421875 559.36529541015625 536.5279541015625 521.02496337890625 512.20892333984375 502.23052978515625 495.878997802734375 492.560150146484375 488.8375244140625 484.67266845703125 482.4874267578125 482.4248046875 482.102691650390625 479.046600341796875 473.760162353515625 470.95147705078125 469.01727294921875 466.569183349609375 462.75579833984375 456.014068603515625 451.315826416015625 450.176971435546875 448.03741455078125 443.50823974609375 439.425628662109375 434.34735107421875 427.694610595703125 417.49139404296875 412.310943603515625 417.402374267578125 428.351348876953125 441.05889892578125 449.739044189453125
565.2972412109375 559.37744140625 558.23162841796875 558.22943115234375 559.7796630859375 563.3914794921875 567.683349609375 570.449462890625 572.03900146484375 574.10968017578125 575.566650390625 573.7056884765625 564.76904296875 546.30078125 531.27642822265625 519.29827880859375 509.50830078125 503.3963623046875 499.959259033203125 495.61016845703125 491.1070556640625 491.071258544921875 492.0289306640625 489.4217529296875 484.197113037109375 478.965911865234375 474.927764892578125 471.59759521484375 468.6619873046875 464.289215087890625 458.169769287109375 453.089874267578125 452.49462890625 451.931732177734375 447.564910888671875 441.916778564453125 434.0509033203125 427.398712158203125 423.801910400390625 424.210357666015625 430.20330810546875 440.340789794921875 451.045379638671875 458.034393310546875
