samples/aoi_slope.asc
ncols    277
nrows    373
xllcorner    339188.8722398189
yllcorner    6745209.873372113
cellsize    30.0
NODATA_value    -99999.0
[rows 324 to 350 of 373, columns 0 to 59 of 277]
12.05005 10.393483 7.555523 1.5767751 4.735128 2.6912084 3.8341947 1.5476534 3.29864 9.542352 14.805314 16.539873 15.769561 8.87697 1.5341235 6.143154 10.636325 14.633451 16.233265 13.684563 11.17917 12.247411 13.830295 12.561455 13.352181 18.101515 23.703575 27.55402 23.159336 21.265226 21.02419 14.371483 10.658459 8.948348 6.4629803 3.3028746 1.7998768 2.8503375 5.1028748 7.750734 15.410175 19.052166 14.20724 12.120093 9.593588 8.862982 24.29849 49.148144 41.698925 17.274618 9.900628 3.1137004 16.704027 22.813116 24.941587 26.399128 26.662693 24.663923 26.402094 30.18865
15.034985 13.087375 10.181769 6.5074463 3.5133224 4.836184 7.107002 6.1546655 8.405171 13.473595 14.925809 14.440566 13.03075 8.585604 6.2400155 9.638719 15.771313 21.34287 25.645185 24.350363 20.13588 17.00564 14.853476 12.101008 12.453779 19.809309 29.207066 30.993801 24.78158 20.746658 18.239088 15.22025 12.484463 9.947687 8.218624 9.7240925 8.778841 4.566487 0.2502716 3.2538698 10.265573 18.268946 19.73073 16.661592 12.197013 16.143616 34.49804 41.569695 30.466713 19.538061 14.244552 7.2004886 7.7978363 18.342459 23.213945 26.298933 25.48424 15.172207 9.531195 17.159925
16.235264 14.686217 12.578021 8.360504 7.8915977 8.443607 9.0411415 8.923775 11.052522 12.077121 11.184489 12.161666 13.246776 10.772518 9.810243 13.567504 20.57875 25.606323 26.535913 24.652832 24.078907 21.583452 15.8717575 14.728127 19.953777 26.282177 30.765867 29.122507 22.971552 17.043049 13.342389 14.966534 15.111388 11.241187 9.003472 10.968016 12.161686 10.457838 5.205596 3.7778735 5.5174174 17.482199 24.471954 20.565907 16.761595 24.211388 38.310272 37.96496 22.589897 10.770945 11.641947 11.529537 3.6541917 7.648238 13.187662 16.510748 18.938375 14.191133 12.864901 24.323166
16.431904 16.141401 14.642443 12.546799 9.65347 7.0050387 6.576695 8.105736 9.08134 7.865293 7.6059213 12.200652 15.81183 11.36763 9.303682 15.6440735 23.54488 24.864384 22.592495 23.892975 25.831818 22.667482 17.067024 18.616238 26.316414 29.05015 28.724718 25.356264 19.398134 14.7378845 12.283491 16.7471 18.23278 11.528026 8.703177 9.023453 10.300942 11.918819 9.2892885 6.5886054 10.201597 20.562037 27.1337 24.116098 23.361225 33.165024 40.622402 33.07077 18.881088 10.637128 6.232103 7.637574 5.444228 1.2671417 2.1186972 5.3293686 13.104956 21.116543 24.877485 25.631248
15.240089 16.279278 15.894152 14.706489 10.511012 3.7158132 2.2227082 2.8601484 3.7651405 3.8192978 6.3044553 12.466381 15.621071 10.494099 8.528027 18.983925 26.367752 22.295465 20.65713 24.64268 25.267817 21.570642 17.486996 23.400328 28.639374 27.356434 25.615494 21.49693 17.189335 14.726662 13.51005 17.832066 17.58307 10.453185 7.9379745 6.121749 7.609791 10.835111 11.164654 11.6931925 15.626536 22.388327 28.839386 28.434214 30.952156 38.933178 36.40469 20.71659 9.971362 7.7860093 10.343906 13.430082 10.998075 5.490134 1.7048429 4.3470254 14.64206 22.260605 22.96197 21.515736
10.638592 13.4521675 14.008209 12.493827 10.532961 5.9890037 2.5477111 1.6237013 3.696743 5.0101657 7.809634 12.833483 14.724114 11.106907 12.636028 25.065378 28.401693 23.539173 22.516092 22.619755 21.470892 21.403467 19.383005 25.225786 27.16658 25.75697 22.293827 15.859065 15.044675 15.212629 14.425594 16.143982 14.639007 8.991849 5.878171 4.3941097 6.487757 10.857147 13.109326 14.67632 16.056845 23.938438 32.479073 33.629448 37.476643 37.141956 21.752142 5.956163 14.43094 22.859354 21.626286 21.234407 20.715637 13.698574 7.4006257 2.4558203 12.125148 24.355595 27.064835 26.613224
3.7482595 7.5784206 10.856677 11.031018 10.440832 8.566806 4.988717 0.9690798 2.2288456 4.0133033 7.738024 13.902036 16.72115 13.555002 17.314833 28.966606 32.02778 27.404305 21.518232 15.575344 16.174044 20.851923 23.17943 26.48045 27.64976 25.776917 18.418467 13.883964 15.4884815 15.257804 13.029841 12.620779 11.902578 8.118178 5.4376993 5.7844353 8.59637 13.82724 15.49424 14.844803 18.716068 30.499197 37.25887 37.516853 36.165604 23.601429 2.4408767 15.52618 25.3435 30.00447 28.220924 26.093224 26.898235 23.288715 16.965794 10.0794935 1.8557359 14.297123 25.793285 29.505684
2.17144 4.271568 8.499839 10.906501 11.031346 9.223021 6.545843 3.2961466 1.7778256 1.8030512 4.4320993 12.868307 19.285511 20.594896 24.08863 30.709429 35.879646 28.505318 15.347859 9.200419 11.029049 19.127361 25.708174 27.275759 27.557327 23.41102 16.747946 15.843306 15.105776 13.578425 10.980753 9.549166 10.647578 8.948729 7.4238853 9.220767 11.140552 12.481512 14.798022 16.349964 27.443308 37.104637 36.878082 33.392574 25.151545 4.231171 16.301146 27.2841 32.56575 31.396399 33.330597 32.13806 31.98399 30.850662 27.15503 21.869312 14.26262 3.3447275 10.564868 20.896149
3.792145 4.1662817 6.440606 9.372001 11.7319565 9.909388 6.2672095 4.436836 2.473286 4.5719824 7.9210253 17.24903 26.829113 30.204971 29.898912 33.11446 33.868935 24.69264 9.80226 8.576591 10.968953 17.097593 22.310644 23.313541 24.093042 18.483875 15.007699 15.662854 14.435463 12.082979 9.438159 7.1245537 10.046367 11.013895 9.991266 10.675941 9.907194 8.118889 9.1468315 18.808842 31.921673 35.375496 29.365826 23.755335 10.127832 15.570157 26.926086 33.953835 34.341183 29.653528 30.354258 34.553905 33.957203 31.894838 30.080084 29.708382 24.691673 13.678587 2.4828446 6.460894
5.8046017 5.4668827 6.0596576 8.400439 11.629449 10.6797495 5.890991 3.8956423 1.6993059 6.292908 12.9723625 24.538025 33.22949 32.614113 30.367735 31.954887 28.465376 19.543858 10.516932 12.463423 14.376097 16.057463 16.670805 18.437805 19.003935 12.692552 10.80259 11.324474 12.14077 10.479709 6.8442326 5.6703277 9.970037 11.745867 10.65903 8.798731 6.3079476 5.3662505 9.399555 19.935965 29.542276 28.280125 21.163115 9.188649 10.908817 22.926308 30.059052 35.56346 33.224335 25.183563 22.364338 30.55926 35.781757 33.340763 26.86439 27.689905 32.25955 28.24723 12.20096 3.908631
5.4792285 6.0312333 7.0015078 9.333956 10.418467 9.448097 7.6709347 5.117782 2.6457138 9.780457 18.086374 28.551579 33.356712 29.444368 28.955513 28.645288 24.605293 18.159296 14.441899 15.487645 16.045807 14.554568 13.571487 14.670662 12.987053 6.7201223 5.9326954 7.4916997 8.531321 6.9421296 4.0825186 4.4446774 8.292738 10.27762 10.215464 7.7838206 4.2812996 4.315319 10.52173 22.900887 32.39975 28.37837 12.743254 6.7415876 19.834145 25.918747 33.7573 37.364204 29.296465 21.157932 22.137674 25.198322 34.687122 37.97796 32.895973 27.018686 30.324465 35.082523 30.886036 17.179209
5.8526316 6.900082 8.72583 9.717174 8.605123 8.233755 8.490806 7.682746 4.9514 11.796968 20.906416 29.109264 31.055988 27.737608 28.294943 25.321115 21.210669 16.010603 13.598813 12.32052 10.981209 10.556694 9.089907 9.099486 7.902148 5.464944 5.203089 6.955653 5.098448 2.1946425 1.5600348 3.03853 6.621728 8.660528 9.877274 8.452172 3.768959 2.7248704 8.209252 22.848522 32.739277 29.431595 12.639758 19.31087 29.087364 33.156635 36.35452 32.93362 21.135157 17.46661 19.682226 20.055798 26.353712 35.616714 37.27268 32.82842 28.123413 29.732086 32.368076 26.814514
5.2747383 8.268841 10.392795 9.773624 8.672289 8.694641 8.578067 9.197028 8.227692 9.803481 20.87663 29.227612 30.61792 29.793882 27.791437 22.138208 17.354712 11.924857 8.485217 5.847245 4.604514 4.873322 3.3012397 4.3783016 7.2989316 8.484107 9.057559 7.3612876 3.214847 1.9639988 1.0042537 2.9620845 4.500193 7.151959 10.325656 9.064632 6.0257525 3.63675 9.527062 23.713095 31.633245 23.28771 18.702412 30.978893 36.14033 35.320354 30.61538 23.82874 17.719582 13.927724 10.139704 14.0823965 16.963516 22.404875 30.58812 34.13098 30.623005 26.592117 26.821583 25.72268
0.9095275 5.2935877 10.436265 10.571279 9.580108 8.924425 7.9585114 9.222135 9.877389 8.412335 18.11296 28.266504 32.09132 31.850397 27.039667 19.132902 15.153486 11.712156 9.239636 7.5416317 5.8981767 3.9720998 3.2524464 5.3620334 7.243768 9.197914 11.51786 9.486582 7.510793 5.559243 4.1898775 3.8042243 3.0454638 4.854243 8.390338 8.608392 8.454239 9.441861 17.417685 25.589285 23.34185 17.99488 30.50703 37.62956 35.88036 29.987381 24.862772 20.463186 15.284583 9.0261965 3.7660983 11.837465 14.324571 13.526863 17.845043 26.172752 30.187756 29.485575 28.77325 26.83218
1.1491973 2.0802884 6.787462 10.189588 10.133155 8.931519 6.089543 5.490589 7.4402695 7.4961786 13.751099 24.83748 33.48529 34.22655 26.193747 16.540827 13.581728 11.244258 10.709042 11.16227 9.452472 7.152432 6.3254647 7.678244 8.848484 8.958406 11.146117 11.801451 10.806425 9.16387 6.921511 5.647015 4.675432 4.42125 5.2906656 5.4719687 6.536937 14.563417 24.312944 22.044228 9.191557 26.784931 35.682552 36.265965 28.452673 21.642859 20.14156 16.58912 10.280861 5.339497 3.7297404 11.206668 15.909012 14.427616 12.64361 18.681448 27.166746 28.155937 27.88201 27.833384
2.9956696 1.3293678 4.615619 8.307445 10.586691 10.689264 7.099716 3.8345418 4.2113757 4.561552 9.096506 21.175756 34.140266 35.402573 25.426203 19.783443 16.63318 13.080684 11.491754 12.77401 12.421828 11.475521 11.342639 10.650021 10.905312 10.162866 10.086791 11.744867 11.180577 11.539994 9.69336 6.0722227 6.093179 6.8349667 5.8092895 5.1895823 8.203742 18.407312 23.342058 11.892439 19.609348 30.25846 33.22524 28.123396 19.183533 15.232969 14.887929 10.182984 5.6798606 4.1466813 5.2202606 11.232086 18.41551 18.027668 13.7522745 14.169405 22.66428 25.834259 24.756512 25.868963
6.4882464 5.4036717 3.4451401 5.938837 10.2174635 11.721785 9.840548 6.931791 5.3239794 3.9775567 3.9463677 16.222162 32.089638 34.987488 27.569221 22.36883 19.919607 16.385153 13.958955 13.820837 13.062149 14.796387 16.177698 13.378496 12.35691 11.819507 9.341807 8.630031 8.895267 11.284099 11.709505 6.413327 5.3518 9.071971 9.649823 9.011528 11.33486 16.060051 15.544876 17.227268 25.694551 29.868792 28.29604 20.375574 15.416237 13.618648 11.279218 5.743002 4.2084165 4.3826046 5.618381 8.285397 18.428097 21.168484 17.313322 14.515142 20.45557 24.609837 22.19052 25.037767
11.64757 6.81013 1.3359125 2.0139985 6.8975096 12.006695 12.217777 8.373279 6.394385 5.6437907 2.3248317 10.21996 25.515015 32.31083 29.352085 24.002565 20.130026 16.301119 14.899449 14.162474 13.035281 14.960503 14.8278475 13.526893 13.21728 12.860447 9.549526 6.77801 7.301713 10.000028 10.865194 6.7156925 5.871167 8.472983 12.647702 14.598198 14.435142 12.1430645 16.741302 23.102348 25.97521 26.163317 21.359653 13.554925 12.533187 11.727917 8.534561 5.0724487 4.990729 4.86664 6.2278676 5.365539 15.799388 20.425215 18.398499 15.441106 20.278309 26.455002 23.604822 22.72417
15.392006 9.275845 1.456944 0.010024896 1.4879603 6.008126 11.927085 10.600231 6.7159767 5.204173 3.1508353 5.733094 17.913708 26.544102 28.037813 27.141996 21.264137 15.979197 12.814911 11.656225 10.402285 9.365759 7.4177036 10.353944 11.352213 12.418317 12.121098 8.727137 7.9305973 9.717919 8.149196 5.2147546 7.165587 7.9547524 11.509515 15.833348 17.568188 18.783237 21.082857 22.070091 21.382698 19.163565 14.285563 9.076552 8.242113 8.401718 6.6011853 6.2258315 6.736077 7.015587 7.662949 5.513838 14.093433 19.430143 17.617682 16.545786 21.919916 27.43918 24.8317 22.634394
15.486706 12.675903 3.4995306 0.009966612 0.010867791 0.010791567 5.3531623 11.527635 9.656533 6.1486135 3.0828674 3.3159182 13.309007 21.51355 23.036024 24.67183 23.203524 16.478642 12.404662 8.744281 4.853512 3.1364934 7.4079432 8.137135 7.309481 9.223191 12.844682 11.334171 9.841655 10.5692835 5.431759 4.241369 6.0145884 8.427306 10.500276 13.202233 17.432066 19.117561 18.421625 16.726965 15.180715 12.864967 9.781232 7.955478 5.908158 5.31814 5.370287 6.5784664 7.7892375 8.187795 7.44698 6.1722074 11.609283 19.200592 20.440151 19.370857 22.64967 28.376022 26.575933 21.325197
12.5903845 15.364293 8.336564 0.047338776 0.010845419 0.010845419 0.009973596 6.2313604 12.403615 9.993268 6.9774284 2.091739 10.991363 18.115631 21.67598 21.938868 21.144823 17.727371 12.490631 9.375875 8.013064 10.417048 10.457563 7.2660522 6.812186 7.038448 9.345323 12.18678 12.393195 11.186661 5.1530833 4.9788404 5.803668 8.352604 11.583939 13.215841 15.243708 14.316801 12.663221 10.446639 8.955596 7.866999 7.041421 6.6162424 4.764831 4.67313 5.01081 6.2514753 7.5811853 8.154956 7.3219347 5.3615656 10.895953 17.944242 21.514782 21.122963 23.074667 30.042505 31.060041 25.060637
10.49942 13.5326395 10.686325 2.166175 0.010791567 0.010056022 0.010845419 0.23154086 8.776759 13.242174 8.879514 3.253893 9.126182 16.360228 22.677889 26.237242 22.982424 15.716114 11.795078 11.498087 11.642314 10.781069 5.906702 4.557139 6.791332 6.6182666 5.020735 7.9430494 12.680294 13.054248 10.550312 9.087767 10.02268 10.949343 12.949938 13.943208 13.267747 10.833649 8.193406 5.6727924 4.1208177 5.434267 6.791588 6.7904334 6.037157 6.7935004 7.299828 7.884247 7.7207904 7.2399364 5.1383233 2.6957893 9.497892 15.173443 17.769058 19.317493 23.196896 30.009983 35.949944 35.764175
14.892965 15.245907 8.897356 1.1410995 0.8485864 0.009966612 0.010024896 0.8197482 7.2593756 11.11258 8.459845 8.445457 11.901333 15.500626 22.956448 28.971605 23.09925 11.995585 9.59707 11.218883 12.193431 8.048908 3.5634823 4.778414 6.652241 4.399168 3.8244941 5.112771 9.852077 13.49441 15.910592 17.323202 15.746674 13.016352 13.275242 12.384548 11.375782 10.026642 7.2000484 4.5756726 4.2501755 7.4086175 9.368079 9.475579 8.994625 10.255312 10.663041 10.246223 8.280526 5.407761 3.8663955 4.900774 7.3309073 11.448802 13.855744 13.905772 17.6234 23.621147 32.192833 38.85599
14.700556 13.910594 7.0317607 0.73967564 4.4135337 7.5491986 8.160662 7.8697643 9.76356 6.1979227 5.7160897 10.87242 13.010191 15.024915 21.228285 24.748066 24.368122 13.566131 8.446844 12.073707 13.549308 9.339436 5.3371577 6.4475837 6.315755 5.368623 7.8357863 8.460056 8.741282 11.444844 16.587675 18.764317 14.651165 10.197698 10.708236 10.458507 11.029243 10.836085 7.5976644 5.114265 7.763139 9.567113 11.267545 10.782423 10.778798 11.153493 9.938899 8.673756 8.043117 6.988018 6.5701523 5.8117514 6.810031 9.850213 10.704692 9.476053 11.895999 17.587595 22.793674 31.35562
12.31159 11.222389 5.2623334 4.6965785 9.3750515 11.017697 11.6707325 14.150599 11.107091 4.7004685 5.2313104 9.125534 10.991722 13.117507 11.868839 16.780672 25.431961 21.44368 13.654033 13.445506 15.716437 13.577329 8.454063 7.483483 7.420313 7.184829 8.664366 9.192915 8.966111 11.279979 14.135507 12.731721 10.197245 7.3206024 7.1059823 9.81371 10.79545 11.555879 8.493571 7.690331 9.8988495 9.8480835 11.695436 11.507876 11.51169 10.526679 9.4091 7.219191 7.495943 8.870453 8.377431 7.8934116 9.750246 10.590511 10.555352 10.423373 12.018092 15.044287 15.91373 20.49238
10.25302 9.972762 3.4068158 6.997575 8.918625 5.011343 4.696777 5.7941995 7.0658145 6.8284574 9.176901 10.507767 10.012234 10.147328 7.0654745 5.78038 15.5588 21.152586 18.232988 15.859177 16.415625 17.349104 14.405719 10.767904 9.898695 9.823899 9.187878 9.86592 10.5176115 11.025819 10.330742 7.726532 8.635531 6.85077 6.5367823 9.510406 10.672347 11.801325 10.721812 11.006322 10.92147 11.440404 14.744015 15.616993 14.358566 14.1867895 13.285754 11.042714 10.59629 10.944501 12.312427 12.320733 14.010045 13.856706 12.47941 13.040964 13.037363 12.977947 12.865957 13.81534
12.115586 11.270149 7.268465 9.532831 11.169489 10.481269 8.328673 7.1094003 7.4616942 12.048359 10.595445 11.332121 11.997628 10.934194 8.866172 8.657796 9.973528 11.583925 13.798323 16.058102 16.520924 17.236351 17.383316 14.601985 11.817646 11.505927 9.508752 11.928629 12.941291 9.950339 6.9291987 6.0855527 8.507099 8.111419 8.180058 9.233215 10.057977 12.329879 13.239284 14.168735 13.334402 15.557889 19.799562 19.519867 16.77831 16.55349 15.056658 14.753762 15.687197 14.713626 14.979583 14.62838 15.424627 16.050646 13.096459 12.191463 9.627939 9.960254 13.201985 15.935529
