samples/aoi_catcha.asc
ncols        277
nrows        373
xllcorner    339188.872239999997
yllcorner    6745209.873370000161
cellsize     30.000000000000
NODATA_value  -99999
[rows 111 to 147 of 373, columns 0 to 83 of 277]
5400 4500 900 2700 1800 900 900 1800 2700 900 3600 4500 8100 270000 264600 6300 900 4500 40500 6300 5400 2700 2700 3600 900 5400 1800 900 900 2700 1800 1800 900 900 900 900 5400 900 900 900 900 900 6300 1800 900 900 3600 6300 900 3600 900 900 1800 2700 900 2700 900 2700 900 3600 138600 900 9900 1800 8100 900 5400 2700 1800 4500 900 2700 900 3600 900 308700 4500 900 1800 900 2700 1800 900 900
6300 5400 4500 900 2700 1800 900 900 1800 900 1800 3600 7200 4500 900 242100 201600 900 41400 36900 24300 23400 17100 12600 11700 4500 1800 900 900 4500 2700 2700 1800 900 1800 1800 7200 900 1800 2700 1800 1800 9000 1800 900 900 900 5400 1800 1800 900 900 900 900 900 900 1800 900 2700 900 9900 900 8100 900 900 6300 4500 1800 900 3600 900 900 1800 900 5400 310500 5400 900 2700 1800 3600 2700 900 1800
203400 24300 5400 4500 900 3600 2700 1800 900 900 2700 2700 3600 3600 9000 3600 27000 195300 183600 900 50400 49500 45900 27000 7200 4500 2700 900 1800 5400 3600 3600 2700 1800 2700 2700 900 9000 2700 3600 2700 18000 6300 3600 1800 900 900 900 900 900 900 900 900 1800 900 900 900 900 1800 4500 4500 5400 900 900 1800 3600 3600 900 2700 900 1800 2700 3600 4500 6300 323100 6300 1800 3600 2700 4500 3600 1800 2700
900 177300 18000 5400 4500 3600 2700 900 900 1800 1800 2700 2700 900 7200 2700 26100 10800 103500 67500 900 1800 2700 18000 18900 1800 900 900 2700 6300 4500 24300 29700 34200 36900 43200 45000 9900 7200 900 33300 11700 10800 9900 9000 8100 5400 3600 1800 900 900 900 1800 4500 1800 2700 900 900 900 900 3600 2700 1800 900 900 1800 2700 1800 900 1800 2700 3600 4500 900 900 13500 324000 7200 6300 3600 5400 4500 2700 3600
6300 172800 3600 11700 6300 1800 900 900 900 900 1800 1800 2700 6300 1800 24300 900 9900 35100 11700 3600 900 900 1800 17100 18000 900 5400 900 12600 15300 1800 3600 900 2700 5400 900 55800 8100 1800 34200 1800 900 2700 1800 900 1800 900 900 900 1800 900 2700 8100 6300 900 900 900 900 1800 2700 1800 1800 900 900 1800 900 900 1800 2700 3600 4500 5400 10800 11700 900 17100 806400 819900 823500 829800 844200 850500 855900
5400 900 171000 2700 4500 3600 2700 1800 900 900 900 1800 2700 900 4500 18900 8100 900 34200 6300 4500 900 900 900 8100 8100 17100 7200 4500 5400 1800 900 2700 900 1800 4500 11700 69300 9000 36900 900 2700 3600 3600 2700 1800 900 900 900 3600 900 900 900 16200 900 900 900 2700 900 6300 3600 1800 900 900 900 900 1800 2700 3600 900 900 900 900 1800 900 900 900 457200 6300 2700 1800 3600 2700 900
900 3600 1800 168300 1800 900 3600 2700 1800 900 900 1800 1800 3600 5400 12600 7200 900 28800 4500 5400 2700 900 900 6300 7200 3600 1800 3600 1800 2700 900 1800 900 1800 1800 900 900 80100 38700 900 3600 11700 3600 2700 1800 900 6300 4500 900 900 1800 1800 17100 900 1800 1800 4500 8100 900 900 900 900 900 900 900 900 900 900 4500 1800 1800 1800 900 3600 5400 6300 456300 5400 1800 900 2700 1800 900
900 2700 900 9900 157500 8100 3600 2700 1800 900 900 900 900 4500 2700 9000 6300 900 900 25200 3600 4500 900 900 5400 6300 2700 900 2700 900 900 900 900 900 900 900 1800 2700 122400 900 1800 16200 10800 9900 9000 8100 7200 1800 900 900 1800 1800 4500 18000 900 1800 4500 5400 9900 1800 900 900 1800 900 900 1800 1800 1800 1800 1800 5400 2700 2700 2700 900 1800 3600 445500 2700 1800 900 1800 900 1800
900 1800 900 9000 148500 1800 900 2700 1800 900 900 1800 3600 1800 6300 1800 1800 3600 900 11700 12600 2700 2700 900 4500 2700 2700 1800 900 900 900 900 900 900 1800 2700 3600 4500 128700 900 2700 27900 15300 14400 11700 8100 3600 900 900 900 1800 2700 7200 18900 900 1800 7200 6300 10800 3600 1800 900 3600 900 900 1800 2700 2700 2700 2700 2700 9000 900 3600 3600 900 434700 7200 2700 1800 900 900 900 900
900 900 1800 5400 139500 6300 5400 1800 900 900 900 900 900 1800 3600 900 900 2700 1800 900 7200 11700 1800 900 900 2700 1800 1800 900 900 1800 3600 2700 900 1800 2700 3600 4500 134100 1800 31500 900 18000 1800 1800 2700 3600 900 900 2700 4500 2700 3600 27000 900 1800 9900 7200 11700 6300 1800 900 4500 1800 900 1800 2700 3600 3600 7200 10800 3600 9900 1800 9900 430200 3600 1800 4500 1800 900 900 1800 2700
2700 900 2700 1800 135900 2700 1800 900 1800 900 1800 900 900 900 900 900 900 900 900 900 5400 900 10800 4500 3600 1800 1800 900 900 900 1800 2700 7200 900 900 1800 2700 3600 138600 2700 33300 900 19800 900 900 900 1800 1800 900 1800 2700 8100 11700 16200 45000 105300 120600 128700 141300 9000 1800 900 5400 2700 1800 900 2700 3600 4500 5400 6300 18000 22500 399600 408600 10800 2700 900 2700 900 900 900 1800 2700
900 1800 900 2700 44100 88200 6300 5400 4500 900 2700 1800 900 900 900 900 900 900 900 900 900 2700 900 4500 1800 900 900 900 1800 2700 900 1800 5400 9000 900 900 900 1800 141300 900 37800 20700 13500 2700 1800 900 900 900 1800 2700 3600 15300 17100 21600 57600 2700 1800 900 4500 159300 2700 1800 6300 3600 2700 900 1800 3600 4500 900 1800 2700 366300 2700 5400 8100 1800 1800 900 900 900 900 1800 15300
900 900 1800 3600 39600 6300 74700 1800 900 900 39600 36000 33300 31500 29700 27900 23400 18900 14400 11700 900 900 900 900 900 900 900 900 900 1800 5400 6300 11700 28800 900 1800 1800 2700 3600 146700 38700 37800 2700 9900 2700 1800 900 900 1800 3600 10800 900 3600 1800 33300 1800 900 2700 3600 1800 162000 5400 7200 4500 3600 900 1800 2700 4500 9900 10800 344700 18000 1800 4500 900 6300 900 900 2700 3600 1800 12600 1800
900 1800 2700 11700 27000 900 4500 72000 1800 40500 9900 9000 4500 3600 900 2700 2700 2700 900 900 8100 900 900 900 900 1800 900 900 900 900 1800 4500 1800 2700 34200 36000 38700 900 1800 149400 80100 2700 1800 1800 6300 4500 900 900 900 1800 4500 2700 900 1800 30600 900 1800 2700 900 900 1800 164700 178200 5400 4500 1800 2700 900 3600 4500 329400 3600 2700 14400 900 3600 2700 2700 1800 900 1800 9900 900 900
4500 6300 10800 25200 900 2700 900 900 68400 18000 5400 1800 3600 1800 1800 1800 1800 1800 1800 4500 900 900 1800 1800 1800 3600 1800 1800 900 900 1800 900 1800 1800 1800 6300 7200 39600 40500 190800 83700 2700 1800 900 900 900 2700 900 900 1800 1800 1800 900 27000 2700 900 1800 4500 7200 10800 13500 18900 19800 204300 5400 2700 3600 900 2700 320400 3600 2700 1800 12600 900 2700 1800 1800 900 1800 2700 900 900 900
900 1800 1800 3600 20700 1800 900 4500 4500 1800 2700 900 900 900 900 900 900 900 900 900 900 900 2700 2700 6300 2700 2700 1800 900 900 900 900 900 900 3600 1800 2700 10800 900 280800 5400 1800 900 900 2700 1800 900 900 900 900 900 900 2700 23400 1800 900 3600 1800 2700 1800 4500 2700 9900 12600 217800 224100 231300 293400 296100 20700 2700 1800 900 9900 1800 1800 900 900 900 900 1800 900 900 1800
900 900 1800 2700 3600 16200 900 3600 1800 1800 900 1800 900 900 900 900 900 900 900 900 900 1800 3600 3600 9900 3600 2700 900 1800 1800 1800 900 900 2700 900 900 1800 2700 15300 282600 900 2700 900 3600 1800 900 900 900 900 1800 900 900 16200 6300 900 2700 900 1800 900 3600 1800 6300 1800 1800 2700 3600 57600 1800 6300 11700 1800 1800 900 7200 1800 900 900 900 900 900 900 2700 1800 1800
900 900 900 1800 900 14400 900 2700 900 900 900 900 1800 1800 1800 900 900 1800 3600 5400 7200 10800 4500 4500 14400 3600 1800 900 2700 2700 3600 900 900 900 2700 3600 4500 5400 306900 2700 1800 900 900 6300 2700 1800 1800 900 900 900 4500 15300 900 3600 900 1800 900 1800 2700 900 5400 900 900 900 1800 56700 900 1800 3600 7200 3600 900 900 4500 1800 900 900 900 1800 1800 1800 1800 3600 2700
900 900 900 3600 4500 8100 900 900 900 900 900 2700 4500 2700 900 900 1800 3600 4500 9900 13500 16200 32400 5400 18900 2700 900 4500 3600 4500 3600 1800 900 900 900 1800 2700 900 308700 900 1800 900 7200 10800 7200 6300 3600 1800 900 900 2700 9900 900 1800 900 900 900 2700 3600 4500 900 1800 2700 3600 4500 54000 900 900 1800 5400 900 2700 1800 1800 900 900 900 1800 1800 2700 2700 2700 2700 4500
900 1800 1800 900 4500 900 900 900 900 1800 900 4500 8100 1800 900 900 1800 2700 4500 2700 1800 900 1800 40500 22500 900 1800 9000 5400 4500 900 900 900 900 1800 2700 3600 7200 317700 2700 45900 45000 36900 23400 6300 1800 900 1800 900 900 900 5400 1800 900 900 900 1800 900 1800 2700 3600 4500 5400 6300 7200 48600 10800 2700 900 1800 2700 1800 900 900 900 900 1800 1800 2700 2700 3600 3600 3600 3600
900 1800 2700 900 900 900 900 900 1800 3600 900 6300 12600 1800 1800 900 900 900 1800 900 900 1800 2700 3600 45000 24300 2700 15300 5400 1800 1800 1800 900 900 900 1800 4500 5400 324000 53100 3600 2700 1800 1800 16200 3600 2700 4500 2700 900 900 900 1800 900 900 900 900 1800 2700 3600 4500 5400 10800 15300 18000 29700 7200 1800 1800 900 1800 900 900 900 900 1800 1800 2700 2700 3600 3600 4500 4500 4500
1800 2700 900 3600 900 900 900 1800 1800 6300 1800 23400 16200 2700 1800 1800 900 900 900 2700 3600 4500 11700 15300 16200 62100 87300 90900 23400 2700 2700 1800 1800 900 900 1800 1800 3600 4500 384300 1800 900 900 900 900 15300 12600 6300 4500 2700 900 2700 1800 900 900 1800 1800 900 1800 2700 3600 4500 3600 1800 3600 7200 2700 1800 900 900 900 900 900 1800 1800 1800 2700 2700 3600 3600 4500 4500 5400 5400
2700 3600 900 1800 5400 1800 900 1800 4500 7200 26100 900 11700 10800 8100 5400 1800 900 900 1800 3600 6300 2700 5400 11700 15300 18000 20700 114300 141300 5400 2700 1800 900 900 900 900 900 2700 385200 900 2700 900 900 900 1800 900 900 900 900 3600 900 900 900 900 1800 4500 900 900 900 1800 2700 900 900 1800 5400 900 1800 900 900 1800 900 1800 1800 2700 2700 2700 3600 3600 4500 4500 5400 5400 6300
900 4500 900 2700 8100 2700 1800 2700 12600 41400 14400 12600 900 2700 1800 900 1800 900 900 900 1800 1800 4500 900 4500 2700 1800 1800 1800 900 148500 5400 1800 1800 900 900 900 900 900 390600 3600 2700 1800 1800 900 1800 900 900 900 900 5400 1800 900 1800 900 1800 7200 900 1800 1800 900 900 900 900 900 2700 900 900 900 900 900 2700 1800 2700 2700 3600 3600 3600 4500 4500 9900 5400 17100 18000
900 5400 900 900 3600 11700 2700 59400 43200 900 900 8100 6300 2700 1800 900 900 900 900 900 900 900 2700 1800 1800 1800 900 900 900 900 1800 156600 4500 1800 900 900 1800 1800 900 392400 7200 3600 2700 1800 3600 900 900 1800 1800 7200 2700 1800 900 2700 900 2700 5400 8100 1800 4500 7200 2700 1800 900 900 900 900 900 1800 1800 1800 1800 3600 2700 3600 3600 4500 4500 4500 5400 900 11700 108900 129600
900 900 7200 900 18000 3600 60300 900 900 16200 14400 5400 4500 3600 2700 1800 1800 1800 900 900 900 900 900 900 900 900 900 900 900 900 900 900 162000 2700 1800 1800 900 2700 2700 396000 11700 3600 2700 4500 900 900 900 3600 9900 3600 2700 1800 3600 900 900 900 900 6300 9000 900 900 8100 6300 1800 900 1800 900 900 1800 2700 2700 2700 5400 4500 3600 4500 4500 5400 5400 5400 6300 96300 19800 1800
1800 900 900 8100 900 156600 73800 72000 68400 6300 5400 4500 3600 2700 900 900 900 4500 2700 900 1800 900 900 900 900 900 900 1800 1800 4500 1800 1800 164700 3600 2700 2700 1800 3600 900 396900 16200 6300 5400 1800 1800 900 900 1800 14400 7200 2700 4500 2700 900 900 1800 1800 1800 7200 9900 1800 1800 17100 6300 2700 900 900 900 900 2700 6300 9900 10800 17100 22500 31500 5400 900 6300 18000 89100 11700 7200 900
900 900 2700 9000 161100 2700 900 1800 2700 42300 9900 7200 6300 900 900 900 4500 5400 3600 3600 900 900 2700 1800 1800 1800 3600 6300 7200 8100 13500 16200 158400 332100 335700 3600 2700 4500 1800 397800 23400 3600 2700 2700 1800 1800 900 900 17100 21600 10800 5400 1800 900 900 2700 5400 8100 10800 28800 2700 900 1800 28800 2700 900 1800 900 1800 1800 2700 3600 5400 7200 9000 10800 45000 6300 59400 70200 5400 5400 900 5400
900 5400 900 175500 4500 1800 900 900 1800 1800 29700 1800 900 4500 3600 900 900 7200 17100 21600 23400 25200 5400 900 900 94500 97200 99900 103500 117000 120600 141300 4500 3600 5400 346500 351900 355500 360900 761400 24300 4500 3600 2700 2700 1800 1800 900 39600 5400 4500 3600 2700 900 900 1800 900 1800 2700 3600 32400 900 900 29700 900 900 900 2700 1800 4500 5400 900 900 900 900 1800 1800 51300 6300 3600 4500 4500 900 4500
9000 1800 176400 1800 900 900 900 900 900 1800 8100 20700 5400 4500 1800 900 900 1800 4500 5400 6300 7200 38700 84600 90900 1800 1800 2700 11700 900 2700 19800 3600 2700 900 4500 900 9000 14400 20700 807300 9000 900 3600 5400 2700 1800 40500 12600 6300 4500 1800 900 900 900 900 2700 900 900 1800 36900 1800 900 31500 1800 900 1800 1800 3600 900 1800 8100 900 900 900 900 900 3600 5400 2700 3600 900 1800 3600
12600 177300 3600 900 900 900 900 900 900 900 4500 2700 11700 1800 1800 900 900 1800 4500 24300 27900 35100 43200 900 5400 900 900 1800 7200 3600 1800 18900 2700 1800 900 2700 3600 4500 4500 5400 900 824400 829800 6300 900 46800 41400 15300 1800 900 900 1800 900 900 900 1800 1800 3600 1800 900 39600 2700 1800 32400 2700 900 1800 2700 2700 4500 900 1800 9000 1800 1800 900 900 900 4500 1800 900 1800 900 2700
196200 4500 1800 900 900 1800 2700 900 900 900 2700 1800 9000 1800 900 900 900 3600 3600 15300 2700 6300 3600 3600 3600 900 900 1800 4500 2700 900 18000 1800 900 1800 2700 3600 3600 4500 4500 5400 900 900 851400 49500 900 17100 900 900 900 900 2700 1800 900 900 2700 5400 8100 4500 3600 43200 900 900 2700 33300 3600 1800 2700 3600 8100 900 900 2700 9900 2700 3600 900 900 900 1800 900 900 1800 900
198000 2700 1800 900 1800 5400 1800 3600 1800 900 1800 900 6300 1800 900 900 2700 2700 11700 2700 1800 5400 2700 1800 900 2700 900 1800 1800 1800 1800 15300 900 900 1800 2700 2700 3600 3600 3600 8100 12600 13500 900 908100 18000 900 3600 1800 1800 3600 900 900 900 1800 2700 3600 4500 13500 18900 47700 1800 1800 3600 900 34200 4500 2700 7200 9000 900 1800 1800 3600 10800 7200 1800 2700 1800 900 900 900 900 1800
204300 2700 1800 900 15300 12600 4500 2700 1800 900 900 900 1800 3600 900 900 1800 7200 3600 1800 900 3600 900 1800 900 1800 900 900 900 900 6300 7200 900 900 1800 1800 2700 2700 2700 3600 3600 3600 4500 5400 900 933300 4500 3600 2700 4500 1800 1800 900 900 1800 2700 3600 4500 5400 6300 26100 50400 2700 4500 1800 900 35100 5400 10800 900 9900 1800 2700 5400 9900 18900 9900 4500 3600 2700 900 900 2700 3600
63900 59400 56700 54900 38700 35100 9000 5400 4500 3600 1800 900 900 1800 900 900 1800 4500 1800 900 900 900 1800 900 900 900 900 1800 4500 5400 4500 900 900 900 900 1800 1800 1800 2700 2700 2700 2700 5400 8100 9000 947700 4500 6300 5400 2700 2700 1800 900 1800 900 900 900 1800 2700 900 1800 28800 58500 900 2700 900 1800 36000 17100 900 1800 12600 15300 16200 17100 46800 13500 2700 1800 900 900 900 1800 3600
900 3600 900 900 2700 25200 20700 18000 15300 12600 10800 7200 4500 900 900 900 1800 1800 900 900 900 900 1800 900 900 900 900 1800 1800 3600 900 900 900 900 900 900 900 1800 1800 1800 1800 1800 1800 900 1800 953100 7200 900 7200 3600 2700 1800 2700 900 900 1800 3600 4500 5400 9000 9900 14400 102600 1800 3600 900 1800 2700 54000 900 1800 900 1800 900 900 66600 4500 3600 2700 1800 900 900 900 900
6300 900 1800 900 1800 900 2700 1800 1800 1800 900 2700 1800 2700 900 900 900 900 900 900 3600 2700 900 1800 1800 900 900 900 900 900 900 2700 1800 900 1800 900 900 900 900 900 900 900 900 1800 2700 900 963000 8100 4500 3600 2700 3600 1800 1800 900 900 900 900 1800 2700 3600 900 1800 105300 4500 900 1800 2700 57600 900 1800 2700 900 2700 4500 75600 8100 3600 2700 1800 900 900 900 1800
