samples/aoi_dem.asc
ncols        277
nrows        373
xllcorner    339188.872239818913
yllcorner    6745209.873372113332
cellsize     30.000000000000
NODATA_value  -99999
[rows 114 to 132 of 373, columns 132 to 175 of 277]
630.984375 633.756591796875 635.109619140625 633.6080322265625 632.6370849609375 632.98614501953125 631.52288818359375 628.7701416015625 625.47503662109375 625.9925537109375 627.26300048828125 625.665283203125 621.42340087890625 617.0594482421875 616.53240966796875 618.72369384765625 620.82452392578125 622.3819580078125 623.59796142578125 625.57672119140625 623.72515869140625 619.11541748046875 613.6580810546875 609.968017578125 605.08740234375 597.20294189453125 590.186767578125 586.264404296875 582.71417236328125 578.73443603515625 577.609619140625 577.6043701171875 577.59912109375 576.6295166015625 572.94964599609375 570.5711669921875 570.1119384765625 568.89068603515625 566.173583984375 563.3701171875 561.301513671875 560.61865234375 561.3311767578125 560.68316650390625
630.1986083984375 632.271484375 633.99237060546875 632.3846435546875 630.60992431640625 630.744873046875 630.0853271484375 627.60296630859375 623.86370849609375 623.82757568359375 624.03619384765625 621.4613037109375 618.488037109375 614.46697998046875 615.23809814453125 618.39678955078125 619.235107421875 619.3936767578125 620.0274658203125 619.7930908203125 616.2508544921875 610.5562744140625 604.90875244140625 601.24169921875 596.38336181640625 590.3245849609375 586.48150634765625 584.21136474609375 582.51336669921875 580.66693115234375 580.69171142578125 582.74542236328125 583.0992431640625 582.68023681640625 578.9097900390625 574.47418212890625 571.40277099609375 571.40216064453125 570.83135986328125 570.61907958984375 568.12152099609375 566.0718994140625 564.83673095703125 563.00042724609375
629.822509765625 631.2454833984375 632.4029541015625 631.350830078125 628.4578857421875 627.347900390625 627.520263671875 624.803955078125 620.0804443359375 618.97943115234375 618.1201171875 616.3597412109375 614.0909423828125 611.5753173828125 612.29248046875 614.98919677734375 615.23382568359375 614.22930908203125 613.272705078125 611.52508544921875 606.88262939453125 601.9833984375 598.96710205078125 596.05328369140625 593.74371337890625 590.55511474609375 589.93841552734375 590.60308837890625 589.62115478515625 587.55438232421875 589.28167724609375 592.39129638671875 592.21051025390625 590.102294921875 585.477294921875 580.16046142578125 576.835205078125 576.4737548828125 580.1353759765625 580.56341552734375 575.62188720703125 571.205810546875 567.63433837890625 565.0758056640625
628.80743408203125 630.18096923828125 630.6455078125 629.1356201171875 625.0999755859375 622.67901611328125 622.5355224609375 619.71759033203125 614.666015625 611.89288330078125 610.42242431640625 607.33966064453125 604.68914794921875 603.478271484375 606.27789306640625 610.2415771484375 612.10894775390625 610.1126708984375 608.136474609375 605.65985107421875 600.02899169921875 598.362548828125 598.057861328125 597.5997314453125 596.76885986328125 597.0399169921875 598.6536865234375 599.1217041015625 597.44219970703125 596.16290283203125 596.26177978515625 600.11895751953125 599.49285888671875 596.623291015625 593.26593017578125 588.5751953125 586.271484375 587.54388427734375 591.8841552734375 591.202392578125 583.05230712890625 576.609130859375 571.23687744140625 567.58489990234375
624.89007568359375 626.079345703125 626.7962646484375 623.98956298828125 619.8922119140625 615.89276123046875 612.5684814453125 608.093994140625 604.3570556640625 602.474609375 600.14093017578125 596.09185791015625 594.633544921875 596.1722412109375 601.49053955078125 607.66741943359375 610.3211669921875 608.2789306640625 604.27655029296875 601.31170654296875 598.55023193359375 599.61029052734375 602.445556640625 603.5224609375 603.95123291015625 603.46014404296875 604.13128662109375 603.54815673828125 602.77239990234375 602.03125 602.86138916015625 605.09344482421875 605.39251708984375 602.46356201171875 599.935791015625 597.34912109375 596.0177001953125 597.80810546875 598.65155029296875 595.60797119140625 589.514892578125 581.8641357421875 574.86468505859375 570.18646240234375
619.7646484375 620.031982421875 618.86492919921875 615.47991943359375 611.04632568359375 606.087646484375 600.23187255859375 595.4681396484375 593.1845703125 592.3345947265625 591.08404541015625 591.08929443359375 591.09454345703125 592.94476318359375 599.6591796875 606.200927734375 608.75714111328125 607.26263427734375 601.93377685546875 599.85931396484375 601.65045166015625 604.72479248046875 608.126220703125 609.22320556640625 609.35894775390625 608.99774169921875 608.12646484375 607.6610107421875 608.94146728515625 610.31549072265625 612.42596435546875 615.3912353515625 612.5953369140625 607.0579833984375 605.08984375 604.65997314453125 605.3817138671875 606.20654296875 605.4183349609375 600.5948486328125 593.33612060546875 585.666748046875 578.4376220703125 573.0941162109375
611.907470703125 610.96087646484375 608.86004638671875 605.72528076171875 601.082275390625 596.72357177734375 591.4881591796875 591.066162109375 591.0714111328125 591.07666015625 591.0819091796875 591.087158203125 591.09234619140625 591.655517578125 599.3140869140625 605.85015869140625 608.3790283203125 607.4622802734375 604.1173095703125 603.60186767578125 606.89691162109375 611.85772705078125 613.839111328125 613.19677734375 612.560546875 612.548828125 612.46234130859375 612.46661376953125 615.101806640625 618.62371826171875 620.357421875 623.25091552734375 620.0692138671875 613.522705078125 612.50067138671875 611.0164794921875 610.07208251953125 610.068603515625 608.5245361328125 603.4874267578125 594.70404052734375 587.92718505859375 581.5594482421875 575.87750244140625
600.61083984375 599.5963134765625 598.37115478515625 595.927001953125 593.0631103515625 591.05352783203125 591.05877685546875 591.06402587890625 591.06927490234375 591.88916015625 591.08404541015625 591.08929443359375 591.09454345703125 593.89080810546875 600.3701171875 606.00244140625 609.351806640625 610.7816162109375 610.123291015625 609.4864501953125 610.9031982421875 615.58563232421875 618.71197509765625 617.22467041015625 617.36956787109375 618.046875 618.12652587890625 619.18658447265625 620.9442138671875 623.063720703125 623.70880126953125 625.64129638671875 624.52435302734375 623.18731689453125 622.224365234375 619.8553466796875 615.6357421875 612.66485595703125 610.495361328125 604.0115966796875 596.83746337890625 590.551025390625 586.06695556640625 580.66363525390625
589.86126708984375 589.0294189453125 589.27911376953125 590.6932373046875 591.046142578125 591.05841064453125 593.37933349609375 596.623779296875 600.37109375 599.8043212890625 595.15447998046875 591.95257568359375 593.736083984375 597.03363037109375 602.14697265625 607.745849609375 613.22711181640625 616.54449462890625 616.24737548828125 614.94451904296875 616.032470703125 621.36444091796875 625.1416015625 624.31182861328125 624.8955078125 626.33966064453125 626.83721923828125 627.59490966796875 626.8284912109375 625.8927001953125 625.76373291015625 626.04742431640625 626.47906494140625 624.90032958984375 625.19024658203125 624.37689208984375 620.03076171875 616.58837890625 612.2242431640625 606.768310546875 600.9805908203125 596.76971435546875 593.80364990234375 588.0361328125
582.91412353515625 582.91937255859375 586.50079345703125 593.6041259765625 599.6837158203125 600.40301513671875 601.7340087890625 605.62188720703125 607.84014892578125 604.81329345703125 599.4520263671875 597.2464599609375 597.20672607421875 599.2835693359375 604.12591552734375 610.59698486328125 617.15313720703125 620.18890380859375 619.701904296875 619.3944091796875 621.58544921875 626.1241455078125 630.431396484375 630.6993408203125 631.1575927734375 630.6441650390625 632.3677978515625 633.4586181640625 630.2999267578125 626.724609375 626.7071533203125 625.90545654296875 623.2857666015625 622.54449462890625 624.18280029296875 625.06317138671875 621.2027587890625 616.44537353515625 613.47845458984375 607.96990966796875 604.0228271484375 601.665771484375 598.75299072265625 593.414794921875
585.2618408203125 587.970947265625 593.94061279296875 603.24652099609375 612.40277099609375 611.7664794921875 610.538330078125 612.4552001953125 611.878662109375 606.76025390625 601.8262939453125 600.32952880859375 599.38616943359375 600.0947265625 605.61822509765625 613.99786376953125 619.820068359375 621.6580810546875 621.84893798828125 622.66766357421875 625.22198486328125 628.208740234375 631.7225341796875 632.87774658203125 633.093994140625 631.078857421875 631.84405517578125 632.517578125 630.2838134765625 627.43463134765625 627.6434326171875 625.9586181640625 622.3731689453125 622.3709716796875 624.91046142578125 627.199462890625 624.48724365234375 618.0911865234375 615.166015625 612.31524658203125 608.046875 605.743896484375 604.4327392578125 601.270751953125
597.34283447265625 602.39703369140625 607.1768798828125 614.06103515625 619.3677978515625 618.6453857421875 616.54046630859375 616.99908447265625 615.23992919921875 608.83660888671875 603.89337158203125 602.4171142578125 601.3480224609375 601.830322265625 608.890625 618.20556640625 622.7156982421875 623.00604248046875 623.1507568359375 625.0513916015625 627.16961669921875 628.72662353515625 629.8387451171875 630.88421630859375 630.91253662109375 629.7864990234375 628.2205810546875 627.40899658203125 626.4512939453125 625.53985595703125 625.5460205078125 625.12249755859375 622.71533203125 622.36572265625 624.9876708984375 627.79510498046875 626.2216796875 620.651611328125 617.37286376953125 615.91912841796875 614.533203125 611.56329345703125 610.3026123046875 607.83868408203125
608.3271484375 613.25201416015625 616.57293701171875 619.7734375 621.294189453125 621.34039306640625 620.38262939453125 620.2835693359375 617.8431396484375 611.11236572265625 606.3822021484375 605.26226806640625 603.9739990234375 604.6162109375 611.78955078125 620.4859619140625 624.17840576171875 624.2105712890625 624.4171142578125 626.65740966796875 628.3299560546875 628.4107666015625 627.71490478515625 626.520263671875 625.8016357421875 625.10528564453125 622.83428955078125 621.1932373046875 620.13494873046875 619.63751220703125 620.15777587890625 621.6591796875 622.35833740234375 623.898681640625 625.51776123046875 627.47540283203125 626.47528076171875 622.38232421875 619.37322998046875 618.00299072265625 616.85546875 614.6739501953125 613.359130859375 610.883544921875
613.47418212890625 618.59332275390625 620.33746337890625 621.24444580078125 621.90887451171875 622 622 621.46942138671875 617.82421875 612.11871337890625 609.39666748046875 608.00958251953125 605.6083984375 605.40582275390625 611.80291748046875 619.20977783203125 623.31494140625 624.7037353515625 625.57733154296875 627.14910888671875 628.2540283203125 628.5714111328125 627.76300048828125 624.8775634765625 622.38262939453125 620.86285400390625 619.1160888671875 616.67669677734375 613.934814453125 611.81280517578125 613.73980712890625 617.51806640625 620.6534423828125 623.74322509765625 625.9239501953125 625.2705078125 623.17401123046875 622.09808349609375 620.4881591796875 617.726806640625 615.4066162109375 612.9273681640625 609.9176025390625 607.07415771484375
616.98663330078125 621.216064453125 621.18609619140625 620.890625 620.850830078125 620.89447021484375 622 621.08746337890625 616.86419677734375 612.98291015625 611.41302490234375 608.7430419921875 604.546875 603.91497802734375 610.56298828125 617.27020263671875 621.61309814453125 624.39031982421875 626.5299072265625 627.9603271484375 628.59539794921875 628.90325927734375 628.1514892578125 624.243896484375 620.08782958984375 617.07080078125 615.5440673828125 612.82598876953125 609.08648681640625 606.5712890625 608.5765380859375 612.094482421875 615.61773681640625 619.12530517578125 621.8675537109375 620.38250732421875 620.03558349609375 621.65289306640625 620.093017578125 616.19561767578125 611.28070068359375 607.55908203125 604.09197998046875 600.23565673828125
620.185302734375 621.76416015625 618.91162109375 617.37420654296875 616.91986083984375 617.31414794921875 620.464111328125 619.69915771484375 616.54193115234375 613.875 611.68267822265625 608.00482177734375 603.2161865234375 602.82757568359375 609.7943115234375 615.06915283203125 618.7174072265625 622.329833984375 626.3109130859375 628.54840087890625 629 628.13739013671875 626.47381591796875 622.57470703125 616.191650390625 612.3790283203125 610.61090087890625 608.3050537109375 604.3953857421875 601.0035400390625 602.8509521484375 605.632080078125 608.22100830078125 610.7760009765625 613.0401611328125 613.96380615234375 615.49505615234375 618.0361328125 617.31964111328125 611.6495361328125 605.733154296875 601.86962890625 598.7974853515625 593.450439453125
621.44049072265625 622.593017578125 617.42596435546875 613.38330078125 611.8662109375 612.039306640625 614.82086181640625 614.69744873046875 612.91595458984375 611.35125732421875 609.7945556640625 606.7626953125 603.0015869140625 602.0794677734375 606.51263427734375 610.18634033203125 614.04248046875 618.5291748046875 622.94317626953125 626.20281982421875 627.0242919921875 624.9119873046875 623.4405517578125 619.01055908203125 611.77752685546875 606.8248291015625 604.466796875 601.2762451171875 596.974609375 593.959228515625 595.70343017578125 597.56689453125 599.71490478515625 602.60369873046875 604.68890380859375 606.41436767578125 607.97027587890625 609.7506103515625 608.8765869140625 603.43133544921875 596.16644287109375 593.652099609375 592.11883544921875 584.921630859375
621.4730224609375 622.45782470703125 617.673828125 611.3065185546875 608.1715087890625 606.26019287109375 606.09222412109375 606.16436767578125 604.88287353515625 605.0198974609375 604.59783935546875 602.986572265625 600.57855224609375 598.72955322265625 600.33251953125 604.71759033203125 609.2049560546875 613.93023681640625 617.82000732421875 621.0352783203125 622.07305908203125 619.6685791015625 616.52435302734375 610.479736328125 602.9378662109375 598.523193359375 595.2017822265625 591.191162109375 587.33935546875 584.99493408203125 586.65277099609375 588.7156982421875 590.24481201171875 592.709716796875 594.755126953125 596.95135498046875 599.3074951171875 600.84136962890625 599.916259765625 594.12548828125 586.385009765625 581.9388427734375 581.42755126953125 576.101806640625
618.6475830078125 620.15911865234375 616.7491455078125 610.17425537109375 604.5989990234375 600.0621337890625 596.96575927734375 596.39935302734375 596.30743408203125 597.15948486328125 597.2984619140625 596.26458740234375 595.25506591796875 594.68475341796875 596.48626708984375 601.18658447265625 605.91131591796875 609.7681884765625 613.37530517578125 615.123291015625 614.162841796875 611.68548583984375 605.58404541015625 598.47845458984375 591.7410888671875 588.97503662109375 586.1171875 582.0496826171875 578.656494140625 576.8641357421875 578.30340576171875 582.03900146484375 584.14837646484375 582.638427734375 584.85113525390625 588.23565673828125 591.61968994140625 592.40020751953125 590.71875 584.001220703125 578.43743896484375 574.6248779296875 573.4420166015625 571.5120849609375
