samples/aoi_dem.asc
ncols        277
nrows        373
xllcorner    339188.872239818913
yllcorner    6745209.873372113332
cellsize     30.000000000000
NODATA_value  -99999
[rows 38 to 56 of 373, columns 176 to 219 of 277]
564.2486572265625 563.126953125 563.12908935546875 570.22723388671875 580.07147216796875 590.77276611328125 599.6053466796875 603.403564453125 604.17352294921875 605.29071044921875 606.697509765625 610.1170654296875 614.873046875 615.7403564453125 616.38470458984375 617.0208740234375 615.41552734375 611.1810302734375 602.9508056640625 593.65911865234375 587.6375732421875 582.30206298828125 580.57135009765625 582.02911376953125 591.03094482421875 604.14422607421875 615.0277099609375 621.68096923828125 624.49566650390625 627.27227783203125 631.84967041015625 633.21881103515625 631.36700439453125 628.6278076171875 628.18756103515625 628.37725830078125 627.4764404296875 629.16424560546875 635.5540771484375 640.48272705078125 645.03778076171875 646.66082763671875 642.83642578125 637.27203369140625
564.68896484375 563.1217041015625 565.34454345703125 570.72100830078125 581.00390625 594.099365234375 604.33355712890625 608.66192626953125 608.4124755859375 606.7564697265625 605.52496337890625 606.01678466796875 608.63165283203125 609.6627197265625 611.69268798828125 615.4373779296875 613.97900390625 606.4122314453125 595.7760009765625 587.92022705078125 584.33966064453125 580.898681640625 580.56610107421875 586.82769775390625 597.082275390625 608.09197998046875 616.57037353515625 621.8590087890625 623.35174560546875 625.4119873046875 628.93585205078125 629.03955078125 626.060791015625 622.98114013671875 622.65740966796875 623.45989990234375 623.88824462890625 627.51092529296875 634.93634033203125 640.05682373046875 645.02252197265625 646.3182373046875 642.51812744140625 637.85791015625
562.4490966796875 563.6212158203125 567.64794921875 575.28216552734375 587.38397216796875 600.61669921875 609.51007080078125 613.2008056640625 613.06341552734375 610.90997314453125 607.37579345703125 604.2703857421875 602.75909423828125 603.31976318359375 606.35491943359375 611.389404296875 610.448974609375 603.0126953125 593.66845703125 584.46063232421875 578.0416259765625 576.2354736328125 580.52484130859375 590.92510986328125 602.59051513671875 611.56683349609375 616.92254638671875 620.54071044921875 621.37933349609375 622.19134521484375 623.3753662109375 622.22247314453125 619.33721923828125 617.1951904296875 617.73822021484375 619.85528564453125 623.24462890625 629.9239501953125 636.6142578125 641.05242919921875 645.7769775390625 646.00482177734375 641.67120361328125 636.81756591796875
559.90771484375 564.3505859375 572.40594482421875 584.90740966796875 597.26239013671875 608.2530517578125 614.709716796875 619.14691162109375 620.20654296875 615.81011962890625 609.5384521484375 604.25189208984375 599.9915771484375 599.1065673828125 601.99176025390625 605.7291259765625 604.4820556640625 597.6763916015625 590.04150390625 580.97601318359375 572.32452392578125 573.11260986328125 581.01361083984375 592.68475341796875 604.6536865234375 611.33294677734375 613.470947265625 614.67633056640625 615.25762939453125 616.195068359375 616.68560791015625 616.15484619140625 616.16009521484375 616.16534423828125 616.89666748046875 619.7694091796875 626.00897216796875 633.99066162109375 638.95806884765625 641.9962158203125 644.8759765625 644.45062255859375 639.7037353515625 634.31646728515625
558.978271484375 566.93304443359375 578.34112548828125 590.105712890625 600.4151611328125 609.2919921875 616.67474365234375 622.26129150390625 623.318359375 618.1915283203125 610.68255615234375 603.410888671875 599.1126708984375 596.83953857421875 597.3013916015625 598.10247802734375 594.49627685546875 587.974853515625 581.41546630859375 574.7935791015625 570.6226806640625 575.43408203125 583.2630615234375 593.001953125 603.34112548828125 607.70166015625 606.61376953125 606.04010009765625 607.99127197265625 611.56884765625 614.6942138671875 617.70159912109375 620.20330810546875 621.2401123046875 621.760009765625 623.3946533203125 628.6180419921875 635.576904296875 639.10821533203125 640.98211669921875 643.426025390625 642.251220703125 636.96923828125 630.76861572265625
556.60784912109375 566.01934814453125 577.9609375 588.9058837890625 598.34259033203125 605.4356689453125 613.033447265625 618.2763671875 619.88067626953125 616.67681884765625 610.54559326171875 602.66375732421875 596.49346923828125 592.4873046875 591.2249755859375 589.3765869140625 584.7686767578125 578.6514892578125 572.41094970703125 568.53192138671875 571.38134765625 578.4793701171875 584.91632080078125 593.13372802734375 601.385986328125 604.03350830078125 602.410888671875 602.4161376953125 607.0152587890625 613.47064208984375 618.649658203125 623.8818359375 628.18896484375 629.527587890625 628.82415771484375 628.27252197265625 630.47979736328125 634.3876953125 636.43145751953125 638.51611328125 642.131591796875 639.81390380859375 634.25518798828125 626.96319580078125
556.68511962890625 564.6624755859375 575.7161865234375 587.125244140625 593.70989990234375 600.63916015625 605.98992919921875 609.66058349609375 612.0042724609375 611.71124267578125 609.5867919921875 604.2010498046875 595.11871337890625 587.21771240234375 582.58837890625 580.53564453125 576.59429931640625 570.92120361328125 565.47991943359375 564.93701171875 570.347412109375 577.8973388671875 584.147705078125 591.7440185546875 598.69232177734375 601.17156982421875 603.1854248046875 607.22698974609375 613.381591796875 620.18780517578125 624.41485595703125 628.633056640625 632.52996826171875 634.19439697265625 633.8621826171875 632.26409912109375 632.23004150390625 633.22283935546875 633.79364013671875 636.45159912109375 638.04962158203125 635.21881103515625 630.09881591796875 624.35546875
555.0555419921875 562.6639404296875 572.115478515625 583.006103515625 589.9202880859375 593.89874267578125 596.7938232421875 599.55157470703125 603.11981201171875 605.94891357421875 607.50640869140625 603.9166259765625 594.3824462890625 582.85028076171875 574.6669921875 570.56787109375 567.14886474609375 563.51434326171875 562.45892333984375 562.674560546875 568.0693359375 575.92376708984375 584.624267578125 591.2236328125 596.86944580078125 600.723388671875 607.13800048828125 614.49005126953125 619.7080078125 624.63922119140625 627.52197265625 631.4761962890625 634.67498779296875 636.005859375 637.1981201171875 636.42919921875 634.92431640625 634.2017822265625 634.54376220703125 635.31195068359375 633.45208740234375 628.411376953125 624.65264892578125 621.46136474609375
554.05279541015625 561.5826416015625 569.397216796875 578.1044921875 583.22430419921875 586.802490234375 590.04144287109375 591.4273681640625 593.881103515625 597.84185791015625 600.0814208984375 597.81805419921875 589.6024169921875 578.36627197265625 568.139892578125 562.444091796875 562.4462890625 562.4515380859375 562.456787109375 562.46197509765625 566.1531982421875 575.3720703125 586.06195068359375 593.73516845703125 599.34759521484375 604.46044921875 612.89849853515625 619.13031005859375 622.42706298828125 625.4825439453125 628.04840087890625 632.6116943359375 636.21832275390625 637.59332275390625 639.810791015625 640.40167236328125 638.39923095703125 636.424560546875 635.58056640625 633.87249755859375 629.96533203125 624.53582763671875 621.15606689453125 618.67791748046875
555.35870361328125 560.44482421875 565.14971923828125 574.07928466796875 581.37152099609375 585.49078369140625 587.33880615234375 587.88385009765625 588.76806640625 589.4771728515625 589.62176513671875 587.167236328125 580.31964111328125 571.90216064453125 562.87286376953125 562.43890380859375 562.444091796875 562.4493408203125 562.45458984375 565.0101318359375 567.7667236328125 575.88739013671875 587.76983642578125 597.328125 604.05609130859375 610.8695068359375 618.09991455078125 622.876953125 624.98614501953125 625.87628173828125 627.95831298828125 632.131591796875 636.05706787109375 638.2347412109375 640.60028076171875 642 640.4361572265625 637.02752685546875 634.39642333984375 631.4925537109375 626.41552734375 622.69183349609375 619.779541015625 618.17327880859375
556.2852783203125 560.69580078125 565.84906005859375 573.18670654296875 582.145263671875 586.4329833984375 587.7000732421875 586.55963134765625 586.24749755859375 584.7264404296875 581.14654541015625 576.98736572265625 572.40625 565.86175537109375 562.43145751953125 563.17767333984375 566.0712890625 568.7938232421875 571.24102783203125 572.29559326171875 573.3380126953125 581.01416015625 592.7816162109375 600.32257080078125 607.942626953125 615.32293701171875 621.32061767578125 625.1173095703125 626.10260009765625 626.27508544921875 627.90911865234375 631.3472900390625 634.6685791015625 636.8330078125 639.23944091796875 640.7158203125 639.2003173828125 635.00006103515625 631.63348388671875 627.779052734375 622.2662353515625 619.8604736328125 618.999755859375 618.16802978515625
557.20770263671875 562.233642578125 566.98956298828125 573.1243896484375 582.92254638671875 587.19146728515625 587.71820068359375 585.86004638671875 582.91473388671875 578.74517822265625 573.04034423828125 568.94879150390625 565.08209228515625 562.424072265625 566.28466796875 571.64068603515625 574.9610595703125 576.40472412109375 576.925537109375 577.38531494140625 579.46514892578125 587.32232666015625 597.3447265625 603.59228515625 610.82086181640625 617.34027099609375 622.6707763671875 625.82867431640625 626.0093994140625 626.45361328125 627.88092041015625 630.78814697265625 632.9805908203125 634.6290283203125 636.088623046875 637.18743896484375 635.56243896484375 631.83062744140625 627.97967529296875 623.54443359375 618.5313720703125 617.57611083984375 618.16064453125 618.30865478515625
557.21734619140625 562.24908447265625 567.6812744140625 573.99725341796875 582.83074951171875 587.178466796875 587.9979248046875 586.14300537109375 580.1363525390625 572.3741455078125 564.82366943359375 560.5703125 560.94659423828125 562.6763916015625 568.3359375 574.3367919921875 575.797119140625 575.86181640625 576.586669921875 579.2596435546875 583.79010009765625 592.14337158203125 601.52471923828125 608.2325439453125 614.8056640625 620.88507080078125 625.09271240234375 626.270751953125 625.8360595703125 626.35809326171875 627.8182373046875 630.04400634765625 631.45635986328125 631.9490966796875 632.01513671875 632.23492431640625 630.7591552734375 627.5574951171875 624.38372802734375 620.57427978515625 617.5687255859375 617.57086181640625 618.0662841796875 619.86322021484375
557.572265625 561.6107177734375 569.42425537109375 578.28216552734375 583.02520751953125 587.0076904296875 587.0333251953125 584.53900146484375 576.4107666015625 568.135498046875 559.833984375 558.754638671875 562.39312744140625 566.1778564453125 568.7945556640625 572.47113037109375 574.36260986328125 575 576.591064453125 580.45709228515625 586.83258056640625 593.404296875 602.61358642578125 611.9425048828125 618.51531982421875 623.6016845703125 626.5196533203125 626.89208984375 627.33856201171875 628.09002685546875 628.284912109375 629.34271240234375 629.37713623046875 629.35064697265625 628.8226318359375 627.47613525390625 625.56884765625 622.755126953125 621.0703125 618.91961669921875 617.5634765625 617.672119140625 619.90289306640625 622.48199462890625
555.86199951171875 561.3829345703125 571.000732421875 581.05548095703125 583.73492431640625 582.077880859375 579.4788818359375 574.75347900390625 569.47882080078125 563.3543701171875 558.74725341796875 560.921875 566.97064208984375 569.94378662109375 570.354736328125 572.049072265625 574.644287109375 575.34765625 576.37359619140625 579.626953125 584.4725341796875 589.73974609375 599.404541015625 610.81890869140625 618.50189208984375 622.20123291015625 624.39691162109375 626.00823974609375 627.96844482421875 628.75396728515625 628.74072265625 628.04840087890625 627.951171875 627.54156494140625 626.2261962890625 624.24029541015625 622.3607177734375 619.99908447265625 618.52545166015625 617.72119140625 617.5582275390625 619.75921630859375 622.1915283203125 625.60821533203125
553.874267578125 558.54022216796875 567.00457763671875 574.731689453125 578.308837890625 576.07403564453125 571.09075927734375 563.51763916015625 557.45166015625 555.87200927734375 558.4774169921875 563.512939453125 569.0289306640625 572.79052734375 574.3546142578125 576.603515625 578.593017578125 579.34130859375 579.372802734375 580.7401123046875 583.61712646484375 587.80694580078125 596.40338134765625 608.3770751953125 616.41192626953125 620.57843017578125 622.4383544921875 623.964111328125 626.4200439453125 627.81805419921875 628.191650390625 628.65802001953125 627.84197998046875 626.3543701171875 622.97943115234375 619.88909912109375 619.232177734375 617.95709228515625 617.08624267578125 617.291748046875 618.08221435546875 620.32830810546875 623.03863525390625 627.35382080078125
550.26220703125 552.886962890625 559.2222900390625 565.412109375 566.69677734375 565.33343505859375 562.8323974609375 557.31591796875 554.60943603515625 556.9267578125 561.814208984375 567.99090576171875 573.05133056640625 574.92724609375 577.22198486328125 579.896728515625 583.66131591796875 584.78326416015625 584.467041015625 586.51470947265625 588.69537353515625 593.2479248046875 600.6829833984375 609.8575439453125 619.162841796875 623.575439453125 622.692626953125 623.4332275390625 624.43487548828125 626.94085693359375 628.93524169921875 630.4927978515625 627.5235595703125 624.98675537109375 619.6929931640625 615.72564697265625 616.087890625 616.337646484375 617.4832763671875 618.52935791015625 618.47564697265625 620.7099609375 623.5401611328125 627.58111572265625
546.350830078125 548.56298828125 552.86224365234375 555.5498046875 555.02105712890625 552.88726806640625 551.80413818359375 552.51025390625 556.18182373046875 561.95013427734375 566.91656494140625 572.7718505859375 574.15667724609375 574.0399169921875 574.43408203125 578.10577392578125 584.17364501953125 590.28131103515625 593.7034912109375 597.16461181640625 601.38818359375 606.711669921875 610.55157470703125 615.37353515625 622.5159912109375 624.61480712890625 623.65753173828125 622.50189208984375 623.32391357421875 625.8094482421875 628.87359619140625 629.30682373046875 625.86785888671875 621.073974609375 616.71173095703125 615.4727783203125 615.47802734375 616.9376220703125 619.98095703125 620.42205810546875 619.21319580078125 621.440185546875 624.80926513671875 627.43853759765625
545.13507080078125 545.28778076171875 546.95458984375 547.56195068359375 548.03369140625 546.98779296875 547.8448486328125 551.4130859375 559.25274658203125 565.9263916015625 570.3634033203125 573.318115234375 572.60662841796875 572.1580810546875 574.23565673828125 578.2054443359375 586.212890625 596.263671875 601.93560791015625 606.9781494140625 613.2076416015625 618.201416015625 619.8841552734375 619.9715576171875 620.86737060546875 621.12542724609375 619.5574951171875 619.02581787109375 621.45770263671875 624.1834716796875 626.28375244140625 626.7398681640625 623.29522705078125 617.9625244140625 615.46539306640625 615.62884521484375 616.73760986328125 618.89093017578125 621.894775390625 620.93084716796875 619.22772216796875 621.671875 625.0562744140625 627.07879638671875
