samples/aoi_catcha.asc
ncols        277
nrows        373
xllcorner    339188.872239999997
yllcorner    6745209.873370000161
cellsize     30.000000000000
NODATA_value  -99999
[rows 185 to 221 of 373, columns 0 to 83 of 277]
1800 1800 1800 900 2700 900 900 900 1800 1800 2700 3600 9000 36900 13500 900 3600 2700 81000 900 1800 900 18900 7200 900 1800 900 900 900 1800 10800 11700 14400 7200 900 900 1800 10800 1800 900 2700 1800 900 2700 2700 2700 11700 3600 7200 900 1800 900 3600 4500 305100 282600 900 2700 1800 900 900 900 900 1800 1800 2700 4500 3600 5400 3600 65700 11700 3600 4500 3600 1800 900 2700 3600 4500 4311900 900 900 900
2700 2700 1800 900 3600 1800 1800 1800 900 2700 2700 7200 46800 900 7200 5400 900 900 81900 25200 23400 20700 900 900 8100 5400 4500 2700 900 900 6300 900 900 15300 9000 900 1800 2700 11700 2700 1800 3600 2700 4500 3600 3600 12600 17100 25200 1800 2700 3600 4500 290700 9000 280800 3600 2700 1800 900 2700 1800 900 900 1800 3600 2700 4500 2700 2700 62100 10800 2700 3600 2700 900 1800 4500 9900 10800 4331700 3600 1800 900
3600 2700 1800 900 900 4500 4500 2700 1800 900 6300 65700 10800 9000 900 900 111600 109800 27000 900 900 13500 11700 9900 900 5400 4500 1800 900 900 3600 900 1800 3600 25200 1800 900 2700 3600 12600 3600 9900 13500 14400 19800 205200 214200 218700 228600 256500 274500 279900 285300 8100 10800 900 264600 7200 6300 5400 1800 900 900 900 2700 1800 3600 1800 1800 57600 3600 9900 1800 2700 1800 900 3600 4500 8100 13500 4346100 900 1800 900
4500 3600 2700 2700 900 5400 5400 3600 2700 76500 68400 1800 900 900 211500 209700 97200 96300 95400 84600 77400 53100 52200 10800 9900 3600 2700 1800 900 900 1800 900 900 900 29700 2700 1800 900 3600 17100 900 1800 163800 174600 180900 4500 3600 9000 1800 15300 4500 4500 6300 900 900 9000 241200 15300 5400 4500 3600 2700 900 1800 900 2700 900 900 3600 53100 2700 9000 900 1800 900 2700 3600 7200 4500 4500 42300 4395600 4398300 1800
5400 7200 3600 900 477000 463500 457200 451800 450900 227700 226800 225900 225000 222300 6300 5400 4500 2700 4500 5400 5400 9900 4500 40500 28800 17100 900 1800 900 900 1800 900 3600 35100 900 3600 900 3600 4500 18000 900 161100 9000 900 5400 3600 2700 8100 900 14400 3600 3600 900 4500 8100 900 231300 8100 9000 3600 2700 1800 900 900 1800 900 1800 2700 43200 9000 1800 4500 3600 900 1800 2700 6300 3600 3600 18900 18000 5400 9000 4411800
583200 511200 499500 494100 5400 6300 1800 900 900 142200 135000 129600 900 900 3600 2700 900 1800 3600 4500 4500 4500 3600 10800 10800 9900 5400 1800 900 900 900 4500 5400 6300 43200 4500 1800 900 5400 142200 158400 900 2700 5400 4500 2700 1800 7200 13500 1800 900 2700 3600 7200 4500 9000 28800 192600 7200 4500 3600 2700 900 900 1800 2700 3600 9000 33300 8100 900 3600 2700 900 1800 5400 2700 2700 18000 17100 1800 2700 8100 3600
58500 7200 3600 8100 2700 4500 3600 900 3600 6300 4500 1800 126000 121500 5400 2700 1800 900 2700 3600 3600 3600 2700 9900 9900 7200 1800 2700 900 900 900 900 6300 7200 8100 52200 95400 102600 112500 900 12600 2700 1800 4500 3600 1800 900 6300 12600 900 1800 2700 6300 3600 3600 9900 18000 188100 3600 6300 5400 2700 1800 900 900 1800 4500 29700 2700 6300 900 2700 1800 900 4500 1800 1800 17100 16200 900 1800 2700 4500 2700
57600 6300 2700 6300 900 1800 3600 2700 2700 1800 3600 900 3600 115200 900 1800 1800 900 1800 2700 2700 2700 1800 9000 9000 3600 2700 900 1800 900 2700 3600 900 900 12600 36000 6300 3600 900 4500 11700 1800 900 3600 2700 900 1800 3600 11700 900 1800 5400 2700 2700 2700 6300 17100 186300 900 2700 1800 1800 1800 900 900 1800 900 27900 1800 4500 900 1800 900 3600 900 900 16200 7200 8100 900 1800 1800 1800 1800
55800 5400 1800 1800 3600 900 2700 1800 1800 900 2700 2700 1800 108000 3600 900 900 900 900 1800 1800 1800 900 8100 8100 1800 900 1800 900 1800 2700 3600 4500 5400 5400 22500 5400 900 1800 3600 9000 1800 900 2700 1800 900 2700 6300 4500 900 4500 1800 1800 1800 5400 2700 13500 185400 2700 1800 900 900 900 900 1800 3600 20700 6300 900 1800 1800 900 2700 2700 7200 15300 6300 5400 1800 900 900 900 900 900
900 900 2700 900 900 2700 1800 900 900 1800 1800 900 105300 900 900 1800 900 900 900 900 900 900 1800 5400 5400 1800 900 900 900 900 1800 2700 3600 4500 900 20700 2700 1800 900 2700 5400 2700 900 1800 900 1800 2700 2700 3600 3600 900 900 900 4500 1800 900 12600 181800 8100 3600 2700 1800 900 900 900 1800 14400 3600 1800 900 900 1800 1800 3600 7200 5400 3600 900 900 900 900 900 900 900
48600 1800 900 1800 900 900 900 900 900 900 1800 2700 25200 79200 900 900 4500 2700 900 900 900 900 900 3600 2700 1800 900 900 900 900 900 900 1800 2700 11700 6300 1800 1800 900 1800 2700 1800 1800 900 900 1800 1800 2700 2700 900 1800 2700 3600 900 900 1800 9000 171900 900 3600 2700 1800 900 900 900 2700 10800 1800 900 900 900 900 2700 6300 1800 2700 2700 900 900 900 1800 1800 1800 3600
2700 43200 2700 1800 900 900 900 1800 900 900 1800 2700 21600 77400 22500 20700 3600 2700 1800 1800 900 900 1800 900 900 900 900 900 1800 1800 1800 3600 4500 8100 2700 1800 900 900 900 900 900 900 900 900 900 900 1800 1800 1800 2700 3600 4500 5400 6300 7200 8100 139500 25200 6300 5400 2700 1800 900 900 1800 4500 4500 900 900 900 900 1800 5400 900 1800 1800 1800 2700 4500 6300 1800 2700 2700 900
1800 4500 35100 9900 9000 7200 5400 2700 900 900 1800 2700 18000 54000 5400 2700 11700 6300 5400 2700 900 900 900 900 900 900 900 900 2700 2700 2700 900 1800 2700 1800 900 900 900 900 900 900 900 900 900 900 900 900 900 1800 2700 3600 4500 5400 6300 7200 14400 124200 15300 9000 8100 1800 900 900 1800 3600 900 1800 900 900 900 2700 3600 900 900 900 900 900 1800 2700 3600 10800 2700 3600 7200
900 2700 3600 20700 1800 900 900 900 900 900 1800 3600 14400 47700 31500 1800 1800 4500 2700 1800 900 900 3600 6300 3600 900 900 1800 900 4500 8100 11700 900 900 900 900 900 1800 2700 900 2700 1800 1800 900 1800 900 900 900 900 1800 2700 3600 4500 5400 6300 900 122400 12600 1800 900 7200 6300 4500 1800 1800 900 900 900 900 1800 2700 3600 900 900 900 900 900 900 1800 2700 3600 15300 18900 19800
900 900 900 1800 18000 12600 3600 1800 900 900 900 3600 6300 13500 1800 30600 900 900 900 900 900 900 900 11700 900 900 900 1800 2700 900 900 900 12600 2700 1800 1800 1800 2700 4500 900 3600 4500 900 1800 3600 1800 900 900 900 1800 2700 3600 4500 5400 6300 7200 114300 1800 9900 1800 900 2700 1800 900 900 900 900 1800 3600 1800 900 900 5400 1800 900 1800 1800 1800 900 1800 2700 3600 4500 5400
900 900 900 900 1800 2700 7200 2700 900 900 2700 1800 3600 10800 1800 900 29700 26100 1800 1800 900 900 900 900 13500 900 1800 1800 2700 3600 1800 1800 1800 16200 2700 2700 2700 3600 6300 4500 5400 1800 2700 900 6300 1800 900 900 2700 3600 4500 5400 6300 7200 8100 9000 113400 900 900 7200 6300 2700 1800 900 900 900 900 1800 2700 4500 2700 1800 9000 900 2700 1800 2700 2700 2700 900 1800 2700 3600 900
1800 4500 2700 1800 900 1800 2700 900 900 900 900 900 1800 8100 1800 900 2700 12600 10800 2700 900 900 1800 1800 15300 1800 900 2700 2700 7200 900 2700 7200 117900 118800 125100 3600 4500 11700 6300 2700 3600 1800 7200 2700 1800 900 900 1800 2700 3600 4500 5400 6300 7200 8100 102600 7200 6300 5400 4500 3600 2700 1800 1800 900 900 900 900 3600 9000 12600 13500 9900 1800 5400 900 3600 3600 3600 900 1800 2700 4500
10800 4500 2700 900 900 900 900 900 900 900 900 900 2700 3600 900 900 1800 11700 2700 2700 900 900 2700 4500 900 16200 3600 900 3600 7200 81900 85500 91800 1800 900 3600 129600 138600 12600 9900 4500 2700 8100 3600 2700 1800 900 900 900 900 900 1800 2700 3600 4500 5400 58500 22500 21600 18000 15300 13500 9900 4500 1800 900 900 1800 2700 900 900 900 900 14400 10800 2700 6300 1800 4500 4500 4500 900 900 3600
900 900 900 900 900 900 900 900 3600 1800 1800 900 1800 1800 900 900 1800 9000 1800 1800 900 3600 4500 8100 13500 1800 17100 21600 59400 66600 1800 2700 2700 900 1800 2700 5400 6300 145800 23400 8100 9000 4500 3600 2700 1800 900 1800 900 1800 1800 900 900 900 1800 2700 52200 2700 1800 2700 1800 900 2700 4500 2700 900 900 1800 5400 1800 900 1800 1800 1800 15300 11700 3600 9000 5400 900 5400 5400 1800 1800
900 900 900 1800 1800 1800 1800 4500 16200 15300 13500 8100 2700 900 900 900 6300 1800 900 900 900 2700 5400 8100 10800 25200 31500 36000 3600 2700 900 1800 1800 900 1800 1800 1800 3600 5400 152100 184500 9900 9000 3600 2700 900 1800 2700 1800 900 2700 2700 1800 1800 2700 44100 5400 1800 900 900 1800 900 1800 900 900 900 900 1800 2700 6300 2700 1800 2700 2700 2700 16200 12600 4500 15300 1800 900 6300 6300 2700
1800 900 1800 2700 2700 4500 5400 17100 900 900 1800 1800 2700 1800 900 1800 2700 900 900 900 1800 1800 1800 1800 900 3600 3600 1800 900 900 900 900 900 900 900 900 900 900 900 1800 2700 195300 13500 3600 900 1800 2700 3600 2700 900 1800 3600 3600 6300 18000 22500 15300 4500 3600 2700 1800 900 900 900 900 1800 2700 2700 900 3600 7200 3600 2700 3600 3600 3600 17100 13500 20700 2700 900 1800 7200 7200
1800 900 2700 3600 8100 6300 18000 1800 900 900 900 900 900 1800 900 900 900 900 900 900 900 900 900 900 1800 2700 900 900 900 900 900 900 900 900 900 900 900 900 900 900 900 3600 209700 5400 900 2700 3600 4500 3600 1800 900 2700 7200 8100 2700 5400 900 14400 3600 2700 1800 900 900 1800 3600 1800 2700 6300 1800 900 4500 8100 4500 3600 4500 4500 4500 31500 21600 3600 1800 900 2700 8100
3600 900 3600 12600 7200 18900 2700 1800 1800 1800 900 900 900 1800 900 900 900 900 900 1800 1800 900 900 900 1800 900 900 900 3600 1800 3600 1800 1800 4500 6300 8100 9900 11700 16200 900 900 1800 214200 7200 900 3600 4500 5400 4500 2700 1800 900 900 900 900 2700 1800 5400 4500 2700 900 900 900 900 900 5400 2700 3600 7200 2700 1800 5400 9000 5400 4500 5400 5400 36900 22500 4500 900 2700 1800 3600
2700 1800 4500 41400 27900 19800 3600 9000 6300 1800 6300 4500 2700 900 900 1800 1800 900 1800 3600 900 2700 4500 6300 7200 900 3600 900 1800 11700 900 900 900 900 1800 900 900 1800 900 18900 22500 900 215100 8100 5400 5400 6300 900 36900 3600 2700 1800 4500 2700 1800 1800 900 2700 1800 900 900 900 900 1800 1800 2700 9000 3600 4500 8100 3600 6300 6300 9900 16200 21600 27900 34200 37800 23400 5400 1800 3600 6300
103500 54000 48600 6300 5400 4500 21600 11700 10800 9900 900 900 900 1800 1800 2700 3600 900 900 2700 4500 1800 2700 900 900 9000 18900 24300 25200 74700 88200 91800 93600 95400 97200 100800 103500 104400 900 1800 2700 27000 251100 900 11700 7200 40500 38700 900 27900 25200 15300 9000 3600 1800 900 900 900 900 900 900 900 1800 1800 2700 900 1800 9900 14400 5400 9000 900 7200 14400 15300 16200 21600 44100 79200 117900 142200 148500 151200 152100
15300 48600 45000 41400 37800 33300 7200 5400 3600 900 1800 900 900 16200 12600 9900 6300 900 900 2700 6300 11700 900 5400 6300 9000 900 45000 47700 900 900 900 900 900 900 900 900 900 108000 108900 900 1800 2700 267300 8100 44100 2700 1800 900 1800 4500 900 1800 2700 900 900 900 900 900 1800 900 900 1800 2700 2700 3600 900 2700 3600 15300 6300 9900 1800 2700 3600 4500 21600 23400 26100 27000 27900 28800 29700 30600
2700 2700 2700 2700 3600 3600 900 900 900 900 1800 1800 36000 18900 3600 2700 1800 900 900 1800 2700 900 12600 900 1800 37800 43200 900 900 900 900 900 900 900 900 900 900 900 900 900 112500 113400 114300 382500 54000 900 2700 1800 900 900 2700 900 900 1800 900 900 1800 1800 1800 2700 1800 900 1800 2700 6300 900 4500 1800 2700 4500 16200 7200 18000 18900 19800 20700 22500 1800 1800 2700 3600 4500 5400 10800
1800 1800 1800 1800 1800 2700 2700 1800 900 43200 40500 37800 900 900 13500 11700 6300 900 900 1800 2700 11700 13500 35100 36900 2700 900 900 900 900 900 1800 1800 1800 2700 1800 1800 900 900 900 900 900 3600 437400 900 4500 900 900 900 900 900 900 900 900 1800 1800 3600 2700 2700 3600 2700 1800 2700 3600 7200 1800 900 5400 900 3600 5400 17100 18000 18900 19800 21600 900 900 900 1800 2700 3600 4500 2697300
900 900 900 900 900 900 1800 900 44100 2700 1800 900 900 900 900 4500 3600 900 900 1800 4500 3600 19800 900 900 900 900 900 1800 1800 1800 900 2700 2700 5400 2700 2700 900 3600 4500 900 1800 900 736200 5400 900 3600 1800 1800 1800 900 900 900 900 900 2700 6300 3600 900 7200 3600 2700 3600 4500 8100 2700 1800 900 6300 1800 4500 6300 900 1800 900 900 1800 2700 3600 4500 5400 6300 7200 2689200
900 900 900 900 900 900 900 45000 3600 900 900 1800 1800 900 900 900 2700 2700 900 1800 2700 1800 900 900 900 1800 2700 3600 5400 4500 2700 900 2700 6300 15300 18900 3600 278100 279900 282600 290700 291600 292500 900 752400 5400 900 5400 2700 900 900 900 1800 1800 1800 4500 7200 4500 900 1800 11700 3600 4500 5400 9000 3600 2700 900 1800 7200 2700 5400 7200 900 2700 900 900 900 1800 2700 3600 4500 5400 2688300
900 1800 2700 900 1800 2700 900 49500 1800 1800 2700 2700 1800 1800 900 900 1800 1800 900 1800 900 900 1800 2700 3600 7200 9000 9900 10800 21600 27000 30600 31500 32400 33300 213300 273600 900 1800 2700 900 6300 8100 9000 900 769500 9000 2700 1800 2700 900 900 1800 2700 2700 2700 12600 5400 1800 900 14400 4500 5400 6300 9900 4500 3600 900 1800 2700 10800 6300 900 8100 4500 1800 900 1800 900 900 1800 2700 3600 2678400
2700 2700 3600 3600 3600 900 1800 52200 2700 3600 3600 2700 2700 1800 1800 900 900 900 900 2700 3600 900 900 1800 2700 900 900 1800 4500 2700 5400 8100 10800 170100 179100 39600 900 900 1800 1800 4500 900 8100 18000 18900 802800 6300 5400 4500 900 900 900 1800 2700 3600 3600 16200 6300 2700 1800 900 19800 6300 900 17100 9000 900 900 1800 2700 14400 7200 1800 900 13500 2700 1800 900 2700 1800 900 900 900 2674800
4500 6300 4500 4500 4500 1800 2700 53100 7200 4500 900 6300 2700 2700 1800 900 900 900 900 1800 2700 7200 1800 900 900 900 900 1800 1800 1800 1800 1800 158400 8100 9900 27000 1800 900 900 1800 2700 7200 9000 4500 13500 900 811800 900 1800 900 900 1800 1800 2700 3600 11700 28800 9900 900 2700 900 1800 27000 1800 18000 9900 1800 3600 900 900 18000 8100 2700 1800 14400 3600 2700 900 1800 7200 1737000 1738800 1811700 799200
7200 7200 5400 9900 900 2700 3600 54000 12600 900 1800 9900 3600 2700 1800 1800 1800 900 900 900 1800 2700 8100 2700 1800 1800 1800 900 900 900 900 157500 7200 9000 4500 9900 11700 900 900 1800 3600 8100 3600 6300 1800 2700 818100 2700 900 900 900 1800 2700 8100 9000 9900 10800 50400 1800 3600 1800 2700 30600 2700 1305000 1333800 1336500 4500 1800 3600 1665900 1677600 1683900 1692000 1711800 1716300 1719900 1726200 1727100 1728000 16200 72000 7200 788400
8100 13500 10800 1800 3600 900 4500 54900 13500 1800 12600 4500 3600 2700 2700 2700 1800 900 900 900 900 1800 5400 9000 12600 15300 19800 20700 21600 900 156600 6300 8100 3600 6300 2700 9900 900 900 2700 7200 2700 5400 900 1800 2700 823500 1800 900 2700 900 900 2700 900 900 1800 1161000 1162800 1230300 1231200 1242900 1258200 1299600 1301400 900 6300 11700 1352700 1358100 1639800 3600 2700 2700 5400 4500 3600 4500 900 1800 15300 10800 44100 6300 787500
9000 14400 13500 4500 900 1800 5400 55800 14400 15300 5400 8100 3600 3600 6300 2700 1800 900 1800 900 1800 900 1800 8100 9000 14400 117900 124200 127800 154800 5400 3600 3600 2700 5400 1800 8100 900 1800 6300 1800 1800 2700 900 1800 1800 1800 826200 3600 3600 1800 1800 3600 1093500 1099800 1157400 900 900 14400 7200 7200 5400 9900 900 3600 900 4500 3600 5400 275400 2700 1800 1800 4500 3600 2700 2700 5400 12600 9000 900 43200 5400 786600
45900 36000 20700 1800 900 2700 6300 56700 73800 43200 36900 13500 12600 8100 900 2700 1800 900 2700 1800 2700 900 900 1800 4500 93600 102600 5400 2700 4500 4500 2700 2700 1800 4500 900 7200 900 5400 900 900 900 900 900 900 900 900 183600 1010700 1018800 1065600 1080000 1088100 4500 900 900 55800 7200 6300 6300 6300 4500 6300 2700 2700 3600 1800 900 4500 274500 1800 900 900 3600 2700 1800 1800 1800 6300 5400 2700 42300 4500 785700
