samples/aoi_dem.asc
ncols        277
nrows        373
xllcorner    339188.872239818913
yllcorner    6745209.873372113332
cellsize     30.000000000000
NODATA_value  -99999
[rows 95 to 113 of 373, columns 176 to 219 of 277]
541.400146484375 533.36676025390625 528.45599365234375 528.45074462890625 528.44549560546875 528.4403076171875 528.43505859375 528.4298095703125 524.80291748046875 518.18304443359375 515.30108642578125 518.916015625 520.20355224609375 521 519.20654296875 513.62640380859375 505.07537841796875 502.75921630859375 502.757049560546875 502.92047119140625 504.44061279296875 506.0556640625 505.558624267578125 504.681549072265625 504.532318115234375 505.579803466796875 508.226898193359375 509.6666259765625 517.045654296875 523.42462158203125 531.739013671875 542.9501953125 556.0357666015625 568.49139404296875 580.331298828125 592.39019775390625 597.80682373046875 600.0367431640625 598.08929443359375 591.4915771484375 581.21661376953125 574.37750244140625 571.97607421875 573.21759033203125
537.3958740234375 530.0732421875 528.4581298828125 528.45294189453125 528.44769287109375 528.44244384765625 528.43719482421875 529.58880615234375 526.07373046875 519.80535888671875 518.615234375 520.7783203125 520.919921875 521 519.63970947265625 514.70965576171875 508.645965576171875 503.273406982421875 502.751800537109375 505.8553466796875 507.997283935546875 507.434814453125 504.13116455078125 499.9462890625 498.70526123046875 497.90093994140625 498.919097900390625 500.186309814453125 503.4600830078125 511.799346923828125 521.7452392578125 536.595947265625 554.6016845703125 568.48431396484375 579.4803466796875 588.80279541015625 593.7293701171875 596.52508544921875 593.10888671875 584.6544189453125 574.77703857421875 569.70025634765625 570.19488525390625 573.76739501953125
537.1309814453125 529.61676025390625 528.4603271484375 528.455078125 528.4498291015625 528.44464111328125 531.11767578125 533.20477294921875 529.71630859375 523.4874267578125 521.65496826171875 522.70294189453125 522.73504638671875 522.46820068359375 520.60809326171875 515.7618408203125 508.68011474609375 502.488922119140625 501.095794677734375 503.03948974609375 504.93402099609375 503.563201904296875 500.297943115234375 496.086395263671875 493.394989013671875 491.337799072265625 492.22332763671875 493.540130615234375 496.1669921875 507.389801025390625 518.58251953125 532.60772705078125 549.63677978515625 561.99188232421875 573.078857421875 582.36798095703125 586.2845458984375 589.9010009765625 585.0653076171875 574.67218017578125 566.38330078125 563.13470458984375 566.32440185546875 570.4351806640625
541.0748291015625 533.94464111328125 534.11810302734375 531.65716552734375 528.761474609375 530.63018798828125 534.29705810546875 534.62091064453125 531.620361328125 526.4930419921875 524.58807373046875 525.46832275390625 525.336669921875 524.3902587890625 522.48980712890625 517.6956787109375 509.455413818359375 503.12554931640625 499.715179443359375 500.0556640625 499.313873291015625 498.06231689453125 493.84307861328125 493.0384521484375 493.00054931640625 490.96728515625 490.965087890625 490.962921142578125 493.146820068359375 505.1949462890625 516.5263671875 527.14898681640625 541.1492919921875 552.5892333984375 561.60003662109375 572.16278076171875 577.8057861328125 577.1888427734375 573.34051513671875 563.83123779296875 556.4390869140625 555.02777099609375 558.25286865234375 562.00677490234375
549.2540283203125 543.65850830078125 543.0164794921875 540.80474853515625 535.539306640625 534.05462646484375 535.35711669921875 534.8265380859375 531.43218994140625 528.14593505859375 528.1226806640625 530.05133056640625 530.68609619140625 529.6700439453125 527.1697998046875 521.434326171875 513.1319580078125 506.163665771484375 502.3321533203125 499.3458251953125 497.19964599609375 496.649078369140625 494.634613037109375 493.567779541015625 493.49310302734375 491.584259033203125 490.959869384765625 490.95770263671875 491.75567626953125 500.15576171875 511.67779541015625 521.302978515625 531.73822021484375 542.98651123046875 551.3759765625 560.27685546875 563.168701171875 561.75115966796875 556.599853515625 548.07684326171875 541.79144287109375 542.5445556640625 546.29449462890625 550.64453125
560.25347900390625 554.6781005859375 551.7034912109375 547.85040283203125 544.5009765625 540.2122802734375 537.67340087890625 535.1612548828125 530.828857421875 528.2935791015625 529.5455322265625 533.74139404296875 539.5450439453125 540.21075439453125 535.40576171875 528.75567626953125 519.67718505859375 511.456298828125 507.03460693359375 503.779815673828125 501.84027099609375 504.804901123046875 505.866790771484375 501.109771728515625 496.838134765625 493.006988525390625 490.95770263671875 490.95245361328125 490.950286865234375 496.66082763671875 505.31414794921875 512.86431884765625 521.492919921875 531.23681640625 539.757568359375 546.210205078125 549.94256591796875 547.843994140625 541.797119140625 530.93475341796875 526.3812255859375 529.4071044921875 533.9532470703125 538.91400146484375
571.48443603515625 563.78887939453125 559.30548095703125 554.98663330078125 553.44287109375 547.9283447265625 540.02313232421875 536.016357421875 531.4300537109375 528.97320556640625 532.31146240234375 539.64984130859375 548.583740234375 551.03338623046875 546.51141357421875 538.2689208984375 529.53338623046875 521.49945068359375 515.0892333984375 510.566497802734375 511.709564208984375 514.42242431640625 516.858642578125 514.09918212890625 507.725555419921875 499.26287841796875 492.185638427734375 490.950286865234375 490.945068359375 491.747222900390625 499.36602783203125 505.96575927734375 511.777923583984375 520.41534423828125 527.83624267578125 533.596435546875 537.3392333984375 536.75048828125 526.861328125 512.75927734375 508.841644287109375 516.51312255859375 522.8555908203125 528.94287109375
579.34918212890625 570.5965576171875 563.978515625 559.69464111328125 557.5516357421875 550.11981201171875 540.80224609375 536.05230712890625 533.54931640625 534.1273193359375 538.281005859375 546.95269775390625 556.47784423828125 559.1358642578125 556.26141357421875 547.7584228515625 539.5714111328125 532.30828857421875 523.6976318359375 518.9910888671875 519.19305419921875 523.42303466796875 526.960693359375 527.11199951171875 521.42626953125 509.332275390625 497.35894775390625 491.647430419921875 490.992706298828125 490.937652587890625 490.6817626953125 493.522430419921875 500.35968017578125 509.6383056640625 516.6334228515625 522.75360107421875 526.188720703125 524.45245361328125 509.385833740234375 493.06988525390625 492.621795654296875 500.959808349609375 509.343292236328125 519.50244140625
582.02410888671875 574.6064453125 565.99932861328125 559.80059814453125 554.61859130859375 547.0357666015625 540.492919921875 536.57781982421875 536.69635009765625 541.015869140625 546.9136962890625 553.94403076171875 563.10321044921875 567.543212890625 565.72613525390625 558.607421875 550.1180419921875 542.3370361328125 534.497314453125 528.85540771484375 530.20751953125 537.719970703125 539.8902587890625 538.8941650390625 532.53057861328125 520.55548095703125 506.639312744140625 495.9371337890625 493.00372314453125 490.6787109375 490.676544189453125 490.6787109375 490.8555908203125 501.21453857421875 509.889007568359375 517.54119873046875 520.68359375 514.04632568359375 492.067718505859375 480.23150634765625 478.659149169921875 482.191802978515625 491.319000244140625 506.3646240234375
582.17474365234375 574.38330078125 565.42462158203125 556.7115478515625 548.6915283203125 543.359619140625 539.856201171875 538.22711181640625 540.933837890625 548.55523681640625 557.4114990234375 564.54656982421875 571.4578857421875 574.9097900390625 573.79620361328125 568.71453857421875 561.31243896484375 554.15179443359375 548.59716796875 546.60247802734375 550.7869873046875 553.10406494140625 553.90228271484375 550.0225830078125 540.43792724609375 529.43560791015625 515.41748046875 502.257049560546875 495.613983154296875 490.836669921875 490.671295166015625 490.6734619140625 490.6787109375 498.132781982421875 508.464630126953125 516.205322265625 518.693115234375 509.738128662109375 488.337860107421875 475.03851318359375 474.9842529296875 473.9580078125 475.619415283203125 488.1348876953125
577.46246337890625 568.21337890625 562.1531982421875 551.9429931640625 543.88665771484375 540.8541259765625 541.23431396484375 542.59808349609375 547.87060546875 556.4691162109375 566.75506591796875 574.9556884765625 580.477294921875 584.58843994140625 584.29376220703125 580.1998291015625 575.166748046875 571.94903564453125 569.021728515625 568.37359619140625 567.507568359375 563.99169921875 558.954833984375 551.7412109375 541.95440673828125 531.998046875 517.03656005859375 505.600982666015625 497.320770263671875 492.167236328125 490.66607666015625 491.356964111328125 496.484619140625 503.685302734375 510.5469970703125 514.91986083984375 512.51068115234375 503.67803955078125 484.158538818359375 475.914276123046875 474.740203857421875 473.9527587890625 475.26702880859375 481.690032958984375
569.823974609375 561.3880615234375 557.65728759765625 548.91412353515625 541.5462646484375 541.6646728515625 546.41302490234375 550.967041015625 557.11016845703125 563.63970947265625 573.01153564453125 583.0797119140625 590.2940673828125 593.786376953125 592.70806884765625 589.8021240234375 586.385498046875 583.7301025390625 580.369873046875 575.64892578125 571.856201171875 563.53546142578125 552.55987548828125 544.478759765625 536.38751220703125 528.767578125 515.3321533203125 503.242462158203125 494.901214599609375 490.658660888671875 492.326385498046875 496.36883544921875 501.176239013671875 506.45806884765625 509.59423828125 506.813018798828125 500.3134765625 491.9454345703125 484.39263916015625 479.2882080078125 474.52325439453125 472.992767333984375 474.17901611328125 479.286590576171875
566.51519775390625 558.1239013671875 553.96221923828125 547.63470458984375 541.8021240234375 545.11480712890625 552.0872802734375 557.86016845703125 563.3114013671875 569.0416259765625 577.85125732421875 588.743408203125 596.977783203125 598.41619873046875 595.7408447265625 592.74261474609375 589.535888671875 585.90081787109375 580.74005126953125 572.58343505859375 565.97900390625 553.66064453125 542.18499755859375 534.62274169921875 530.21630859375 524.49053955078125 513.33197021484375 501.431884765625 491.569488525390625 488.3182373046875 489.860565185546875 494.28240966796875 497.83880615234375 499.679840087890625 500.0086669921875 497.05084228515625 489.513916015625 484.83001708984375 483.07574462890625 479.41192626953125 474.549072265625 472.680206298828125 471.175048828125 471.43426513671875
564.1993408203125 554.6964111328125 549.81744384765625 545.54461669921875 543.0284423828125 547.443115234375 554.75152587890625 560.642822265625 565.89263916015625 572.4193115234375 580.6419677734375 590.6083984375 598.02923583984375 597.14727783203125 593.955322265625 589.7279052734375 586.06988525390625 581.423095703125 574.88751220703125 565.1761474609375 554.56866455078125 542.8265380859375 533.2371826171875 527.21343994140625 524.94342041015625 521.67724609375 512.7127685546875 502.301483154296875 491.420623779296875 488.316070556640625 488.310821533203125 490.298004150390625 492.53399658203125 491.0301513671875 489.349395751953125 487.85272216796875 483.80255126953125 480.77288818359375 480.19305419921875 478.734954833984375 475.938873291015625 475.602935791015625 472.157196044921875 468.253021240234375
559.6456298828125 551.01727294921875 546.1728515625 544.477294921875 544.417724609375 548.6695556640625 555.64794921875 562.229248046875 568.0032958984375 573.90313720703125 580.41290283203125 588.08447265625 593.71478271484375 592.47369384765625 588.26275634765625 584.07403564453125 579.56658935546875 573.4881591796875 566.01495361328125 556.44970703125 545.253662109375 536.53619384765625 530.1983642578125 524.53515625 522.45599365234375 520.03509521484375 512.53692626953125 502.951904296875 491.65521240234375 488.31390380859375 488.30865478515625 488.303436279296875 488.298187255859375 488.1722412109375 484.663543701171875 482.654083251953125 480.982513427734375 479.88031005859375 479.87506103515625 479.80548095703125 478.980438232421875 480.04168701171875 478.01165771484375 471.909454345703125
556.71875 550.67193603515625 546.74810791015625 546.6025390625 546.7557373046875 550.61724853515625 556.8612060546875 564.095947265625 569.3797607421875 573.86175537109375 578.03277587890625 582.58221435546875 586.96771240234375 586.61444091796875 582.83026123046875 578.70623779296875 572.7454833984375 564.4361572265625 557.94012451171875 550.5184326171875 541.70147705078125 536.61456298828125 536.66009521484375 534.0382080078125 529.50537109375 524.654052734375 516.8070068359375 505.863006591796875 496.8212890625 489.998077392578125 488.7183837890625 490.321075439453125 490.96868896484375 492.254486083984375 489.092681884765625 484.6787109375 482.659210205078125 482.497314453125 481.8734130859375 483.3900146484375 482.47186279296875 481.861083984375 480.3436279296875 475.440093994140625
555.3074951171875 552.02154541015625 549.867431640625 549.376953125 549.064208984375 551.542724609375 557.1092529296875 564.46044921875 568.4041748046875 571.32122802734375 574.02459716796875 576.1568603515625 579.2720947265625 581.2451171875 579.5379638671875 575.53192138671875 569.17724609375 561.0740966796875 555.54681396484375 550.2320556640625 543.60296630859375 543.51202392578125 548.64434814453125 548.868896484375 541.08062744140625 531.07952880859375 520.668701171875 510.918731689453125 505.2357177734375 499.760833740234375 498.12451171875 499.495758056640625 500.872467041015625 501.382476806640625 497.75543212890625 493.84112548828125 491.565704345703125 488.915985107421875 487.286376953125 487.314178466796875 485.3138427734375 483.06463623046875 479.96380615234375 476.96795654296875
554.19482421875 552.53778076171875 552.62835693359375 551.2298583984375 550.11474609375 551.6871337890625 556.802978515625 562.46246337890625 564.64056396484375 566.61102294921875 569.12677001953125 571.20343017578125 573.9508056640625 577.97454833984375 577.51690673828125 574.85333251953125 570.50146484375 565.240966796875 559.85565185546875 554.7723388671875 552.0205078125 555.91082763671875 561.8751220703125 562.00946044921875 552.55731201171875 537.34765625 524.03656005859375 515.9544677734375 512.5135498046875 510.772918701171875 509.802032470703125 510.975982666015625 512.1070556640625 511.763671875 508.97900390625 506.16033935546875 503.071075439453125 498.461151123046875 494.41351318359375 492.938201904296875 489.951202392578125 487.346954345703125 483.778289794921875 481.976959228515625
554.95306396484375 553.409912109375 554.35821533203125 554.64520263671875 553.0946044921875 555.6158447265625 559.4632568359375 562.33184814453125 562.71337890625 564.62408447265625 567.24566650390625 569.90118408203125 574.01788330078125 577.46514892578125 577.63983154296875 575.70440673828125 573.19622802734375 570.57183837890625 566.5281982421875 563.66522216796875 564.5704345703125 569.17230224609375 573.4166259765625 571.92095947265625 562.3446044921875 546.63037109375 532.07244873046875 523.317626953125 519.47100830078125 519.32952880859375 521.25469970703125 523.452880859375 525.8028564453125 527.830810546875 526.2763671875 524.60589599609375 520.379150390625 515.7611083984375 506.60894775390625 499.97528076171875 495.80059814453125 493.510589599609375 489.17962646484375 488.646636962890625
