samples/aoi_twi.asc
ncols    277
nrows    373
xllcorner    339188.87224
yllcorner    6745209.87337
cellsize    30.0
NODATA_value    -2147483648.0
[rows 108 to 134 of 373, columns 120 to 179 of 277]
6.7333775 4.825224 4.7961903 4.3226852 3.383184 2.9061007 2.9985805 3.343445 3.4418428 3.4604642 3.4155974 3.4055865 3.515345 4.482258 3.9633784 3.8266106 3.6346102 3.7886202 3.9124758 4.170921 4.639505 4.7365556 4.759948 4.894343 5.1545134 5.684654 5.4793353 5.261515 5.7704 4.424453 3.6956918 3.5909324 3.8447695 4.906033 5.1892157 4.6983223 5.322019 5.9899893 6.2346926 4.674459 4.272008 3.9654927 3.9936182 4.7149906 4.695898 4.5926495 4.440018 4.232895 4.1420255 3.922014 3.236998 3.2568166 3.0691893 3.0021918 3.057637 3.007328 3.094131 3.4588315 3.7475157 4.2204003
6.4580703 4.847113 4.774438 4.287176 3.307044 2.7815013 2.970442 3.4100842 3.533102 3.4287438 3.3260937 3.337573 4.2881546 4.6923966 4.795584 4.528507 3.6038406 3.5521822 3.7554305 4.3864255 4.7845654 4.5454106 4.389614 4.8341146 5.369325 5.1577353 4.9903197 4.8507137 5.3402576 4.479762 4.0792274 4.0265746 4.313124 5.1371074 6.166579 5.4101243 5.171909 5.265377 5.00086 3.9858143 3.893392 3.897511 3.6916761 3.5209398 3.4130433 3.2739727 3.1359003 3.0715559 3.0441198 2.986922 3.007528 3.0495017 2.9659064 3.0793889 3.031715 2.949184 3.1416852 3.590578 4.2561145 5.513984
6.367361 4.757516 4.336014 4.0435247 3.3564322 2.853772 2.829563 3.3305974 3.5927062 3.4246104 3.4671423 3.5967607 3.891035 5.0037837 5.185214 5.3487763 5.090835 4.0765934 4.1580324 4.6388955 5.173027 4.727191 4.2401676 4.5044837 6.0793915 6.196638 5.6314425 4.991745 5.4579577 4.632272 4.1305466 4.590729 4.707739 4.8800774 7.4537992 4.540567 4.23745 3.8686857 3.6341088 3.552658 3.600343 3.6695755 3.4072204 3.2295713 3.1547682 3.0760908 2.961008 2.9161732 2.9225128 2.9668906 2.9316359 2.9099956 2.9106023 2.9793708 3.0030832 3.2260132 3.5891316 3.9291203 4.5292344 4.64402
5.481761 4.8275194 4.127304 3.837318 3.5212097 3.0233474 2.7884696 3.1015935 4.1769814 4.2887325 4.47566 3.9212596 4.2357826 4.6399956 4.8940663 5.529206 6.424032 5.0273023 4.9866776 4.790255 5.9825306 6.5333347 4.3877296 4.142124 5.220605 5.279903 4.768433 5.6896396 6.011673 5.299626 4.0303187 4.0868382 4.670289 6.3841114 5.6492066 4.784084 3.8522894 3.6159296 3.4049635 3.3289354 3.3711646 3.2867045 3.1010234 3.089078 3.1019976 3.0770035 2.999413 2.9291947 2.9253068 3.0071847 2.9657028 2.950158 3.1195273 3.200764 3.4665864 3.89635 4.1756473 4.483969 4.3697767 4.686313
4.488123 4.5716805 4.439197 3.8331273 3.5341122 3.1991956 2.8965955 2.9578564 3.945514 4.2422924 3.799388 3.9274504 4.141644 4.5233383 5.0280414 7.140107 5.315164 5.373619 5.0850186 4.667174 5.12723 5.2213717 5.353561 4.160155 4.2864223 4.6308594 4.973414 5.661624 6.232836 5.4574814 4.250288 3.8910847 5.264869 5.452595 4.696799 3.7433834 3.545063 3.3779774 3.2788987 3.2270782 3.196659 3.0357397 2.9875028 3.1780908 3.2252986 3.2649815 3.2221868 3.253825 3.2728064 3.2909822 3.231103 3.3726234 3.6778803 3.9478903 4.5137887 4.5913696 4.663792 5.492866 4.6903925 4.4691353
3.9859931 4.429571 4.6866035 4.1149573 3.649814 3.3061657 2.9574747 2.8763547 3.1384861 3.520413 3.6709528 3.7798715 4.06024 4.6456327 6.061504 5.318307 5.2146864 5.543739 4.743234 4.3834496 4.9177833 5.006436 6.3598065 5.305482 4.077159 4.2408752 6.249709 5.0379853 5.33776 4.6540995 4.22358 5.128283 5.018802 4.366785 3.3963678 3.3334997 3.205633 3.111732 3.118618 3.2049642 3.2059953 3.1073484 3.413855 3.6958432 3.8720872 3.9560332 3.943611 4.293095 4.4216604 4.062559 3.9829388 4.6325936 5.167508 6.0960507 5.3466687 4.6251054 4.483752 5.235005 4.8635926 4.1773605
4.1940784 4.3511314 4.3139634 4.2345853 3.9454074 3.3580256 2.900263 2.8502994 3.8708818 3.4998875 3.5739388 3.780847 4.230471 4.722415 5.764575 4.911511 4.942116 5.0741987 4.66842 4.3901105 4.9363356 5.028625 5.410687 4.8250213 3.9334803 4.3804603 5.456985 4.7728667 4.9180346 5.1490192 4.783725 4.2611103 3.581446 3.2815144 3.2089937 3.1980894 3.1096282 3.1376305 3.3565507 3.6611161 3.809596 4.100081 5.8771214 5.63086 4.8734746 4.2607956 4.122431 4.678843 5.448222 4.7119126 4.0686617 3.8167562 4.062337 4.2570415 4.4112206 4.406851 4.086968 4.537193 4.409174 4.0639725
4.91756 5.4135423 4.427811 4.1667666 4.120703 3.5107412 2.9858656 2.8720272 3.7971444 3.3708675 3.5594447 3.8879921 4.425215 4.718067 5.235608 4.830169 4.73136 4.4994693 4.606254 4.235056 4.3487864 4.2854705 4.6815295 3.8511693 3.9179833 4.3811207 4.4787903 4.5340085 4.4966006 4.130635 3.8984897 3.5563867 3.2787142 3.2114391 3.377883 3.4417274 3.4775922 3.7551486 4.4221525 4.461893 4.1842256 4.0358424 3.761098 3.5271852 3.5521889 3.5871642 3.5275595 3.734266 4.2332196 4.204873 3.5960867 3.3772779 3.5242975 3.8282745 4.285977 4.52646 4.211311 4.113848 4.203382 4.1123366
4.6882024 4.8900056 4.4210577 4.3347244 4.2193594 3.717057 3.215396 2.9500523 3.002391 3.2682304 3.4951556 4.4982796 5.139486 5.032344 5.0241017 4.601892 4.315064 4.139321 4.851512 4.5436573 3.8463078 3.7411542 3.6047163 3.5471623 3.55265 3.823787 3.973218 4.073916 4.264148 3.9839678 3.7329247 3.4924943 3.2991717 3.5572581 4.0297737 4.382229 4.526456 4.1900077 3.7347572 3.5317273 3.5102937 3.4932039 3.442628 3.3651109 3.4275024 3.4942355 3.3740118 3.4283528 3.504928 3.4321644 3.168577 3.186164 3.3649893 3.652038 4.051937 4.4684615 4.579207 4.176486 4.244416 4.8252068
4.4764943 4.8063445 4.0224457 4.195187 4.254679 3.8011756 3.414438 3.0525467 3.0679631 3.362131 3.428469 4.351721 4.8682065 5.224742 5.18546 4.7059274 3.8611312 3.7710104 4.203094 4.0110693 3.3682876 3.3983996 3.313791 3.1865995 3.246567 3.4941647 3.6888342 3.9973245 4.6410313 4.2658243 3.9274504 3.665921 3.8290815 5.105928 4.9626536 4.208161 3.9091976 3.66578 3.5706096 3.6688743 3.6327603 3.5581324 3.5846806 3.660833 3.6211379 3.606336 3.4278128 3.3132257 3.2786572 3.1403594 3.2963 3.3749938 3.2309623 3.4669354 3.786038 4.281603 4.73516 4.629059 4.566792 5.231183
4.2085943 5.096593 3.8924127 3.7979767 4.0468087 3.9368212 3.533301 3.1318984 3.154062 4.157211 4.2239485 4.4036894 4.6071944 4.5922685 4.4451127 4.1991973 3.4478438 3.3361871 3.0717323 2.9915051 3.1338556 3.2380009 3.2203236 3.3915818 3.624279 3.7027209 3.6488686 3.9605162 5.00678 4.333973 4.000724 4.135548 5.3773146 4.2240505 3.854151 3.7725518 3.7010121 3.75241 3.9853122 4.0765333 3.7829845 3.5840697 3.4336183 3.4944353 3.641412 3.7678936 3.6780643 3.4273539 3.2835848 3.297707 3.6157134 3.661088 3.3911674 3.387754 3.615171 4.0883102 4.759861 5.235431 5.123517 4.644799
4.0063367 4.6027927 3.9429595 3.6813014 3.7460592 3.6619902 3.3731205 3.101565 3.0556722 4.0302267 4.3457885 4.3635583 4.3439746 4.2094774 4.009201 3.2450273 3.1884382 3.142672 3.0727358 3.320184 3.6202183 3.7837603 4.020633 4.622833 4.8471527 3.9634552 3.6362016 4.0061526 5.4371753 4.306074 4.231441 5.395597 3.9656656 3.6053984 3.7284408 3.956268 4.080527 4.017616 4.1010003 4.04146 3.6992927 3.4035294 3.3317034 3.334955 3.4080768 3.6412838 3.685148 3.6187334 3.5850341 3.7275345 3.8041043 3.5650678 3.47375 3.4561534 3.5776553 3.9355593 4.485633 5.310101 5.3463264 4.291407
3.9659522 4.681205 4.0845118 3.8178048 3.7267277 3.4372122 3.1856513 2.9209125 2.8497372 3.8207269 4.157557 4.0841618 3.974377 3.2058415 3.1823938 3.187555 3.232877 3.3529358 3.8564045 4.746059 5.4823713 7.0294614 10.338924 10.34263 6.788911 4.1203275 3.5798714 4.029095 5.689588 4.5237174 4.0305657 3.9291914 3.7161896 3.6774938 3.8664021 4.1414394 4.149636 4.03102 3.931186 3.7637768 3.632029 3.6100981 3.7329085 3.9061468 3.5001187 3.3539326 3.3823848 3.5004184 3.9019032 4.3402243 4.115998 3.5781746 3.464619 3.5933046 3.5763988 3.7640436 4.098678 4.355197 4.0700054 3.5407975
3.9842093 4.9031444 4.250178 3.973989 3.7433934 3.4302146 3.1514008 2.8767717 2.736035 2.968454 3.3124413 3.281723 3.1396008 3.1410291 3.2422967 3.4650965 3.821822 4.4401083 5.59403 4.5181603 3.9998672 4.0672245 4.8097672 6.3719716 4.8842645 3.8615575 3.7131298 4.0167775 4.3154793 4.02384 3.7325637 3.8029547 3.8373826 3.7241104 3.7984567 3.8183343 3.719271 3.6084683 3.5653794 3.5004032 3.7201877 4.1824746 4.4434295 5.1631684 4.3073134 3.7822194 3.659836 3.5328708 3.7256851 4.1171355 3.9918952 3.591615 3.5358717 3.5995512 3.477959 3.5041492 3.6996543 3.6175025 3.3824854 3.1690857
3.8162212 5.3127174 4.597701 4.0628057 3.7390046 3.6239123 3.310829 2.958162 2.7693956 2.9149525 3.3151095 3.4045084 3.3523004 3.4194155 3.7501376 5.1612577 4.3418007 3.9682596 3.7457736 3.4521315 3.3967485 3.599417 3.7937272 4.389991 4.1606946 3.9321015 3.8045282 3.7494233 3.7692714 3.9432673 3.9605007 3.9402318 3.7111666 3.599957 3.7420018 3.6329873 3.5994802 3.688718 3.5739775 3.5756884 3.9815092 4.8945303 5.133022 6.497662 5.7072167 5.865448 5.5248103 4.241498 3.9747815 4.073417 3.9052649 3.7556844 3.7232962 3.6514328 3.4995463 3.4536972 3.6160538 3.503911 3.284626 3.2470176
3.634538 4.474294 5.104036 4.09728 3.9174633 3.9628646 3.5960355 3.134877 2.878043 2.9645643 3.4323525 4.027499 4.6875815 4.9138303 3.7779603 3.3324568 3.124514 3.1987214 3.3473167 3.4027178 3.7884233 3.8453686 3.9224582 4.073546 4.440636 4.209944 3.7629292 3.563316 3.779513 4.4905157 4.5003467 4.160546 3.8011312 3.819337 4.845488 4.7754884 4.822854 5.3388786 5.178418 5.251329 4.902736 4.8694224 5.513437 5.0022764 4.564428 5.2449756 5.3021803 4.820847 3.9614718 4.1707 4.039691 3.8393793 3.985684 3.8913488 3.6345613 3.4648278 3.6223197 3.634682 3.6125178 3.689035
3.7116 3.8432925 4.0829496 4.019799 4.323573 4.4321837 3.9062622 3.4171183 3.0697117 3.0640914 3.5040576 3.972349 3.4922483 3.17431 2.9874187 2.9179707 3.8616076 3.325141 3.537862 3.7953842 3.9997284 3.8517573 4.1775527 4.489829 4.810352 4.3265963 3.546364 3.4545004 3.9859822 4.9880447 4.953593 4.3485136 4.1709976 4.287338 5.377346 6.5983515 6.327895 5.8144546 5.4469347 5.0944037 5.0741386 5.169699 5.601019 4.56029 4.9427805 5.298481 4.644948 5.9085226 3.8920732 3.9088588 4.2924805 3.8663101 3.7165859 3.878973 3.717393 3.4539018 3.4960833 3.7029543 3.8274424 3.7367022
4.0782137 3.5816238 3.5886445 3.956835 4.6327085 4.851657 4.0348277 3.4239266 3.1087346 3.0307999 3.070855 3.0311127 2.947399 2.9336827 2.9970207 3.9050508 4.6240053 4.6261067 3.9331255 4.855435 3.9203465 3.7363753 4.170354 4.519399 4.701594 4.0596576 3.3718934 3.5080097 5.057326 5.280708 5.043786 4.499402 4.6618047 5.2475634 4.717633 4.369784 4.235567 4.353708 4.0018 3.7948744 3.899789 4.1731973 4.21907 4.594712 5.2181606 5.224942 4.5352707 6.68816 4.2301006 3.9479144 4.387812 4.3838778 3.9486942 3.943141 3.9645255 3.821471 3.7626066 4.016745 4.1311316 4.395958
3.998099 3.265501 3.3090904 3.9075089 4.477253 4.6897607 3.6042085 3.04289 2.8778498 2.8988621 2.864067 2.8959408 3.808131 4.027208 4.2401357 4.7755604 5.831827 5.6798763 5.2107234 5.2890863 4.6726565 3.755553 4.1502547 4.4269524 4.772294 4.0825796 3.453063 3.7138565 5.598229 5.6918583 4.9954414 4.742478 5.5080204 6.6801767 5.1999397 4.3922744 4.0765657 3.99263 3.940323 3.829941 3.6992235 3.614604 3.7508337 4.164713 5.119225 4.9952655 4.925204 5.9320564 5.145631 4.2528777 4.5516577 5.10124 4.996701 4.9102554 4.8952317 4.552015 4.583319 4.9001894 4.8173795 4.2517095
3.4318187 3.0450428 3.3152142 3.9422464 3.9834268 3.8697588 3.2265716 2.8142033 2.792292 2.9238806 2.9494214 3.7155259 4.060936 4.574341 5.254829 6.267933 7.0530863 7.0084677 6.3921323 5.478651 3.9928703 4.078165 4.3623466 4.5953 5.2515697 4.403417 3.6050906 3.752949 5.1243043 5.4122024 5.059554 5.1414943 5.860877 6.5890093 4.9191937 4.468292 4.2900405 4.073489 4.1046777 3.9471862 3.7430499 3.6638098 3.675923 3.7656527 4.017229 4.2719536 4.857449 4.204511 4.2624545 5.2086773 4.7446256 4.5481243 4.2380614 4.03806 3.8395338 3.6971016 3.5697403 3.5914228 3.6333766 3.6178396
3.2929635 3.1655517 3.4937105 4.189174 3.5718744 3.3195758 3.0383775 2.7965455 2.825271 2.9819098 3.7254393 3.8705885 4.2633386 5.265888 6.543309 4.875813 4.6259704 4.6594176 6.4867473 5.234084 4.1288915 4.488152 4.6610394 4.3069334 4.549083 4.354747 3.630875 3.765768 4.096528 4.5358834 4.93952 5.3177805 6.045172 6.701492 5.3505554 4.107126 3.9850883 3.9695292 3.9818974 3.8755558 3.799649 3.8523412 3.7317019 3.6082191 3.574936 3.5671296 3.673239 3.7955346 4.181656 4.8311715 4.3912587 3.8631694 3.6714735 3.6545682 3.645068 3.4430609 3.4068384 3.464049 3.454856 3.5387585
3.2889087 3.2175856 3.6315367 4.490488 3.545208 2.9816961 2.8716526 2.9000983 2.8648114 2.8773446 3.742587 4.047175 4.6358104 6.29538 4.478941 4.1837482 4.0382066 3.978486 4.9032407 4.912159 4.975624 4.598939 4.426908 4.070971 4.546357 4.3122945 3.6771643 3.8008764 3.8834543 3.972813 4.95559 5.758649 6.4389915 5.3737297 4.9403043 3.7883 3.6572714 3.7771108 3.7655761 3.6601212 3.5848036 3.6918428 3.618043 3.4939368 3.4178014 3.3885655 3.3734722 3.5819986 3.6896617 3.7455683 3.6761572 3.3869047 3.343571 3.4905741 3.5504549 3.3115025 3.3250704 3.6519463 3.9147928 3.8307765
3.14678 3.2427092 3.8843553 4.6364794 3.6395032 2.955394 2.7975829 2.8103762 2.7369246 3.4831529 3.7895522 4.218373 4.9760127 5.5214577 4.0045547 4.125934 4.053204 3.796594 4.2450557 4.3120484 4.4314027 3.994218 4.100604 4.1000614 4.551552 4.5475655 3.711421 3.6844559 3.6960697 3.7293515 3.796363 4.7809253 4.9742203 4.708152 3.7856493 3.4125428 3.343467 3.48252 3.4381263 3.3065279 3.3131175 3.457768 3.4249437 3.3784287 3.3072515 3.3035107 3.306749 3.3818555 3.429005 3.3880703 3.3154972 3.1592162 3.1577845 3.2216427 3.2667403 3.1479414 3.494171 3.8467696 4.333464 4.600963
3.1230338 3.603561 4.673367 4.5091066 3.5509522 3.1386561 2.8617806 2.65802 2.5677335 3.464204 3.9476237 4.4463587 5.140256 5.4194984 3.8204787 3.928276 4.0536013 3.7360682 3.351771 3.3251073 3.421766 3.581124 3.6954548 3.81429 4.05454 4.2322817 3.7761576 3.6972382 3.72532 3.7253687 3.755903 4.4532247 4.367245 3.5707138 3.2342846 3.030595 3.0842953 3.2660446 3.2504358 3.2005131 3.272044 3.3944628 3.355246 3.4653313 3.4570365 3.2152362 3.224176 3.3034275 3.4122608 3.3798342 3.2708914 3.069632 3.1654499 3.2553957 3.260224 3.495001 4.082115 3.941806 4.016255 4.5764923
3.4897783 4.3023243 6.725106 4.254444 3.4830394 3.1085122 2.9519045 2.6994076 2.5756903 3.4549108 3.906047 4.483156 4.9716463 5.188502 4.5584936 3.685779 3.6492238 3.4724863 3.2891705 3.213193 3.347475 3.4877634 3.6096308 3.7206807 4.003096 4.599468 4.189985 3.833286 3.8950007 3.8708372 3.8423753 3.6084988 3.2873151 3.1843047 2.9747734 2.958019 3.1324313 3.3458943 3.3698695 3.3865056 3.5218854 3.7443244 3.673514 3.794962 4.0559897 3.7970684 3.5693626 3.6236057 3.8365684 3.6978116 3.3261378 3.1913261 3.4667535 3.790026 3.6879625 4.2314935 4.749549 4.5079627 4.0911303 4.1127725
3.683853 5.3135285 4.726719 3.6734092 3.2124982 3.176543 3.2427127 2.9279811 2.586519 3.3173022 3.8197696 4.356198 5.0253778 5.189702 4.4641576 3.464987 3.3082826 3.2169707 3.182611 3.1321223 3.2747242 3.55029 3.78351 3.986665 4.200642 4.471973 4.50783 4.044264 3.8745136 3.8745453 3.6806412 3.3050313 3.1224754 3.0743694 3.0532427 3.1817257 3.5130875 3.6488657 3.535769 3.6303835 4.0129714 4.5896807 4.2727394 4.189713 4.9088187 7.956208 4.792183 4.1926084 5.0351515 4.2373295 3.5670798 3.584709 3.899615 4.1731853 4.193531 4.926253 5.8619223 4.6485415 4.013224 3.6080306
4.0549335 5.492202 3.855922 3.3177505 3.314063 3.683993 3.6620991 3.0619533 2.712191 2.6212156 3.618344 4.1086993 4.664579 4.9801254 4.2238116 3.943761 3.1081238 3.0050666 2.9671345 3.111057 3.2370229 3.4782252 3.725768 3.8099499 3.7556667 3.6922772 3.85469 3.8392634 3.510908 3.4382591 3.3922598 3.269407 3.3715804 3.392676 3.4859862 3.7348151 4.0892696 3.8268282 3.5445824 3.7663863 4.262865 4.617343 4.4126644 4.298193 4.717345 4.1033597 3.6402292 3.974378 5.0912366 4.0446005 3.6054153 3.6928012 4.0078564 4.0748672 4.395372 4.6266336 4.54413 3.6725454 3.4041748 3.3025637
