samples/aoi_catcha.asc
ncols        277
nrows        373
xllcorner    339188.872239999997
yllcorner    6745209.873370000161
cellsize     30.000000000000
NODATA_value  -99999
[rows 37 to 73 of 373, columns 0 to 83 of 277]
1800 900 900 1800 1800 900 900 900 2700 900 900 2700 2700 900 900 900 900 900 107100 18000 9900 6300 3600 1800 2700 2700 2700 1800 1800 900 900 1800 4500 6300 1800 2700 2700 7200 4500 900 900 1800 900 1800 1800 1800 900 900 900 900 23400 59400 51300 12600 2700 1800 6300 900 900 4500 1800 1800 900 900 900 900 1800 12600 900 900 1800 2700 3600 4500 5400 21600 27000 4500 4500 122400 3600 2700 4500 5400
4500 3600 1800 900 900 1800 2700 3600 4500 1800 1800 6300 1800 900 900 1800 3600 110700 2700 4500 2700 2700 1800 2700 900 1800 1800 1800 900 900 900 900 2700 4500 900 900 1800 1800 1800 2700 900 900 900 900 900 900 1800 2700 3600 4500 18000 7200 900 32400 11700 900 900 3600 900 1800 1800 900 900 900 900 900 900 13500 900 1800 1800 2700 900 1800 2700 3600 4500 32400 5400 127800 4500 900 3600 10800
4500 900 900 900 900 1800 3600 4500 9000 7200 9000 900 2700 1800 900 7200 113400 1800 1800 1800 1800 1800 1800 900 1800 900 900 900 900 900 900 900 900 900 2700 1800 900 900 900 900 900 900 900 900 900 900 1800 2700 3600 4500 17100 6300 16200 900 900 9000 900 900 900 900 900 900 900 900 2700 900 1800 1800 14400 1800 2700 2700 3600 900 900 900 900 900 33300 171900 900 900 1800 15300
900 2700 1800 900 900 900 900 1800 2700 17100 10800 900 3600 2700 1800 123300 1800 900 900 900 900 900 900 900 900 900 900 900 1800 1800 900 900 900 3600 2700 1800 900 900 900 900 900 900 1800 1800 1800 1800 900 900 1800 8100 3600 5400 14400 900 900 7200 900 900 4500 900 900 900 900 2700 3600 900 1800 2700 2700 15300 2700 6300 900 4500 6300 8100 9900 1800 1800 172800 1800 900 1800 18000
3600 2700 1800 900 900 900 1800 2700 3600 24300 11700 1800 7200 2700 124200 2700 1800 900 2700 1800 900 900 900 1800 900 2700 1800 900 2700 2700 1800 2700 4500 900 1800 900 1800 900 1800 1800 1800 900 1800 2700 2700 4500 1800 900 900 4500 2700 4500 4500 9000 900 900 2700 900 900 7200 900 900 2700 3600 4500 900 1800 2700 3600 18900 900 9900 900 2700 3600 4500 5400 16200 2700 2700 175500 1800 2700 54000
2700 1800 900 900 900 1800 900 900 1800 2700 36900 2700 10800 125100 3600 12600 5400 4500 900 2700 1800 1800 900 2700 1800 3600 2700 1800 3600 3600 2700 8100 1800 2700 900 2700 1800 900 2700 2700 2700 1800 900 2700 3600 8100 3600 900 900 2700 1800 3600 3600 6300 1800 900 900 1800 2700 4500 9000 1800 3600 4500 5400 1800 2700 3600 4500 20700 900 10800 900 900 1800 2700 3600 4500 17100 20700 3600 181800 407700 350100
1800 900 1800 900 900 1800 4500 1800 2700 900 3600 51300 145800 19800 15300 1800 6300 5400 4500 900 900 2700 1800 3600 2700 4500 3600 2700 4500 4500 3600 10800 3600 1800 900 5400 1800 3600 900 3600 3600 2700 900 1800 3600 19800 4500 2700 1800 1800 900 2700 2700 3600 1800 900 900 900 3600 4500 9900 19800 22500 9000 6300 900 2700 3600 9000 21600 12600 900 900 1800 900 1800 2700 3600 5400 900 21600 591300 900 4500
900 2700 1800 900 900 1800 2700 8100 9000 3600 56700 153900 7200 4500 2700 900 900 900 900 900 900 4500 2700 4500 3600 9000 900 3600 5400 9000 11700 4500 2700 1800 6300 10800 8100 3600 900 4500 4500 900 3600 1800 4500 32400 2700 1800 900 900 900 1800 1800 1800 900 900 900 900 900 2700 6300 9000 11700 36900 54900 58500 65700 71100 81000 103500 117000 1800 3600 900 900 900 900 1800 6300 13500 623700 9900 2700 3600
3600 2700 1800 900 1800 900 900 1800 2700 16200 230400 2700 1800 1800 900 900 900 2700 1800 900 900 1800 8100 5400 13500 1800 900 4500 15300 12600 34200 28800 25200 22500 15300 3600 2700 900 900 900 5400 5400 1800 6300 7200 37800 4500 3600 2700 1800 900 900 900 900 900 3600 900 900 1800 900 1800 1800 1800 1800 1800 2700 2700 900 900 10800 11700 131400 135900 1800 2700 900 900 900 1800 645300 7200 2700 6300 1800
3600 2700 900 1800 2700 1800 900 900 1800 2700 235800 1800 900 900 900 900 1800 4500 900 2700 2700 2700 9000 22500 16200 1800 5400 16200 57600 44100 9000 8100 7200 6300 4500 2700 900 900 900 1800 3600 6300 6300 900 52200 5400 4500 3600 2700 1800 900 900 900 900 2700 8100 900 900 1800 900 900 900 900 900 1800 1800 1800 5400 8100 900 900 5400 900 136800 5400 2700 900 900 663300 15300 1800 1800 1800 5400
3600 1800 900 2700 3600 2700 1800 900 900 900 236700 2700 1800 900 900 900 900 2700 5400 4500 3600 187200 183600 171000 145800 133200 81000 63900 5400 4500 3600 2700 1800 900 900 900 900 900 900 1800 2700 4500 7200 7200 53100 3600 2700 1800 900 4500 3600 1800 900 900 900 9900 1800 900 900 2700 900 900 900 900 900 900 2700 1800 1800 2700 3600 900 11700 13500 137700 9000 666900 664200 6300 5400 14400 900 900 900
4500 2700 4500 900 4500 3600 2700 1800 1800 238500 3600 900 900 1800 900 900 1800 1800 3600 14400 189000 900 2700 1800 4500 5400 45900 28800 21600 10800 5400 4500 3600 2700 1800 900 1800 900 900 900 900 3600 12600 8100 57600 9000 8100 7200 6300 900 900 1800 900 900 900 1800 12600 900 900 1800 3600 1800 1800 1800 900 1800 900 900 900 1800 2700 3600 900 900 22500 837000 900 17100 9900 4500 4500 13500 9000 5400
900 3600 5400 1800 5400 4500 5400 900 2700 243000 1800 1800 2700 1800 900 900 3600 2700 4500 207900 3600 2700 1800 900 3600 4500 5400 10800 6300 9900 4500 3600 2700 1800 900 900 2700 1800 900 1800 1800 3600 20700 81900 15300 5400 4500 3600 2700 1800 2700 900 1800 1800 900 2700 13500 900 1800 1800 2700 4500 2700 2700 2700 3600 900 900 1800 2700 3600 4500 5400 6300 900 900 862200 5400 4500 4500 3600 3600 3600 2700
5426100 5420700 5415300 9000 6300 5400 6300 4500 900 900 245700 2700 5400 1800 900 900 5400 8100 208800 9900 9000 4500 1800 900 2700 3600 4500 6300 3600 5400 9000 4500 3600 2700 1800 900 3600 2700 900 3600 900 900 104400 31500 30600 29700 28800 27900 27000 5400 1800 900 2700 2700 1800 900 3600 14400 1800 2700 5400 900 5400 3600 3600 900 4500 1800 900 900 900 1800 2700 3600 900 1800 867600 4500 3600 3600 3600 2700 2700 2700
4500 900 900 5399100 5383800 5377500 547200 540000 249300 247500 3600 900 6300 4500 900 1800 250200 243900 20700 7200 3600 3600 3600 900 1800 2700 3600 2700 2700 2700 4500 3600 1800 900 900 1800 4500 3600 900 5400 900 1800 148500 11700 6300 5400 4500 3600 2700 20700 18000 10800 6300 2700 900 900 1800 4500 15300 2700 9000 900 1800 6300 4500 4500 1800 5400 2700 1800 1800 900 900 900 4500 870300 3600 2700 1800 2700 2700 2700 1800 1800
1800 3600 8100 6300 5400 900 4823100 4800600 285300 284400 6300 1800 7200 261900 256500 253800 2700 2700 2700 2700 2700 2700 2700 2700 900 1800 2700 1800 1800 1800 1800 1800 900 900 1800 2700 5400 900 4500 11700 1800 151200 1800 900 4500 3600 2700 1800 900 1800 1800 6300 3600 2700 900 900 2700 5400 10800 27000 3600 10800 2700 900 7200 5400 5400 2700 6300 3600 2700 2700 1800 1800 8100 884700 9900 4500 900 900 1800 1800 1800 900
900 2700 7200 5400 4500 5400 900 15300 4799700 4798800 277200 276300 275400 5400 4500 3600 900 1800 1800 1800 1800 1800 1800 1800 1800 900 1800 900 900 900 900 900 900 2700 2700 9000 1800 900 900 900 12600 155700 900 900 900 4500 3600 2700 1800 900 900 900 1800 900 900 900 1800 2700 3600 4500 32400 47700 3600 1800 900 8100 6300 6300 3600 7200 4500 3600 3600 2700 900000 3600 1800 4500 2700 1800 900 900 900 900
900 1800 6300 4500 3600 4500 900 1800 11700 1800 4797900 4500 3600 2700 1800 900 1800 900 900 900 900 900 900 900 900 900 900 900 900 900 900 900 900 1800 8100 11700 900 2700 900 900 1800 170100 1800 1800 5400 3600 2700 1800 900 900 900 900 900 900 900 1800 900 1800 2700 3600 4500 5400 60300 2700 900 1800 10800 7200 7200 4500 12600 900 4500 4500 901800 900 900 900 3600 2700 1800 900 900 900
3600 900 5400 3600 2700 3600 900 1800 7200 900 3600 4788900 5400 1800 900 900 900 900 900 900 900 1800 900 900 900 900 900 900 1800 2700 1800 1800 900 900 1800 20700 1800 3600 1800 1800 2700 172800 18900 16200 9900 5400 3600 900 900 1800 2700 1800 900 900 1800 1800 2700 900 900 900 1800 2700 900 63900 900 1800 2700 14400 22500 30600 5400 13500 1800 911700 2700 1800 900 900 4500 3600 2700 1800 900 900
900 2700 4500 2700 1800 2700 900 3600 2700 2700 1800 603900 4178700 2700 1800 1800 1800 1800 1800 1800 2700 900 1800 1800 900 900 2700 1800 2700 3600 2700 2700 1800 900 900 2700 21600 6300 2700 2700 3600 192600 5400 4500 3600 1800 900 1800 900 2700 3600 3600 1800 900 900 3600 6300 9900 1800 1800 900 900 900 1800 64800 1800 900 900 1800 900 31500 6300 22500 918900 3600 2700 1800 8100 2700 1800 900 900 1800 1800
900 1800 3600 1800 900 1800 2700 1800 1800 900 900 1800 599400 4177800 900 2700 4500 2700 2700 3600 1800 2700 2700 1800 900 900 1800 5400 3600 4500 3600 5400 1800 900 900 1800 3600 28800 3600 7200 193500 9900 3600 2700 1800 900 900 900 1800 7200 900 4500 4500 900 900 900 900 900 10800 2700 2700 1800 1800 1800 2700 65700 2700 1800 2700 2700 1800 34200 57600 935100 15300 14400 13500 4500 3600 2700 1800 900 2700 2700
1800 900 2700 900 900 1800 900 900 900 1800 2700 3600 598500 3600 4172400 4167900 5400 3600 3600 4500 2700 3600 3600 3600 900 1800 900 2700 6300 9000 9900 2700 1800 900 900 1800 2700 4500 33300 201600 10800 3600 2700 1800 900 900 900 1800 2700 9000 5400 5400 900 900 900 1800 1800 1800 1800 11700 3600 3600 2700 2700 2700 3600 66600 3600 4500 8100 11700 12600 71100 1152000 16200 11700 5400 4500 3600 2700 1800 900 900 6300
900 900 900 900 900 900 1800 900 900 900 900 1800 592200 2700 1800 1800 4158900 4500 4500 8100 4500 4500 4500 900 1800 3600 900 900 3600 16200 13500 2700 1800 1800 900 900 3600 3600 240300 11700 5400 900 900 900 1800 900 900 1800 14400 12600 6300 1800 900 900 1800 3600 2700 900 2700 2700 12600 8100 900 3600 3600 3600 8100 75600 76500 900 900 900 1227600 3600 199800 3600 5400 4500 3600 2700 1800 900 900 1800
900 900 900 900 900 900 900 2700 5400 7200 8100 9000 582300 1800 900 900 3600 4149900 4145400 4006800 3996900 3986100 3979800 900 2700 4500 1800 1800 21600 900 17100 2700 2700 1800 900 900 900 4500 256500 6300 900 1800 4500 2700 900 900 900 1800 29700 900 2700 900 1800 900 1800 2700 7200 900 1800 3600 3600 13500 9000 10800 15300 19800 20700 21600 900 77400 1800 1233000 2700 1800 2700 198900 2700 1800 900 900 1800 900 900 1800
900 1800 1800 900 1800 1800 1800 1800 900 900 1800 574200 7200 900 900 2700 2700 900 133200 900 900 900 900 3976200 3973500 3969000 64800 62100 37800 36000 3600 3600 2700 1800 900 900 1800 1800 268200 1800 2700 6300 900 1800 1800 900 900 3600 31500 3600 1800 2700 900 900 1800 2700 3600 8100 1800 2700 8100 14400 900 900 2700 3600 4500 5400 27900 1800 1317600 1235700 1800 900 900 1800 198000 2700 1800 2700 900 1800 1800 900
900 1800 2700 2700 1800 2700 7200 900 2700 350100 351900 219600 3600 1800 900 1800 1800 900 6300 126000 100800 900 900 900 900 900 3897900 3895200 3893400 900 14400 3600 2700 1800 900 1800 900 2700 270900 5400 7200 900 2700 2700 900 1800 1800 36000 4500 900 2700 3600 1800 1800 2700 3600 900 4500 9000 2700 11700 17100 900 900 900 1800 2700 3600 4500 33300 1355400 3600 2700 1800 900 900 189000 5400 4500 900 1800 2700 2700 1800
1800 1800 2700 3600 3600 6300 900 9000 344700 900 900 216000 2700 2700 1800 900 900 1800 2700 2700 21600 99000 96300 900 900 900 900 900 900 3891600 11700 6300 2700 1800 2700 900 900 1800 274500 13500 1800 900 900 6300 3600 900 2700 36900 5400 1800 3600 4500 2700 2700 3600 4500 900 1800 5400 12600 29700 1800 900 900 1800 2700 3600 900 900 1800 1361700 3600 2700 1800 900 900 1800 185400 159300 158400 155700 120600 117000 113400
1800 2700 2700 3600 4500 900 7200 332100 900 900 900 11700 203400 1800 900 900 900 1800 1800 2700 18000 1800 94500 81900 900 900 3600 2700 1800 900 3876300 10800 9000 3600 900 1800 1800 900 2700 288900 900 3600 8100 900 4500 1800 3600 37800 6300 6300 900 5400 3600 7200 900 5400 900 3600 6300 43200 2700 900 900 900 1800 2700 3600 8100 1800 900 1362600 1800 900 900 900 900 900 21600 2700 1800 900 34200 32400 29700
1800 5400 3600 4500 9900 11700 189900 134100 3600 900 900 9900 198900 3600 2700 1800 900 900 1800 13500 3600 900 3600 8100 79200 41400 2700 1800 900 900 9000 3866400 900 2700 900 4500 1800 900 900 3600 295200 4500 2412900 2403900 5400 2700 57600 53100 14400 7200 1800 6300 11700 1800 900 900 7200 4500 7200 46800 1800 1800 900 900 900 900 900 900 11700 1800 1369800 6300 3600 1800 900 900 1800 11700 7200 6300 3600 900 1800 8100
9900 10800 17100 21600 171000 174600 177300 129600 1800 900 900 8100 7200 190800 6300 900 900 900 1800 10800 2700 900 1800 7200 36900 28800 4500 1800 900 900 1800 4500 3865500 1800 900 9000 1800 900 900 300600 900 2418300 4500 900 2396700 2392200 2331900 2327400 2321100 2318400 2298600 19800 12600 3600 900 1800 8100 5400 8100 47700 4500 1800 900 900 1800 1800 3600 5400 14400 1370700 900 4500 3600 2700 900 900 900 10800 4500 1800 1800 2700 900 2700
62100 126000 136800 142200 6300 2700 1800 120600 8100 900 900 6300 6300 183600 5400 4500 900 900 900 9000 1800 900 2700 3600 36000 13500 14400 3600 900 900 1800 1800 7200 3855600 13500 900 900 900 303300 2428200 2426400 7200 900 2700 900 1800 3600 5400 1800 900 18000 2276100 2274300 2251800 1800 2700 9000 2214900 2208600 56700 8100 2700 2700 900 900 2700 900 21600 1371600 11700 9900 4500 3600 2700 1800 1800 900 5400 1800 1800 900 900 1800 1800
63000 9000 900 4500 5400 1800 900 10800 108900 6300 900 4500 5400 177300 1800 4500 2700 900 900 7200 900 1800 2700 4500 30600 12600 8100 5400 2700 900 900 1800 6300 84600 3756600 2700 900 2734200 2429100 900 12600 8100 5400 900 1800 900 2700 4500 900 12600 4500 900 6300 15300 2245500 2242800 2228400 900 900 2142000 2043000 3600 900 2700 900 3600 900 1974600 37800 3600 2700 1800 900 900 5400 2700 900 1800 900 900 900 900 900 900
62100 8100 900 3600 4500 900 1800 9900 108000 4500 900 3600 4500 174600 900 900 3600 900 2700 3600 900 1800 3600 4500 25200 11700 7200 3600 900 1800 900 900 2700 82800 900 3755700 2755800 20700 19800 18000 900 3600 7200 3600 2700 900 1800 3600 7200 4500 3600 4500 900 14400 1800 10800 900 1800 4500 93600 900 2037600 1800 3600 6300 900 1977300 900 542700 21600 9900 9000 8100 6300 3600 2700 1800 900 900 900 1800 1800 8100 7200
61200 6300 900 2700 3600 900 3600 7200 107100 1800 900 2700 3600 172800 900 900 1800 900 1800 2700 900 2700 3600 12600 11700 10800 2700 3600 2700 900 900 1800 900 900 80100 900 998100 9000 1800 900 3600 2700 2700 6300 3600 1800 900 2700 6300 3600 2700 3600 8100 5400 900 1800 8100 900 3600 92700 3600 900 2030400 2025900 1994400 1987200 1800 900 900 540900 10800 9900 9000 8100 3600 2700 1800 900 900 120600 117000 13500 2700 1800
60300 4500 900 1800 2700 2700 1800 900 101700 4500 900 1800 2700 6300 164700 900 900 900 900 1800 1800 2700 11700 6300 4500 9900 1800 2700 1800 900 1800 2700 3600 4500 29700 45000 14400 973800 6300 5400 1800 900 1800 1800 1800 2700 900 1800 5400 2700 1800 2700 7200 4500 900 1800 5400 2700 900 90900 2700 2700 900 20700 6300 900 6300 900 900 900 538200 144900 144000 143100 142200 139500 135900 134100 126900 3600 900 100800 1800 900
59400 2700 1800 900 1800 1800 900 2700 100800 2700 900 900 1800 5400 1800 160200 900 900 900 900 1800 4500 6300 5400 3600 9000 900 1800 900 900 1800 2700 3600 28800 37800 44100 12600 900 972900 900 2700 1800 900 900 900 900 1800 900 4500 1800 900 1800 6300 3600 900 4500 1800 1800 83700 6300 1800 1800 6300 13500 3600 1800 2700 1800 900 3600 8100 384300 3600 2700 1800 1800 2700 900 5400 1800 1800 900 99000 1800
56700 1800 900 900 900 900 1800 2700 96300 900 1800 900 900 4500 900 1800 155700 900 900 900 900 2700 5400 4500 2700 7200 900 900 900 1800 2700 18000 24300 36900 4500 900 9900 1800 971100 900 8100 5400 4500 3600 2700 1800 900 900 3600 900 900 3600 1800 2700 3600 900 900 900 80100 5400 900 900 5400 12600 2700 900 1800 900 1800 2700 900 379800 13500 12600 11700 900 900 1800 900 3600 900 900 96300 62100
