samples/aoi_slope.asc
ncols    277
nrows    373
xllcorner    339188.8722398189
yllcorner    6745209.873372113
cellsize    30.0
NODATA_value    -99999.0
[rows 243 to 269 of 373, columns 60 to 119 of 277]
1.3583688 3.115317 4.0198717 4.686489 6.5597215 6.869165 7.452621 9.243723 6.781587 2.9239736 6.4072948 7.7012568 7.962006 7.0282397 6.883409 10.520573 16.220665 18.35786 18.58611 18.164057 17.688747 15.715081 8.0703535 1.3282152 6.658529 14.720573 20.153063 22.741266 25.266735 26.753477 26.79098 25.884993 26.111132 24.106709 20.827024 20.218683 19.956247 18.730726 17.74573 16.667267 15.3123 14.238352 14.718418 12.549234 8.930964 7.9945316 7.176679 5.4092565 7.0909305 11.239106 19.256483 17.684948 9.919523 2.6732144 4.429266 10.429901 16.747461 20.345877 15.186229 9.680555
4.215142 3.2953343 2.0181894 3.573111 6.9000845 7.2665286 7.6899276 7.4727597 3.574874 5.5668354 7.9048805 7.106027 6.7762427 6.165026 5.319644 8.242657 15.275695 18.94316 18.762238 19.66551 19.984423 15.169542 5.819271 3.4109263 12.384437 20.01983 21.642899 22.53571 22.711967 20.347853 15.253186 17.353813 21.217241 22.368063 19.565086 18.151915 20.353968 21.727274 21.026445 18.541464 16.297792 12.128261 9.369034 10.991328 9.117164 4.4171166 1.359495 5.6755476 6.6800017 11.108898 14.689043 12.52902 8.452755 8.485937 14.17569 17.091763 17.927696 23.493317 23.363844 18.248798
8.293445 6.031925 3.9661436 4.356763 7.1567717 4.884866 3.3585365 2.2078586 2.4435217 7.7739043 8.863277 6.0673966 6.0643864 8.328964 8.699516 10.511729 15.722651 20.211382 20.59952 21.738266 18.666258 10.531208 5.059 7.187713 17.785753 22.589748 20.266891 17.926954 15.03203 11.858765 7.406318 9.211513 13.953311 19.73925 20.105698 16.215742 15.847281 17.454819 18.261475 17.856544 16.025713 12.193777 7.797468 7.2563763 8.008975 6.327103 4.588538 1.4064806 3.337537 4.2914696 9.857508 13.217183 14.394986 17.939589 21.338022 20.89146 17.594482 20.315092 23.371391 21.448605
7.6241665 6.0408897 6.3144674 7.007264 7.3988724 5.641971 4.369397 4.778565 4.7888174 8.212041 8.21087 6.6472497 9.437735 12.87546 13.498798 13.745864 16.168425 20.877747 22.415413 21.328304 13.717298 5.929743 6.120024 14.300479 19.659605 19.972057 18.282818 14.384697 10.84658 8.051266 5.9246964 7.6745286 11.614548 16.262415 19.213352 15.541239 10.115624 9.43172 12.611371 13.679881 15.02986 15.346761 9.728909 3.0845401 6.1811266 8.411602 9.58982 10.636991 5.627407 5.9321957 10.74713 15.684623 20.01111 22.70221 23.39035 23.126884 22.039858 23.545963 22.857578 22.382318
6.348995 4.2187753 5.545254 7.5089884 8.359887 8.6189575 9.052071 10.061025 10.059283 8.917898 7.1242137 8.56968 14.08545 16.723095 15.812818 14.706431 16.03612 20.83195 22.953789 18.141533 8.180017 3.8136098 12.026681 18.362726 18.932241 17.57348 15.592251 12.186796 12.69301 10.244045 7.926635 11.399199 13.660619 10.414717 11.415979 11.838496 8.348382 8.056578 10.936889 12.064006 15.863339 16.879957 8.719073 3.1838465 7.6443343 7.8189635 7.4947257 12.2248 15.82583 17.935602 20.130106 22.597023 23.891207 24.299738 25.8096 23.8059 24.999603 28.770647 26.799904 23.216816
7.9010444 6.4972606 5.365261 6.9167776 9.365956 9.511434 9.707487 11.470444 12.893484 10.00083 7.6201925 10.125034 15.381938 17.992258 15.268129 12.99728 15.7629595 21.068096 20.831356 12.57006 3.4081044 9.312807 16.410334 18.901793 17.903872 17.072083 15.75727 15.35946 16.120049 13.302533 10.98779 11.723331 9.263987 7.99067 12.179893 10.788771 6.4186544 6.159298 12.05706 13.965919 14.368435 15.276854 9.297247 8.02063 8.911087 7.2832007 4.8391166 10.444485 20.654715 23.01578 23.621279 27.431776 29.874683 30.030144 28.478643 22.442099 19.808786 23.143116 26.640043 22.574223
10.259626 8.921488 7.2178707 8.321781 9.329396 9.050986 7.6693835 8.679096 10.159841 8.773218 7.0450096 10.206072 14.700521 17.151638 15.168613 12.608046 16.148537 19.220022 14.644034 4.961215 8.126431 14.648865 17.092377 17.149534 15.9276 17.711302 18.9999 18.999094 17.366371 13.467453 9.797046 7.360264 6.0273366 11.860535 12.924839 9.014129 4.2749085 4.5836 11.778417 16.14671 12.8440895 10.022314 7.2343135 6.2206926 6.203168 10.054591 11.396756 17.823048 21.129353 20.535954 22.369446 28.196657 31.04886 31.137499 26.31352 19.322704 16.097271 15.314985 19.481709 17.352806
10.7427025 8.805944 8.45116 9.777146 9.392441 8.449108 5.905439 6.3567452 6.4814615 7.1462116 6.285322 9.707839 14.679879 16.954315 14.52284 13.544482 15.292714 13.510243 7.89275 7.509238 14.78546 17.03369 15.4764595 14.969218 16.663017 19.435577 18.625492 16.479897 13.910892 9.9281645 5.3727813 5.9678416 9.219144 12.177957 11.092139 7.6685743 4.660521 5.1662264 12.998035 15.790319 12.467421 9.780799 5.189988 4.8983636 9.203158 14.829425 18.828287 20.048626 16.746479 15.148149 20.546637 24.600397 25.258646 27.138044 25.07428 21.008272 19.993544 18.197308 15.555525 13.670878
13.021747 9.52908 8.860096 9.762695 9.024773 8.049309 5.1464143 5.8641925 6.540991 7.500531 7.6368537 10.101994 15.734054 16.868788 13.448772 12.171665 11.650252 8.749174 6.249221 12.297541 17.61457 15.663754 13.188964 13.804369 18.199306 18.441748 14.703148 11.844041 9.0264435 5.555577 3.643784 7.0255203 10.657861 10.679837 9.455608 8.239711 7.3481812 7.4324307 11.072967 14.776657 14.278372 10.282328 7.816691 12.18575 17.621132 18.661114 21.35487 18.705685 14.534038 16.360018 21.735464 23.322222 22.082357 21.325686 20.719835 21.761412 22.750088 24.332298 19.229914 10.5643
13.792187 11.504417 9.662859 9.218652 9.177265 8.351259 6.0349298 7.4304814 7.0033116 8.272167 10.252515 12.932969 16.073904 15.443981 11.380462 9.503471 9.279886 6.4801126 5.3886905 13.528791 14.69327 10.930303 9.582349 12.597865 16.759415 14.385496 11.199033 9.3454895 5.3861766 0.80923337 5.3081503 9.793373 10.194078 6.624996 7.76599 9.806152 10.162344 11.183289 12.826281 15.656166 15.487069 10.279971 15.109012 21.615408 20.847109 20.655254 22.611794 22.219809 20.31885 21.235466 22.8805 19.732454 14.885403 9.018555 13.176565 16.764772 18.61788 23.589012 23.709314 12.685622
14.149686 12.619923 10.341903 7.9510922 8.886639 7.3903174 4.565371 4.201455 2.9793518 5.0155897 10.270803 14.995678 15.60559 11.87952 8.031755 8.011537 8.554609 5.7025414 7.205986 13.243637 11.920291 9.036998 8.541322 12.202325 13.1404505 11.2253685 9.898094 9.615219 5.882598 1.2903421 5.8003087 9.743378 8.3275 5.0682387 7.304543 11.786117 12.2357435 12.922857 15.540361 17.03759 12.760499 12.684293 22.541105 24.079874 21.93888 22.17576 20.965368 19.817389 18.506308 18.389956 17.431572 11.3508005 8.56271 2.8719068 8.467202 14.977595 16.40215 20.374975 21.386047 14.718033
15.338685 15.281814 11.885859 8.21385 9.910708 6.7047596 2.9343245 5.582921 7.168639 6.9418445 10.566399 12.915045 11.388219 6.610725 4.057224 5.842868 8.1475525 9.18487 11.790065 14.9672 13.671157 11.247603 10.877692 10.847281 7.657489 8.864818 9.629737 10.235708 6.9703135 1.4195007 4.8318753 6.3982244 9.0868435 9.8019285 9.877404 10.405847 11.798868 12.187791 17.096647 17.96577 7.8598804 17.169155 22.304857 19.637756 20.304121 19.885895 16.22158 14.326653 14.34501 15.190878 14.45779 9.844635 3.932964 3.2809632 8.50792 18.475296 21.181818 18.525217 17.021486 14.7792635
12.061404 14.317783 14.26799 13.150399 11.70529 9.98175 7.7952394 9.103114 10.954071 12.404155 13.823775 11.999153 6.1680427 1.1901672 2.654844 6.0542216 8.948704 11.739282 15.544209 15.992902 13.916133 11.121528 11.06504 8.858798 7.9770803 9.116367 10.362274 11.628923 8.938345 4.5984573 7.285211 6.3056426 9.085564 10.936721 9.411145 6.8260455 9.843582 13.915434 18.357807 16.066242 6.087984 18.970673 16.765154 13.14412 15.31811 15.043042 13.180302 14.35557 14.768292 14.4532175 11.974247 7.4282594 4.3301578 3.8396206 11.040589 21.731895 22.617212 15.460993 15.028029 17.149332
6.10409 8.247989 12.973575 16.06155 15.072966 12.169342 10.8981 6.355261 10.533221 15.837844 16.127592 12.672548 6.585757 5.25982 5.6324606 5.3901787 7.5653954 11.803885 15.914323 15.157534 11.460605 9.66396 10.449945 10.798368 12.95871 13.395942 12.4770975 11.488667 8.923501 5.4944797 9.093485 9.988018 8.409602 7.531242 6.1156187 6.2669134 11.924387 18.295067 18.727022 9.387529 11.531646 17.053211 12.136093 11.717315 14.660591 14.112746 13.8965225 13.276571 10.878191 7.7356706 3.387738 6.42013 7.068145 7.5259643 14.8342 21.498137 20.904873 16.687223 17.17505 16.426455
5.9467726 5.940828 10.351253 15.549017 16.15917 15.265423 11.68731 2.6721098 6.28883 13.479272 16.921148 14.033857 8.62063 7.511651 7.7948728 3.9186394 7.1821394 13.550225 17.488625 16.075277 12.626482 11.781978 12.695955 13.071284 13.197956 11.260099 9.543276 7.1382246 6.6248035 5.323758 6.8344755 9.870251 8.565263 6.593655 5.921656 7.421747 14.692276 19.90691 14.487502 7.9045196 15.299619 14.334854 13.386793 16.411503 16.547972 15.230433 12.544324 6.4840345 4.897597 1.6772211 4.914335 8.477323 10.361591 12.389125 15.385561 17.197031 20.329521 18.543917 16.021587 11.3401
8.745937 7.4875793 9.736056 13.565708 16.505167 17.408077 12.09626 2.4850585 4.973943 9.4756365 13.87365 12.927835 8.1207075 8.10983 9.322031 4.4310293 9.685217 15.487655 14.685331 11.271694 11.867753 11.866836 11.395393 9.758257 8.185029 6.0717697 4.9287066 3.5531158 6.116193 6.720587 3.5238667 3.548556 5.739862 7.3311534 8.241328 9.334157 15.389797 18.45389 12.209282 13.774807 18.1992 17.167553 18.889921 19.118887 15.718323 12.053201 5.1570015 2.2330515 6.974574 9.699992 11.283919 12.510083 14.79621 16.130846 14.2213335 14.017565 19.314096 19.120386 12.152702 9.149517
7.363213 7.7533026 11.507898 15.319417 16.349432 16.65061 11.767503 4.658938 2.6927614 9.716571 12.217268 10.413883 8.108993 9.013509 9.605229 9.53768 9.783188 12.900685 10.099157 6.1777916 5.8923616 7.227816 6.9840794 5.9603586 4.9107704 6.004502 6.3122067 6.117668 7.0277863 5.545089 1.8701683 0.8760203 1.4297539 3.9316 7.970492 10.989576 15.027997 15.992422 14.279096 17.455795 18.7888 18.289547 17.93796 13.531098 9.193873 3.8505716 4.1227384 9.990337 14.906214 16.272429 17.22374 19.606495 21.206812 20.141945 15.120415 14.013162 17.562971 14.75727 10.5594225 8.408628
8.354721 8.798834 10.360418 12.149244 15.466027 17.334661 13.325706 6.322137 0.77149194 7.695295 11.409099 9.458617 7.821604 7.5975895 7.8985205 12.579538 8.02019 8.0392 8.532581 8.175036 7.338155 6.07922 4.9789395 4.692626 5.9452887 8.457701 9.26613 9.824688 8.052961 4.3594265 1.3549758 1.2866961 2.0673575 2.3157 5.62954 10.4441395 12.115756 12.1165085 14.533643 15.915539 12.183526 10.221301 7.5021276 4.817776 4.6629677 7.0757704 11.366928 16.706583 20.188118 19.911123 23.389067 26.360605 24.482023 20.785288 17.162226 15.480984 15.453926 11.231006 7.6728783 8.307265
7.3912487 8.230047 9.453164 10.6326 12.977614 18.149027 17.564138 9.361791 1.3290396 5.750146 9.365942 9.1078825 6.8747287 6.829321 5.9888544 10.351146 8.678026 3.768534 4.9300685 8.64211 9.290885 7.550044 6.3631797 6.179097 6.78904 8.139516 7.7374487 8.859669 8.991925 6.5298724 4.18638 3.1856294 3.1043007 3.5690227 6.2761374 9.275694 7.8632145 4.3747907 6.1811266 5.4610744 2.0884337 5.6219063 9.105265 11.2789755 14.467303 15.084559 17.764875 22.3887 24.873358 28.128944 29.570034 27.997944 24.414534 21.160381 19.708202 19.64379 17.15092 12.152676 7.3246613 8.148468
5.5435467 8.394635 10.2989645 10.465026 11.148187 14.460156 18.23441 13.357304 3.8500779 3.4232404 7.9156957 11.633349 11.068815 9.318063 7.5610404 6.6416807 8.9123 5.729696 2.0679095 6.3769584 9.391355 9.624576 9.071584 10.159885 11.676861 10.745095 7.7203956 7.4460945 8.1637 7.4290133 6.1143956 3.272831 1.3947912 4.277748 8.308502 10.2239065 8.640092 7.443616 8.835247 9.115797 8.331744 11.536637 16.964031 18.941418 21.071964 21.227997 23.284538 27.678196 31.685621 33.398464 28.36063 25.118584 25.022835 22.665974 23.936306 25.357304 22.59972 17.012978 11.870279 7.053093
6.384364 7.1186094 7.57718 9.620813 10.467326 12.347397 16.103666 14.501541 8.6877165 4.0928454 6.056092 11.695387 15.237508 13.26292 11.676262 7.0349045 7.157025 7.0733504 4.189111 1.8151289 5.690359 9.214324 9.520802 10.047039 15.624862 15.035358 9.529047 5.9276085 4.0162373 5.974694 6.534163 5.4747176 6.3313885 9.217239 10.612311 12.201221 13.570947 14.1604595 16.70575 19.232273 18.090925 19.371777 20.943647 23.00086 22.761625 23.56367 25.93061 29.64235 30.724379 25.7241 20.79704 21.669397 25.479298 25.24296 28.066515 27.269203 23.985584 21.118711 19.895552 12.677484
4.6248198 3.9963486 5.0866785 8.439245 12.835478 14.2199 11.474664 10.482795 9.971411 8.522097 7.423319 7.420184 10.72008 14.681544 16.07223 11.516738 6.6277575 5.83824 4.0374236 2.7228913 1.1510032 2.9957895 8.924286 14.804288 17.199245 13.554797 8.329838 4.904114 1.0402423 2.6924539 4.532547 9.318695 13.86382 13.282485 12.040933 13.681064 16.048134 15.428728 15.659942 20.26464 22.415758 21.641441 19.909811 21.346025 21.34812 22.703915 24.13244 25.206678 22.948984 17.62031 17.186867 21.535479 23.848152 25.452515 27.320621 25.647676 22.105652 19.795517 21.15092 20.551025
2.0958514 4.4310136 9.342301 14.089407 16.31188 13.886394 11.0238085 9.667954 7.576298 7.770242 10.56612 10.222394 8.862345 12.206592 14.269153 17.309423 11.800817 7.6118436 3.469553 3.603951 6.0446305 8.897662 13.57836 15.3463335 11.981811 9.799909 7.0454674 5.1211395 4.150995 3.1755228 6.0139217 13.821292 16.916107 12.018773 11.24282 12.723526 13.655885 14.485427 15.0228815 15.366378 17.41997 17.265064 15.685863 15.926272 16.61465 16.85225 18.330431 19.008118 18.799215 16.567825 17.899405 20.83337 19.29747 19.447805 19.561686 21.321098 21.099861 18.15913 19.00816 23.601255
8.278152 10.769017 14.795598 16.915054 15.852087 14.081068 12.667847 11.90026 11.451184 10.864402 13.397774 12.812823 11.006125 7.114341 8.201861 16.235909 15.395831 10.036152 7.575749 6.004006 7.3212833 8.805278 9.871862 9.576895 8.339266 9.450242 6.8890014 5.326684 6.190733 4.6370687 7.2499676 14.259395 16.17637 10.389027 8.637896 9.018419 11.165327 14.963031 15.453047 11.078954 7.910666 8.249294 8.64231 8.903238 7.8221745 7.6567707 11.882775 15.095056 16.052788 15.541491 16.05009 16.040863 12.417678 10.257888 8.658042 12.817883 18.1218 17.561392 17.46117 22.561459
10.3817625 16.821848 19.548548 16.741623 13.88556 11.840006 11.484632 12.182709 11.295274 13.5819435 15.380143 11.850549 6.0102158 1.5643342 4.389678 12.432826 14.106733 10.790375 8.019268 7.090549 6.915202 6.630162 8.509491 10.040468 9.345235 5.7192287 5.8439827 7.0204754 7.2640424 5.7973194 8.318351 12.2206745 13.117413 12.041636 8.408926 7.705141 11.565829 14.985476 13.453879 8.870373 5.7061677 3.8315654 3.9857082 4.379641 2.992111 5.725232 11.241846 12.664457 12.994 14.605357 13.917309 11.99067 8.665244 7.434057 9.217368 3.0648587 10.919155 15.011982 15.877907 20.548851
14.732429 21.515232 20.989557 14.073878 9.854643 10.245803 11.983128 11.260559 10.9750595 12.457863 10.601258 4.503508 1.2333281 1.9742253 5.242185 7.7800975 10.839839 11.071107 9.917203 8.722319 8.274669 9.41857 11.309428 12.028648 7.650131 1.0884242 5.827477 5.826986 6.3971925 6.0680556 8.838713 8.912652 8.486507 11.844436 10.221961 11.380821 14.332421 15.2501335 11.616348 11.032537 12.666088 12.031496 10.75831 9.575124 6.6506963 8.542778 12.907443 12.879762 12.849808 13.0063715 10.813281 11.249578 12.325452 12.008943 14.840226 12.070027 0.8780292 10.206937 14.155886 20.118376
17.1386 19.61633 17.822493 12.760837 11.084443 11.739322 10.041267 8.8532505 9.231793 8.278369 4.6108875 0.43946365 2.0728264 4.3883305 6.016945 4.755184 3.857964 8.090497 10.735332 10.128439 8.226869 8.637144 9.093951 7.3523226 1.463776 5.413772 4.5689173 2.1368325 2.3938053 3.3295693 5.514113 3.347852 3.9516342 9.551151 12.069143 14.042549 18.841637 20.127527 17.194096 17.287737 18.444862 18.897684 17.111868 15.937199 11.658709 11.62154 14.219765 14.080904 15.179248 14.782319 11.529047 11.794167 16.128054 17.921612 19.008194 20.224424 12.082796 4.5635366 12.253863 19.373867
