samples/aoi_slope.asc
ncols    277
nrows    373
xllcorner    339188.8722398189
yllcorner    6745209.873372113
cellsize    30.0
NODATA_value    -99999.0
[rows 108 to 134 of 373, columns 0 to 59 of 277]
19.104885 18.258615 17.8278 20.046503 20.685127 19.217209 11.208741 5.9627485 9.530737 15.384953 20.098537 16.266735 12.252412 10.594616 10.131251 12.895951 14.760093 13.635095 12.675135 10.628903 9.349327 8.546768 5.6612363 6.371081 7.516768 7.2624264 5.3519673 3.0171895 5.891157 7.382835 5.8121433 4.714177 5.085886 4.548862 3.2433407 2.590467 0.9848302 2.4055204 4.8817773 3.0822117 1.2295861 0.9876443 3.3856804 4.163121 3.3388894 4.3124857 5.939976 5.746815 9.733938 15.305889 17.107653 14.759598 11.11131 5.337086 2.9339857 2.6550736 2.4236858 6.4246335 10.504409 9.016791
21.112057 20.093204 18.79745 15.470797 15.785092 20.588757 21.496037 17.517754 13.566591 9.626755 11.620013 13.138082 12.671197 12.109994 11.39319 12.895084 13.894287 13.672707 12.090901 9.462949 8.518752 9.8505335 8.867499 8.010204 7.366119 7.8483152 9.661987 6.3311105 1.2974677 6.719018 5.77266 2.5028405 2.2694223 3.1886508 3.8372612 2.8350725 1.0663146 2.1578324 4.1821747 2.429379 2.3320665 1.6631199 1.9885219 2.973824 2.2511952 1.9968175 3.48525 10.467225 14.691156 15.818729 14.813908 11.706368 5.957105 1.6439878 1.2518617 2.8073614 1.407498 4.1652994 8.994214 10.860338
19.156935 20.0078 20.644999 18.377256 11.613658 9.769595 14.078791 16.335518 17.280602 16.17262 9.870786 3.2374327 5.674931 8.332236 9.328261 10.622611 11.071151 10.741897 10.265079 9.423934 9.580586 10.850717 11.804633 10.917475 10.641864 10.601613 12.141252 10.759816 6.39355 9.103999 5.7132835 1.8098644 1.2276585 3.3020976 4.1725116 2.2412384 0.67722523 2.0938184 3.9949741 1.6816499 1.4618424 4.1179113 2.878639 2.1318593 1.4023811 1.7774632 7.747742 12.276957 12.0139065 9.054377 8.30642 9.103672 6.860639 4.9308267 3.6957812 1.7030743 0.67115533 2.515461 7.1676908 8.628374
15.682438 19.49386 22.968817 21.66371 15.406579 7.3097672 6.218598 9.467768 11.509915 13.342274 12.489614 7.7933173 4.3897805 1.2711712 1.6792436 3.926679 5.8327894 6.788104 6.8984528 9.542036 9.625647 11.362834 12.519644 12.077058 12.252275 12.248661 13.018076 11.786227 10.3976145 10.296777 6.080925 4.706078 4.437223 4.3052173 5.29689 3.6355295 3.554394 4.3035784 6.310906 6.1936088 6.873677 6.6795573 3.621882 3.3936672 2.8724737 6.025971 9.725444 9.422933 5.8057323 4.381091 4.5651636 6.1761827 6.7917747 5.114916 4.465726 4.3498306 3.672353 3.5929687 6.27558 6.3011346
14.62773 18.541718 23.047165 21.942945 17.010302 10.948003 6.163353 9.434817 11.815049 10.4865055 10.38392 8.777012 7.2569356 5.567325 4.029256 1.7346915 1.0563304 2.076308 1.4571875 4.9187417 6.013368 6.60873 8.7570305 8.12148 7.643177 9.92374 12.232366 10.591033 10.303831 9.056185 7.5156207 8.048108 8.847267 8.71282 8.318624 7.8932924 8.1966915 11.689518 12.706261 9.648125 8.006274 5.50073 4.302377 4.9221263 6.144722 8.067743 8.433465 6.4703035 4.672154 5.399184 4.902944 3.0091984 5.4200487 4.025106 1.23906 2.1481633 4.1343827 5.1857605 6.910169 5.6670904
11.940075 17.384575 23.038183 21.645178 16.878403 12.557019 12.230318 13.964243 12.357409 10.107187 9.9557085 8.752193 6.202854 5.2136173 4.929034 3.8247223 2.1112545 1.3865232 0.35438916 3.1776974 4.9871235 6.4304585 7.532711 5.4951525 4.645975 6.4062724 8.38114 8.372273 7.998689 6.927715 7.1085224 7.9474187 8.604956 10.17005 10.73714 11.511395 11.290703 10.9721575 7.667541 4.8925714 4.2054195 2.8207748 3.930084 5.833583 7.923452 8.224029 7.4445806 7.408011 6.3985667 4.5999064 2.508953 2.0821137 6.931436 4.635532 0.43245766 1.9481603 2.455119 4.6473365 7.91947 6.046251
15.925786 16.593555 17.57553 18.307407 17.480034 17.882229 20.151026 15.01475 8.902183 11.992441 12.107656 11.502709 8.41427 5.7540007 5.1514688 3.7923145 4.2789917 5.4304967 4.187881 7.356405 9.460413 11.242183 10.365815 6.77323 4.520468 3.7912695 3.8829236 5.6235065 4.8573046 3.5312145 3.3663285 2.6612253 2.9849625 4.84926 7.59859 7.1190476 5.212577 2.0808864 0.010024896 0.010791567 1.0122501 2.4915059 4.1319733 6.746549 8.850893 8.058506 7.5388913 7.88263 5.496849 2.6285233 3.1076787 4.9345427 5.8685274 2.2821884 0.010845419 2.3894954 3.3219612 2.3786354 7.4859314 6.5913763
20.250341 17.015514 14.195029 13.501012 19.414412 22.359844 19.786554 12.769525 4.9059296 8.600318 13.059023 13.84106 12.317921 9.260749 5.8083277 4.4248953 4.798391 5.8633785 7.398145 10.451236 12.50975 12.475269 9.598914 5.4585466 2.6129978 1.4344772 1.5187624 2.6896317 1.8171791 0.1295254 3.0210612 5.439137 6.4704337 7.949968 7.562194 3.0196083 0.009973596 0.010791567 0.010024896 0.010791567 0.738722 2.908338 4.487479 7.785447 10.579016 9.13673 7.7488184 5.7279654 2.2976487 2.280322 2.3405366 3.0956914 2.832758 0.93321925 0.21902825 2.4636135 4.180559 4.7746944 8.093648 5.938464
20.66449 19.56931 15.158693 9.712559 16.491621 23.32498 20.038212 12.320209 5.1655917 3.269381 7.6734896 12.503217 13.009895 11.32356 7.789227 4.129785 5.0229673 5.909564 9.092921 11.156121 10.854334 8.119329 4.8160996 4.7660775 3.0760317 2.517809 3.120311 3.2432199 3.9648974 6.7759233 9.29714 8.84272 9.647151 11.460358 14.4119425 11.575363 6.0881295 1.2235714 0.010024896 0.010845419 0.010791567 1.7877532 5.0301924 8.932399 13.007071 10.777401 6.1318603 2.886856 1.2531084 0.26654518 0.29519463 1.9793309 2.407218 0.9937554 0.67448914 1.2499411 7.279859 10.691857 7.716688 2.3119814
20.883976 19.959469 14.609257 9.17042 14.563505 22.359056 18.916151 12.001838 5.930459 2.3148923 2.4357173 8.073236 12.159533 12.256499 9.40292 6.7508755 8.255223 9.0242605 8.935716 7.6078067 6.115731 4.8453918 2.6401489 4.809147 4.7730193 6.013401 7.9924054 9.653078 10.594098 12.295912 9.810592 7.1447554 6.300774 7.291223 11.073055 12.080457 10.426767 5.9693127 1.2336112 0.010867791 0.010791567 0.010845419 3.1041167 9.160134 14.215662 12.871477 5.130755 2.484198 2.5125482 0.78946036 2.1231747 4.551179 4.2654586 2.8875146 3.6947646 7.5744925 10.946483 9.228615 6.8203216 3.367972
18.567665 15.368782 13.132815 9.01355 11.258836 18.939157 17.279175 12.55336 7.9184604 2.6876082 2.0841954 5.636218 8.213861 10.020672 9.709323 9.6838 9.372245 7.82607 5.353465 4.758368 5.0304613 5.237914 5.0575094 5.2457128 6.9313135 8.336808 8.841835 10.779809 11.55156 10.699526 7.1771894 3.8577635 2.556243 3.9481475 6.919188 8.881726 9.647211 6.999852 1.7860371 0.010845419 0.010845419 0.010845419 0.5199199 7.783811 14.74285 12.903015 6.2663426 2.707909 2.813611 2.4158883 5.8180394 6.7534075 6.4593654 6.6401944 7.784106 10.474824 9.825576 6.1118827 7.969263 8.332527
12.705585 12.3900795 13.806487 8.898578 10.710727 16.71539 14.435316 11.565775 8.902424 3.617064 2.2183666 5.417455 7.0149293 6.5631504 6.7869997 9.960658 9.443938 6.192121 4.8988247 4.703398 5.712871 6.35359 5.657256 3.9130278 6.250445 7.1225314 7.3134274 7.1046977 7.334932 4.247917 3.715443 2.7890267 2.1256762 3.8899715 7.8557234 9.329996 9.9513855 6.381676 0.80823666 0.010791567 0.010845419 0.010791567 0.31827024 9.462845 15.246866 10.136778 5.966287 3.516027 2.0710783 4.8008466 6.7742496 6.249214 6.569073 8.450518 9.567244 11.033862 8.181956 6.5749364 8.569011 10.818831
9.704837 9.686119 14.112104 11.371227 8.038835 13.654922 12.6217375 11.208131 8.796502 4.8945904 3.5937839 2.7885537 5.288488 7.0088463 6.173756 7.132735 7.5679436 6.8232403 5.061004 4.935085 5.131371 5.194994 2.7917943 1.9594207 4.218886 6.0371056 5.529095 4.6623945 2.7254379 2.1031606 4.9049716 4.1872697 3.8601148 4.06191 6.7277946 8.9683895 10.64532 6.2453904 0.20744208 0.010791567 0.010845419 0.010791567 3.8641615 13.325312 13.639639 7.8142743 3.3413103 2.4266098 1.312653 4.1532025 5.0803633 5.593031 7.047187 8.789871 10.792845 10.288547 7.5491614 7.567652 8.387714 10.923341
9.152197 7.9108753 11.413518 11.826343 4.4534955 9.030644 13.063695 12.317728 8.570035 5.80197 5.432944 3.3928618 1.1722962 6.4981046 7.4592195 4.1656294 3.6114929 6.4654775 6.6733155 5.0289736 4.185264 2.7696326 2.2616258 3.8391452 6.333977 7.088083 5.2534456 3.2727375 0.1886543 1.6276047 4.5474787 5.6033697 4.6183558 5.3241057 4.8235765 6.8627677 9.642459 7.9706473 1.9197743 0.010845419 0.010791567 0.010845419 7.3320255 14.425099 12.214463 7.287407 5.01973 3.4425488 1.4908268 3.933193 4.955161 6.3890047 8.259699 8.003633 7.3161516 4.7173553 2.4745069 2.7013044 4.161984 7.358655
7.468391 8.212319 10.413512 11.057925 7.154608 5.536651 10.363375 11.592463 8.334216 5.1342893 4.348606 5.2062683 4.9331493 6.3814535 8.960538 8.229654 5.36937 6.8447 9.748159 7.196218 4.82612 3.735115 3.4982939 6.642207 9.341471 6.277731 3.4898217 2.8332675 1.8148583 1.772166 4.8317423 7.3937783 6.3735375 4.6969852 4.225415 5.5638576 8.038886 7.774171 2.6518652 0.010845419 0.010791567 2.1553493 9.638338 13.044885 11.93672 8.214431 5.326291 4.7735915 4.248843 5.0197005 5.0702767 6.0810194 8.921803 8.591768 5.4711328 6.679042 7.898441 5.9778557 5.80557 1.8469466
5.14592 6.637134 9.538183 10.238705 11.157989 8.169286 6.906856 9.459075 7.181902 3.4690707 2.0551236 5.3527293 9.261629 7.1088223 7.889805 9.918917 8.517683 8.811618 9.410012 8.906822 3.6567547 2.9815857 5.10594 7.7764616 5.345324 2.9672644 1.446529 1.571738 3.1527615 3.8996794 5.285749 8.090285 6.6801033 1.8207178 3.2521045 5.8695784 6.4299946 5.8681374 2.5640388 0.010845419 0.010845419 5.256303 11.228168 10.193356 10.334361 10.373135 5.696401 4.99874 7.2307906 6.769126 4.5466614 5.062903 8.724867 10.389713 10.6692915 11.667642 10.346344 8.700074 8.77194 7.636092
5.902365 5.0670958 4.789919 6.6315637 10.171938 10.725946 7.9477553 5.4531646 5.561978 4.200391 3.8467333 6.2289476 8.509244 8.863838 7.5857234 7.290419 7.6295447 6.670129 6.5831237 7.793462 4.3156896 2.3437524 3.7391293 3.8163826 6.3061333 8.563862 6.502177 3.0105243 1.962435 4.7437124 6.7207184 7.234168 7.8739257 5.972319 5.617303 5.6377044 4.442651 4.863376 2.9203255 0.010791567 2.3556511 9.749753 12.209777 9.588064 9.099495 9.456108 8.040881 4.939383 8.243463 9.586637 8.243747 6.608017 6.477323 7.1050587 8.202717 7.7626967 8.064494 8.62681 7.7368865 8.195435
8.190462 7.579469 5.0897927 4.0337477 4.8794274 8.791088 7.9104705 3.2007065 2.8368769 5.9682302 6.5050554 6.7669635 8.959076 10.258315 5.5865173 1.7605019 1.526587 0.9248381 5.163572 9.313334 6.8258195 5.7630353 8.278861 8.859232 8.646754 8.796882 8.787351 7.5261416 3.1526494 3.4232588 5.281635 4.7414174 6.898527 7.5942454 7.7576275 7.925785 6.328073 5.102816 1.9454484 0.010791567 5.285946 13.816796 12.035616 7.5355544 6.816927 8.082867 8.768997 4.055285 5.275706 7.366026 8.542193 8.326419 6.754503 4.3542852 5.4066405 4.8512397 7.3693647 9.290997 9.074715 8.413453
7.4465055 9.738086 11.021413 8.062892 5.2995963 5.527672 6.5052867 6.1782775 5.633699 5.852626 5.719243 6.540042 9.006493 9.653972 6.989738 4.643506 5.550645 6.140486 9.552808 11.56795 9.788137 8.648736 9.052238 8.767139 8.411556 7.1533685 8.270752 8.842687 7.676738 5.9620523 4.82768 3.4906466 2.6840284 5.4697485 7.6922493 9.604218 9.576061 5.3759713 0.7340597 0.40443558 9.934035 14.924926 7.588842 4.2045445 6.65355 9.692665 8.131954 1.9440153 2.8765638 3.1455297 3.0405312 6.5415545 7.756455 5.5192103 6.8876553 6.2783275 8.169196 9.834226 10.638686 10.503019
4.5682034 6.5234585 9.124979 10.10612 7.197853 3.45075 4.24265 5.887638 6.9418035 6.480628 4.272651 3.3231268 7.0598216 8.337665 7.078022 4.5907426 4.9218955 7.0144205 11.362493 11.108957 9.06849 10.26755 9.248422 9.589766 9.814399 9.466158 9.115249 8.777057 10.601852 9.494887 7.062454 1.9178773 1.7151018 3.9897883 5.6687484 8.758975 10.882958 6.8505383 1.1430796 4.618554 12.886697 10.482755 4.043826 4.606361 8.942627 10.682889 7.8804855 3.6792696 3.8215046 3.930084 3.5485542 3.86878 4.21754 6.7906017 7.9338675 8.564101 10.079749 10.005245 9.487229 9.449394
2.5652058 1.7010467 2.050289 4.7592916 5.3010783 3.8409324 2.5654545 3.4700463 3.764042 3.3404257 2.0564487 2.748082 5.7442927 7.862813 5.5217566 3.342224 5.750576 8.45329 9.0952215 6.7653117 8.813823 7.5027475 8.753689 9.985118 10.319065 11.681541 11.197094 10.986127 9.277105 7.947595 7.488762 4.6633697 1.8914355 5.2195635 7.5634646 8.994301 9.258845 7.27992 1.485309 7.419659 10.25897 5.763701 4.5785813 4.301613 7.9364815 10.741789 10.184885 5.558738 2.8460338 3.483939 3.535701 1.4585745 3.076142 7.426252 7.3143406 8.19207 10.302155 12.273831 9.00463 5.9677796
3.545732 3.607262 3.1702137 2.683162 2.586879 3.1571617 1.7134595 0.72924256 1.0129899 1.217745 4.1377454 4.7411475 6.285152 8.54636 5.4654427 4.094352 6.0489864 6.549536 4.797444 5.061832 8.279009 9.904021 5.79022 5.9045606 7.347422 9.859696 12.098572 12.426666 9.423322 5.8504577 5.9066634 7.0416183 3.597599 3.2555857 9.0582075 11.431031 9.700816 6.775403 3.5928423 6.3810434 7.753009 6.066815 3.659301 3.6084 5.76635 8.0122175 9.350406 7.986551 2.72543 3.524072 2.3875246 1.6920799 5.4038396 6.5655074 4.680019 3.479051 7.743365 12.984312 10.753637 5.844332
4.8923793 4.1457105 3.1359603 3.1079578 1.2157477 2.162925 2.4813435 1.2371769 2.3320787 4.0748076 5.6962647 4.7741485 7.1790667 9.323408 6.5422997 4.579958 4.0552897 4.028941 3.1253955 3.2450993 7.093978 12.273351 8.47439 1.7921733 2.9541988 5.5245013 8.83631 11.783533 11.940185 9.816803 7.825139 7.701138 4.797448 3.5102663 10.821951 11.784586 9.991566 9.090489 5.956554 9.948124 9.132959 5.92584 4.570482 4.5364046 5.0432043 5.944891 6.176766 7.556301 6.3037877 1.6097323 1.9422855 2.845948 5.707372 5.1677585 1.7699815 2.3521135 4.4147882 10.089079 12.138034 7.1681647
4.7750535 3.6183102 2.9886248 2.7015944 3.3589528 3.0716407 3.085701 2.7249625 4.436921 5.812729 6.880815 4.8748975 5.2381473 10.437135 8.453034 5.831983 2.211529 2.845699 3.272481 2.9874284 5.732649 11.579246 10.145441 2.3693652 0.010791567 2.0392873 2.5863745 6.3189836 12.392914 12.258856 12.599647 10.79803 6.727162 2.9405284 8.77663 12.638922 11.975585 10.747107 4.4451127 9.278332 12.66756 9.014019 7.169609 6.2588253 4.225919 3.0418656 3.7924132 4.554439 6.176829 4.015593 1.3977282 3.1770725 4.5804653 4.424067 0.47027734 3.3764782 4.380987 7.7374477 11.907984 9.844097
4.9015093 3.813574 3.1575804 3.9454117 5.06586 4.6500535 3.5709999 4.736943 5.8184934 5.3494406 4.146885 1.2442261 1.5380486 6.776412 7.978644 5.8965755 3.8906507 2.7542775 5.1507688 4.882671 5.9281793 9.268749 10.98395 5.476337 0.010845419 0.010867791 0.010845419 0.010791567 5.999352 11.492239 14.466849 15.583863 11.952621 6.4559445 5.62031 10.448244 12.889833 13.553397 7.785667 5.564125 15.188566 13.154656 7.446249 4.389665 1.3152133 0.9547703 2.8035777 3.5723603 4.141439 4.1896787 3.366213 3.0559614 3.5903542 3.795824 3.353 6.268013 5.8759756 6.99146 10.369233 10.906744
4.527248 3.8934114 3.8963087 5.1681604 4.782508 5.478 5.382869 5.927922 4.3255153 1.8489428 0.627193 0.010791567 0.010845419 2.9293807 6.121551 6.458144 6.613756 4.512773 6.8899493 9.147607 8.41931 7.244179 8.768935 11.161072 7.0216146 4.8134847 5.6555433 4.426385 2.5458322 2.872997 10.413141 17.480955 17.943123 14.493141 7.4970846 4.310359 10.035469 15.274661 10.65806 4.6798024 13.269168 16.008291 11.900537 3.5747938 0.5781966 2.2133915 4.946612 5.274427 2.3029401 2.0327497 4.0205464 4.0138016 3.9075665 4.1437316 7.014556 7.3051877 6.1407905 5.2120395 7.6515856 11.21181
3.3950565 3.5885873 4.25943 4.300211 3.2739627 4.6443214 4.544 3.0961478 0.99141985 0.010791567 0.010845419 0.010845419 0.010845419 2.6033425 7.352543 7.853454 6.3688374 5.345062 3.7754145 9.063451 10.948437 9.850965 9.210663 11.652896 14.615296 12.739778 12.584271 10.852429 7.8616943 5.6326346 2.6931293 10.307862 17.160149 16.428831 12.0951805 7.7536426 11.384718 15.52454 12.180972 6.7478614 14.3768425 17.95829 17.37586 10.91027 4.053365 4.503445 5.286545 1.9191693 4.5936947 4.712893 4.560458 5.437251 4.6606345 4.9650326 5.732905 4.811415 3.9205685 5.0137086 10.104791 12.6596365
