samples/aoi_catcha.asc
ncols        277
nrows        373
xllcorner    339188.872239999997
yllcorner    6745209.873370000161
cellsize     30.000000000000
NODATA_value  -99999
[rows 37 to 73 of 373, columns 84 to 167 of 277]
8100 14400 5400 3600 4500 135900 15300 1800 900 900 900 2700 4500 306900 10800 9000 1800 900 2700 3600 2700 4500 55800 9900 7200 3600 1800 900 900 1800 2700 4500 3600 342900 2700 1800 900 900 900 900 900 900 900 900 4500 900 900 2700 1800 900 900 900 900 1800 2700 3600 4500 31500 900 291600 1800 5400 900 900 900 900 1800 1800 900 2700 3600 6300 18000 3600 2700 1800 900 900 900 900 900 900 900 1800
9000 15300 6300 4500 5400 152100 3600 900 900 900 900 900 5400 317700 12600 900 900 4500 900 4500 3600 61200 5400 4500 3600 2700 1800 1800 900 900 900 4500 5400 350100 900 900 1800 900 2700 900 900 900 900 1800 900 3600 2700 1800 900 1800 1800 900 900 900 900 1800 3600 1800 35100 900 301500 1800 1800 1800 900 900 900 900 1800 900 1800 900 16200 2700 1800 900 1800 2700 900 1800 2700 900 1800 3600
9900 16200 7200 5400 6300 156600 6300 5400 3600 1800 900 900 900 3600 334800 900 1800 5400 6300 4500 62100 6300 900 900 900 900 4500 1800 900 900 1800 900 5400 357300 1800 2700 1800 900 4500 900 1800 2700 2700 900 900 900 10800 9900 5400 2700 1800 900 900 1800 1800 900 900 900 1800 36000 303300 2700 2700 1800 1800 900 900 900 900 1800 4500 9900 5400 1800 900 900 1800 2700 6300 8100 2700 3600 5400 62100
35100 8100 900 900 12600 166500 2700 1800 900 2700 1800 900 900 900 900 339300 342000 12600 900 74700 7200 1800 1800 1800 1800 900 7200 900 1800 900 1800 2700 1800 363600 5400 2700 1800 5400 900 1800 2700 6300 1800 1800 900 12600 900 900 3600 2700 900 1800 1800 900 4500 900 900 900 2700 5400 345600 6300 2700 2700 1800 1800 900 900 900 1800 1800 2700 1800 2700 900 900 900 1800 6300 7200 16200 3600 50400 3600
4500 3600 2700 900 322200 308700 5400 4500 3600 900 900 2700 1800 900 900 900 900 356400 1800 75600 2700 2700 2700 900 2700 9000 1800 900 2700 900 1800 2700 3600 366300 9000 10800 8100 1800 900 2700 3600 16200 4500 1800 900 14400 1800 900 900 900 900 1800 4500 1800 5400 1800 1800 900 900 2700 900 353700 11700 5400 2700 1800 1800 900 900 900 900 900 900 900 900 1800 2700 3600 900 1800 2700 45900 2700 900
340200 335700 333000 329400 3600 135900 17100 15300 9900 8100 6300 2700 1800 900 900 900 900 360000 2700 76500 9900 3600 1800 900 3600 11700 1800 900 3600 1800 900 2700 3600 370800 27900 7200 6300 5400 3600 4500 90900 73800 2700 900 16200 2700 1800 1800 900 900 1800 3600 8100 16200 17100 6300 4500 900 900 900 4500 900 366300 900 2700 2700 1800 900 1800 900 900 900 900 900 900 900 1800 2700 3600 8100 23400 2700 1800 900
3600 1800 2700 1800 2700 109800 8100 900 4500 3600 2700 1800 900 900 900 1800 1800 900 364500 77400 13500 2700 1800 4500 900 14400 900 1800 4500 2700 900 4500 4500 522000 122400 118800 116100 114300 110700 94500 2700 1800 72900 900 25200 5400 2700 1800 900 900 1800 1800 900 1800 4500 24300 31500 6300 900 900 2700 8100 9900 368100 6300 2700 900 1800 2700 1800 1800 1800 1800 900 1800 900 1800 2700 3600 10800 3600 1800 900 900
2700 900 1800 900 1800 2700 106200 7200 6300 5400 4500 3600 2700 900 900 1800 2700 3600 369000 78300 22500 8100 5400 1800 15300 900 1800 2700 5400 3600 1800 5400 531000 3600 1800 2700 1800 900 2700 10800 3600 1800 900 72000 4500 3600 2700 900 1800 3600 900 900 900 1800 1800 2700 6300 45000 46800 900 900 54900 900 10800 379800 389700 1800 2700 5400 900 4500 2700 900 1800 2700 900 900 2700 7200 2700 2700 900 1800 2700
2700 1800 900 900 1800 900 18000 87300 5400 4500 3600 2700 1800 900 900 1800 4500 5400 453600 23400 930600 929700 921600 16200 1800 900 2700 3600 6300 4500 2700 539100 1800 900 900 900 1800 900 1800 1800 4500 900 900 1800 39600 28800 19800 17100 16200 6300 3600 1800 900 900 1800 2700 2700 3600 4500 52200 53100 900 91800 93600 900 900 393300 900 9000 6300 3600 1800 900 2700 3600 1800 900 900 2700 1800 1800 900 1800 3600
900 1800 900 900 1800 2700 16200 81000 2700 1800 900 900 900 900 900 1800 900 900 1413900 936000 3600 900 7200 902700 4500 900 7200 900 7200 8100 543600 3600 2700 1800 900 900 900 900 900 900 1800 1800 900 1800 8100 6300 1800 900 2700 900 900 900 900 900 1800 1800 900 1800 6300 27000 33300 34200 900 900 102600 105300 107100 501300 17100 900 7200 900 1800 3600 4500 2700 900 900 900 900 900 900 900 900
4500 1800 900 900 1800 4500 12600 76500 900 900 1800 900 1800 1800 1800 2700 900 1420200 3600 900 900 900 6300 1800 895500 883800 10800 9000 900 556200 3600 2700 1800 900 1800 1800 900 900 900 900 900 900 900 1800 5400 3600 1800 900 900 900 900 900 900 900 900 900 1800 2700 900 19800 5400 3600 5400 6300 900 900 900 900 520200 8100 1800 900 2700 4500 9900 4500 900 900 900 900 900 900 1800 2700
2700 1800 900 900 1800 900 6300 74700 900 3600 900 1800 4500 2700 900 900 1426500 1800 900 2700 900 5400 900 3600 10800 864900 852300 820800 819900 261000 53100 47700 45900 40500 6300 3600 1800 1800 1800 900 900 900 900 900 4500 1800 900 900 900 900 4500 1800 900 900 900 900 4500 7200 9900 9000 4500 2700 900 1800 2700 3600 4500 526500 900 10800 3600 900 900 4500 5400 20700 28800 900 1800 2700 1800 900 900 900
1800 1800 900 900 900 1800 3600 5400 68400 20700 12600 10800 8100 900 900 3600 1431900 4500 3600 1800 900 4500 2700 900 5400 5400 6300 30600 1800 206100 900 4500 900 4500 31500 6300 5400 2700 1800 1800 1800 1800 1800 900 1800 1800 900 900 1800 4500 13500 3600 1800 900 900 2700 1800 1800 4500 3600 3600 1800 900 1800 7200 8100 9000 537300 900 16200 900 1800 1800 2700 4500 6300 900 30600 1800 5400 2700 1800 900 1800
1800 900 900 900 1800 2700 4500 900 44100 2700 3600 1800 900 1800 900 1436400 5400 4500 900 900 900 3600 1800 900 3600 4500 5400 12600 17100 900 205200 1800 1800 900 2700 24300 3600 2700 5400 2700 8100 5400 2700 1800 900 900 900 900 1800 2700 20700 3600 2700 900 900 900 900 1800 1800 2700 2700 900 900 1800 2700 3600 900 538200 21600 3600 900 900 900 900 900 900 900 1800 33300 8100 3600 2700 1800 900
1800 900 900 1800 2700 3600 900 1800 27900 14400 1800 900 900 900 3600 1442700 1800 900 2700 1800 900 2700 900 1800 900 3600 4500 3600 8100 16200 201600 2700 900 900 900 900 19800 18900 12600 11700 2700 1800 900 900 900 900 900 900 900 1800 25200 1800 900 2700 900 900 900 900 900 900 900 900 900 1800 2700 900 6300 561600 900 1800 900 900 900 1800 900 900 900 900 1800 36000 12600 3600 2700 1800
900 900 900 1800 2700 3600 4500 5400 25200 10800 2700 900 900 3600 1447200 13500 10800 4500 3600 2700 1800 900 1800 900 1800 900 3600 2700 7200 9900 5400 200700 1800 900 157500 154800 3600 1800 900 900 900 2700 1800 900 2700 1800 1800 900 900 900 26100 4500 3600 900 900 1800 900 900 900 1800 900 900 900 900 900 1800 2700 571500 900 900 900 900 2700 3600 2700 900 900 1800 900 1800 36900 13500 7200 2700
900 900 900 900 1800 2700 3600 4500 18900 9000 900 1800 900 1800 1465200 1800 900 5400 4500 3600 2700 1800 900 900 900 900 1800 1800 6300 3600 5400 4500 199800 196200 1800 1800 150300 900 1800 1800 3600 900 2700 1800 3600 4500 1800 900 1800 1800 31500 4500 3600 1800 900 900 4500 6300 8100 9000 4500 900 900 900 900 900 2700 3600 572400 3600 900 900 900 3600 7200 1800 1800 900 2700 900 2700 37800 14400 10800
1800 1800 900 1800 900 900 1800 2700 13500 3600 4500 900 900 1800 1469700 7200 6300 5400 4500 3600 2700 1800 900 900 900 900 900 900 4500 2700 4500 3600 2700 34200 1800 900 900 149400 148500 108000 101700 99900 96300 95400 89100 88200 81000 50400 48600 45900 43200 6300 5400 1800 900 900 900 1800 900 1800 17100 3600 1800 900 900 900 900 3600 4500 576900 2700 900 900 1800 11700 2700 2700 1800 900 3600 1800 3600 38700 15300
3600 2700 900 1800 2700 1800 900 4500 9900 2700 3600 900 900 2700 1470600 15300 7200 6300 5400 4500 3600 2700 1800 900 3600 1800 900 900 2700 1800 3600 2700 1800 900 32400 900 900 900 1800 36000 4500 2700 900 900 900 1800 900 27000 19800 5400 4500 1800 900 2700 900 900 900 1800 4500 5400 23400 8100 3600 1800 900 900 1800 900 7200 12600 577800 4500 8100 900 900 12600 18900 2700 1800 4500 900 7200 39600 55800
900 7200 900 1800 2700 3600 2700 900 3600 1800 2700 900 3600 3600 1471500 28800 5400 4500 3600 2700 1800 900 1800 4500 900 1800 900 900 900 900 2700 1800 900 900 1800 29700 16200 900 900 28800 1800 900 900 900 900 900 900 900 4500 13500 4500 1800 900 900 1800 900 900 1800 2700 3600 4500 32400 900 1800 900 900 900 1800 2700 6300 19800 598500 783000 796500 799200 802800 808200 836100 838800 900 5400 6300 14400 15300
900 1800 8100 1800 2700 7200 900 1800 900 900 1800 4500 9000 900 1505700 900 7200 6300 5400 4500 3600 2700 5400 4500 2700 900 900 900 900 900 900 900 1800 3600 9000 12600 12600 3600 900 3600 24300 900 1800 1800 900 900 900 900 2700 900 7200 3600 2700 900 3600 900 900 1800 2700 3600 900 37800 1800 2700 1800 1800 900 1800 1800 900 2700 183600 3600 900 2700 4500 5400 13500 15300 855000 856800 880200 885600 888300
900 1800 10800 2700 3600 15300 6300 4500 900 900 3600 1800 11700 900 1512000 4500 3600 2700 1800 900 900 6300 5400 900 1800 1800 1800 1800 900 900 900 900 900 900 3600 2700 5400 2700 1800 900 1800 23400 19800 1800 1800 1800 1800 900 900 900 1800 4500 1800 900 6300 900 900 900 1800 900 5400 38700 2700 3600 2700 2700 900 900 900 1800 179100 900 2700 1800 3600 4500 11700 900 900 6300 21600 900 4500 1800
7200 3600 11700 34200 27000 9900 1800 900 3600 2700 900 1800 2700 13500 1519200 6300 5400 4500 3600 2700 900 7200 7200 900 4500 2700 900 3600 1800 900 1800 900 900 1800 900 1800 2700 1800 1800 900 900 2700 13500 11700 7200 3600 900 900 900 900 900 900 900 900 9900 1800 900 900 900 3600 5400 50400 54000 58500 3600 3600 1800 900 900 1800 176400 900 900 900 2700 3600 1800 9000 5400 2700 9900 1800 3600 900
2700 26100 40500 5400 900 5400 1800 900 2700 1800 900 2700 3600 17100 1525500 5400 4500 3600 2700 1800 900 8100 9000 900 8100 1800 900 4500 3600 2700 1800 1800 1800 900 900 900 900 900 900 900 900 900 900 900 900 900 900 2700 2700 900 900 900 900 900 10800 900 900 1800 3600 5400 9000 14400 18000 18900 78300 86400 2700 900 1800 153000 175500 2700 900 1800 2700 900 8100 4500 1800 2700 6300 900 2700 2700
2700 72000 4500 3600 4500 1800 2700 900 1800 900 1800 2700 5400 21600 1526400 900 900 2700 1800 900 9000 900 9900 1800 12600 1800 5400 4500 6300 2700 2700 4500 1800 900 900 900 900 900 900 900 900 900 900 900 900 900 1800 7200 900 900 1800 1800 2700 900 900 11700 1800 1800 900 1800 900 4500 2700 3600 6300 11700 99000 105300 150300 7200 9900 1800 900 900 1800 7200 3600 900 1800 2700 2700 1800 1800 4500
3600 74700 1800 900 2700 3600 900 1800 900 900 1800 1800 900 7200 1548900 2700 3600 900 900 9900 1800 85500 74700 73800 68400 49500 12600 7200 900 10800 7200 1800 900 900 2700 1800 1800 1800 1800 900 1800 1800 1800 1800 1800 1800 9900 900 900 900 4500 7200 3600 1800 1800 900 12600 4500 900 900 900 2700 1800 2700 1800 4500 2700 43200 3600 2700 7200 1800 900 900 1800 4500 2700 900 1800 1800 900 900 3600 1800
107100 31500 3600 2700 1800 1800 2700 900 900 900 900 6300 9900 12600 1557000 900 9900 1800 10800 2700 88200 1800 900 2700 3600 1800 30600 20700 18900 5400 2700 1800 900 900 5400 13500 9000 6300 3600 900 2700 900 2700 4500 4500 10800 1800 1800 900 900 1800 10800 15300 2700 2700 1800 13500 6300 900 900 900 900 900 1800 900 3600 1800 42300 2700 1800 3600 2700 900 900 1800 1800 1800 900 900 900 1800 2700 900 900
17100 900 27000 1800 900 900 900 900 900 1800 5400 2700 1800 2700 16200 1558800 10800 11700 92700 89100 2700 1800 900 1800 2700 900 4500 4500 1800 1800 1800 900 900 900 27900 8100 6300 3600 1800 900 900 4500 1800 3600 9900 13500 2700 1800 2700 900 900 900 900 16200 6300 2700 14400 8100 1800 900 900 900 1800 900 900 1800 900 41400 900 900 900 2700 1800 900 900 900 900 900 900 1800 2700 3600 900 900
3600 15300 11700 24300 2700 1800 900 900 900 2700 1800 900 1800 2700 6300 1582200 900 116100 900 3600 900 2700 1800 900 900 1800 1800 1800 1800 900 900 1800 1800 28800 900 900 900 1800 900 900 900 1800 7200 11700 27000 41400 9000 3600 1800 900 900 900 1800 3600 23400 900 3600 23400 900 6300 1800 3600 900 900 900 900 900 900 39600 900 1800 900 1800 900 900 900 900 1800 1800 900 1800 2700 4500 1800
4500 2700 2700 10800 20700 17100 4500 2700 900 1800 900 900 1800 2700 5400 8100 1583100 117900 11700 9900 5400 900 3600 2700 1800 900 900 900 900 900 900 2700 2700 30600 1800 900 900 900 900 900 900 900 1800 900 900 43200 16200 6300 3600 2700 900 900 1800 2700 30600 900 1800 4500 39600 8100 7200 2700 1800 900 900 900 3600 12600 19800 5400 2700 1800 900 900 900 1800 1800 1800 2700 2700 3600 4500 3600 5400
1800 1800 1800 1800 9900 2700 11700 9000 6300 1800 900 900 1800 4500 1800 900 11700 1584000 137700 7200 6300 5400 900 900 1800 900 2700 1800 900 900 900 1800 6300 33300 5400 3600 1800 900 900 1800 1800 900 900 900 900 45000 20700 3600 2700 1800 900 900 900 1800 2700 31500 1800 46800 6300 5400 4500 900 1800 900 900 3600 8100 3600 2700 12600 1800 900 900 900 900 2700 2700 2700 2700 3600 900 900 5400 4500
900 900 900 900 900 9000 1800 1800 1800 3600 900 900 1800 1800 900 1800 2700 18000 1740600 900 900 900 1800 2700 900 3600 900 900 900 1800 1800 900 42300 11700 5400 4500 3600 1800 900 2700 2700 1800 900 1800 1800 66600 2700 1800 900 900 900 900 1800 2700 900 3600 37800 54900 900 7200 900 2700 1800 900 900 1800 1800 2700 1800 9900 5400 3600 1800 900 900 1800 5400 3600 3600 3600 4500 1800 1800 6300
6300 3600 2700 1800 900 2700 5400 900 900 900 2700 900 900 900 900 1800 1800 900 900 1746000 2700 900 7200 1800 4500 1800 1800 900 1800 2700 2700 71100 27000 7200 4500 3600 2700 1800 900 3600 3600 2700 1800 900 71100 3600 900 900 1800 1800 900 900 1800 2700 6300 1800 93600 900 9900 900 5400 4500 1800 900 900 900 900 900 900 3600 900 900 1800 900 900 1800 2700 9000 4500 4500 4500 5400 2700 2700
900 1800 900 1800 900 900 900 4500 3600 2700 900 900 900 900 900 900 900 1800 2700 900 1750500 1800 13500 5400 2700 2700 1800 2700 900 6300 72000 900 1800 5400 1800 900 900 900 1800 4500 4500 3600 900 3600 75600 1800 1800 2700 2700 1800 900 900 1800 900 1800 10800 106200 11700 900 900 1800 900 1800 900 900 900 900 900 900 900 900 900 2700 1800 900 900 1800 2700 12600 18000 23400 5400 6300 3600
900 900 2700 900 900 900 900 3600 2700 1800 900 900 1800 1800 900 900 900 1800 2700 3600 8100 1753200 14400 3600 3600 2700 3600 1800 900 79200 1800 900 900 900 4500 3600 1800 900 2700 5400 900 9000 1800 94500 90000 2700 7200 3600 2700 1800 900 900 1800 2700 3600 4500 107100 20700 8100 7200 4500 3600 900 900 900 2700 1800 1800 1800 900 900 1800 6300 2700 900 1800 900 900 1800 2700 3600 27900 34200 7200
1800 3600 3600 1800 900 1800 5400 2700 1800 900 900 900 2700 2700 3600 1800 900 900 1800 3600 1800 1764000 15300 11700 3600 4500 2700 1800 900 81900 1800 1800 900 900 6300 5400 3600 900 900 3600 6300 10800 97200 900 900 9000 900 3600 2700 900 1800 900 1800 4500 900 6300 128700 3600 1800 900 4500 3600 2700 900 900 2700 8100 15300 2700 900 900 900 1800 9000 12600 1800 4500 6300 7200 8100 9000 9900 10800 45900
9900 5400 900 1800 2700 6300 6300 2700 1800 900 900 900 1800 3600 3600 6300 1800 900 900 900 1800 2700 1780200 18000 5400 3600 2700 1800 82800 2700 2700 1800 1800 7200 1800 900 900 900 900 1800 4500 18000 99000 1800 900 900 15300 10800 7200 4500 900 900 2700 3600 9000 7200 134100 900 900 5400 2700 1800 900 900 900 900 900 20700 4500 2700 900 900 1800 2700 3600 17100 18000 18900 900 900 900 1800 2700 3600
