samples/aoi_twi.asc
ncols    277
nrows    373
xllcorner    339188.87224
yllcorner    6745209.87337
cellsize    30.0
NODATA_value    -2147483648.0
[rows 135 to 161 of 373, columns 120 to 179 of 277]
4.329606 4.800705 3.7268944 3.5107214 3.6543674 4.150618 3.7443812 3.1036115 2.7272966 2.6735413 3.4847736 3.750958 4.1013417 4.238699 3.866135 3.072236 2.8423216 2.6951256 2.9235456 3.0667186 3.044787 3.167094 3.3653963 3.333805 3.2753158 3.2226377 3.223981 3.402133 3.2601254 3.2411625 3.4651446 3.7986689 4.222848 4.250465 4.25606 4.4070864 4.3272295 3.7142057 3.5562317 3.8736682 3.952458 4.040998 4.162741 4.1335874 3.988806 3.687292 3.932663 4.642507 4.3335586 3.7734914 3.487091 3.548282 3.8665655 4.3605566 4.8696427 3.9446697 3.3709521 3.1422453 3.2600482 3.4440253
4.2743073 4.772554 3.733252 3.4579067 3.763481 3.8656025 3.64787 3.1839776 2.7409544 2.6339216 2.7706578 3.538377 3.602832 3.605187 2.7686481 2.6594045 2.5357828 2.6309466 2.9758952 3.0678937 2.961905 2.9722247 3.1018722 3.143759 3.1839597 3.1982412 3.161732 3.3042858 3.5527775 3.5680754 3.7618303 4.514461 5.605402 5.166237 4.392757 3.9454014 3.7477229 3.4585946 3.6834748 4.0404577 3.7652512 3.6847186 3.822022 3.866983 3.7161427 3.7892585 4.577573 4.5318427 3.9325395 3.4478726 3.291911 3.4886801 4.2809606 5.9679747 4.768548 3.3716342 2.931357 3.0959926 3.4367912 3.634329
3.7396467 4.6660423 3.7032902 3.521857 3.597009 3.5199356 3.5199463 3.1433504 2.8932524 2.6544247 2.581996 2.5885403 2.639686 2.670053 2.6180599 2.575934 2.62426 2.8718126 3.5767891 3.5336995 3.1443212 3.161356 3.2317111 3.3957875 3.616676 3.670049 3.622716 3.6229928 4.256306 4.276832 4.026168 4.2498317 4.5970964 5.058605 4.877795 4.0810046 3.4434981 3.198369 3.7584276 4.279184 3.691272 3.4707093 3.4835064 3.5466168 3.4126318 3.3619325 3.6120415 3.745836 3.545567 3.242643 3.2731318 3.922827 5.9233036 5.46382 3.5416653 2.9297943 2.9116595 3.337881 3.9404535 4.079953
3.4381068 4.2551713 3.695929 3.5875463 3.5571134 3.520262 3.4962432 3.1485329 2.8807402 2.7057943 2.5712097 2.5391233 2.5644357 2.7560456 2.879109 3.0018442 3.0672839 3.9549813 10.342186 5.7102427 4.022733 3.7278807 3.9494512 4.228659 3.8925402 3.9254396 3.9861689 3.6717286 3.7027173 4.399907 5.340849 4.1095877 3.963045 3.9845936 3.9438684 3.6936123 3.2044702 3.2120337 3.8138256 4.1834607 3.6298025 3.2955582 3.2046168 3.3321075 3.34646 3.2001972 3.2973866 3.4549167 3.3600564 3.3019016 3.6695065 5.0259004 10.342186 3.8894157 3.0688248 3.0156698 3.2221882 3.861331 4.67474 4.467335
3.1992786 3.6076343 3.3148885 3.238198 3.306004 3.4884477 3.6050935 3.4668381 3.2162995 2.9314215 2.7410982 2.726545 2.6625435 2.7445834 2.9830022 3.289054 3.8264327 6.794047 5.07948 4.0282383 3.6267536 3.7047865 3.5844767 3.199117 3.1128497 3.1398938 3.0989854 3.165396 3.5277445 3.9946854 4.3119717 4.1067066 3.7150764 3.6290898 3.5975766 3.4135678 3.1652923 3.365831 3.699957 3.551739 3.4298258 3.2914069 3.1880343 3.2598248 3.422084 3.3063276 3.2279036 3.2495787 3.296414 3.5839667 4.4874125 5.320055 4.141375 3.3154862 3.1503181 3.2112577 3.5082922 4.108999 4.6994295 4.39054
3.0787227 3.493291 3.3973756 3.1446164 3.2006028 3.4175534 3.6526332 3.7863374 3.9793594 3.806566 3.507846 3.3144581 3.3340187 3.338808 3.488561 4.2551503 4.0217237 3.415031 3.062587 2.9162698 3.2058616 3.4709215 3.3113272 3.0932198 3.099269 3.1637673 3.0995295 3.090054 3.418819 3.5958335 3.4631433 3.5673456 3.7179618 3.5641272 3.4776535 3.40642 3.3211615 3.378573 3.3191607 3.1261935 3.2252462 3.344193 3.3631349 3.3638783 3.4692626 3.4702148 3.3498073 3.2341914 3.4579518 4.129268 4.896349 3.648075 3.1700504 3.0849082 3.121918 3.267705 3.5721397 4.0234165 4.2637367 4.156765
3.3323164 3.7397258 4.1721373 3.5910933 3.4800088 3.586024 3.623582 3.8093593 4.461813 4.438945 3.8736176 3.7785013 3.7244349 3.952433 3.7209494 3.2498572 2.8718185 2.6909702 2.6672642 2.8827763 3.317536 3.6318467 3.3842397 3.1544673 3.2461913 3.3922932 3.410425 3.3378513 3.3430023 3.360194 3.0500367 3.1751266 3.7654433 3.717621 3.5162776 3.4226978 3.4322796 3.1902606 2.9460137 2.970891 3.114823 3.0883675 3.2231953 3.4763684 3.5637498 3.5911782 3.6009305 3.7016597 3.9473603 3.9311457 3.3621647 3.0267358 2.947636 2.9507556 3.026598 3.3444788 3.5931866 3.7671084 3.9382508 3.9742649
3.4152775 3.6051657 4.3629956 4.686503 3.757968 3.4931357 3.4577396 3.6337724 3.8939178 3.5052931 3.3044229 3.318406 3.4590738 3.4522967 3.1986866 2.968348 2.9471908 3.0477102 3.1714065 3.2323732 2.9997692 3.148867 3.1720357 3.0898988 3.2240596 3.3413424 3.4119248 3.5677528 4.2206 3.0167725 2.7723954 3.0905304 3.6316948 3.7456152 3.6374755 3.587141 3.3426661 2.927515 2.7573152 3.00179 3.1814358 2.9229882 2.8798485 3.189128 3.5518374 3.6978865 4.0005827 4.3696723 3.7757485 3.2502334 2.9811044 2.9967568 3.1414154 3.2307434 3.4359763 3.6275544 3.7596917 4.034084 4.493102 4.306593
3.132075 3.1186821 3.3866675 4.733698 4.3741455 3.361474 3.1965818 3.4077535 3.5360763 3.3752954 3.3487554 3.4547794 3.4901175 3.3637068 3.2639802 3.2508373 3.4086416 3.6053448 3.712984 3.4531536 2.9177501 2.8592527 2.956505 3.0062492 3.12802 3.3052776 3.498138 4.6309 4.7731643 2.989489 2.600237 2.854416 3.3207283 3.6900024 3.7335844 3.6778336 3.1600742 2.7635283 2.739781 3.119597 3.2864532 3.077395 2.8658628 2.9433055 3.3852777 3.7033176 3.8743186 3.7334688 3.3055196 3.043373 3.048296 3.2310672 3.4779437 3.7034512 3.9536054 3.913636 4.212803 5.329993 5.656507 4.4616857
3.2845542 3.1738565 3.0999727 3.8139539 5.543608 3.5314503 3.0482745 3.2263002 3.4330366 3.2509134 3.2347085 3.4388807 3.3122592 3.2823362 3.4172266 3.6207573 3.66751 3.4816158 3.416339 3.4022365 4.0188165 3.138762 3.047361 3.149856 3.3813555 3.66675 4.646183 5.5588737 5.224239 3.8616698 2.620436 2.5467105 3.0945554 3.6962304 3.658196 3.4560547 2.9797328 2.703084 2.8123229 3.44674 3.6693132 3.1673396 3.070939 3.0237844 3.218341 3.5294716 3.4529421 3.2825923 3.160727 3.1595805 3.2865546 3.4472425 3.5766912 3.6539311 3.8370693 4.9639797 5.9761276 5.8717394 5.4981155 4.3722343
3.3717988 3.258087 3.0873086 3.6460977 10.28978 3.8323793 3.0670285 3.1482606 3.248343 3.0629156 3.1008358 3.2901435 3.3531706 3.4535139 3.527062 3.5601952 3.4093034 3.2456512 3.295424 3.4396799 4.4277253 4.3427005 4.201888 3.6780372 3.8650172 3.9820046 5.290194 5.7097797 4.492203 3.099585 2.6948464 2.5113697 2.9971545 3.555814 3.496997 3.2615542 2.912485 2.7584429 3.1400278 4.5495815 5.091928 3.539603 3.0444582 3.0992484 3.1838937 3.3469796 3.1510289 3.0463853 3.2343752 3.3480213 3.3714573 3.4555898 3.448809 3.5389833 4.7039723 6.9777308 4.992594 6.0386376 6.1925306 4.4930267
3.2329364 3.1706905 3.1231363 3.7385004 10.28978 3.880056 3.1074147 3.1576464 3.1765103 3.0055351 2.9720247 3.0570161 3.2048178 3.2590456 3.2973976 3.2436607 3.132358 3.1556878 3.2620945 3.4591794 3.7885125 4.0534606 4.1245136 4.1146016 3.8884435 4.666042 5.1512585 5.025181 4.022268 2.9666119 2.9973352 2.7105238 2.750188 3.2662013 3.4622042 3.365998 3.0981715 2.9992433 3.7404394 10.3407755 10.28978 4.2985044 3.235611 2.9694333 3.0216618 3.0863986 2.9135118 2.9500008 3.339561 3.4031308 3.3779392 3.4459577 3.4213061 3.6486247 5.2313037 5.76662 5.3935456 10.34263 5.599126 4.090779
3.1375084 3.0078788 3.1790037 4.1673484 10.339564 3.5745676 3.0203753 3.2056928 3.1490142 2.9214272 2.7452755 2.8561776 3.1417584 3.96949 3.3251507 3.2315443 3.2052677 3.2821193 3.3600962 4.342468 4.8802133 4.890167 4.889279 4.319796 4.818577 5.432316 4.750172 3.7465622 3.2680957 3.107571 3.325128 2.8527746 2.5953217 2.9499836 3.5122423 3.6746588 3.2949307 3.1206243 3.3332963 5.0125136 10.28978 4.3191833 3.2728596 2.8407362 2.7924793 2.9185827 2.7777166 2.9374967 3.3230853 3.3281136 3.4342709 3.5111125 3.5728345 3.8703995 5.487262 5.846111 7.313499 10.34263 4.3516436 3.6625586
2.8954222 2.9784281 3.5084925 4.9985743 4.169938 3.1988673 3.0966156 3.1239927 3.036141 2.8811305 2.7790098 2.895458 3.896998 4.2122593 4.3112226 4.220602 3.558662 4.297844 4.397049 5.032582 5.0691357 5.900886 5.1108737 4.3265314 4.3766055 5.7956023 4.7927566 3.577942 3.533794 3.2882564 3.247531 3.0121133 2.5933459 2.7573686 3.4695017 3.8074439 3.4243386 3.1709325 3.1213768 3.7216547 5.377674 3.6687055 3.0583217 2.7707148 2.7827785 2.791562 2.6887033 2.9809856 3.3029141 3.4574776 3.6039455 3.7101324 4.0766463 4.176176 4.4245834 6.3615193 5.9476156 5.17328 3.8958995 4.5521255
2.8678408 3.230552 4.259537 4.4574237 3.3719954 3.0535235 3.078729 3.1309392 3.039715 2.9409127 2.8832774 2.9454668 3.9145412 4.2970343 3.6897697 3.7159307 3.837526 3.80817 4.661943 6.1675057 4.6996317 5.543813 4.7042685 4.522842 5.0915313 5.2244873 5.3699746 4.49084 3.3631241 3.3156135 3.3616278 3.103364 2.676987 2.6547172 3.405284 4.103549 3.5654957 3.1211894 2.892526 3.6413515 4.187116 3.3315086 3.0321844 2.7977333 2.6832483 2.656509 2.7332485 3.049907 3.471654 3.8736727 3.9073703 4.3283186 4.613725 4.144212 3.968321 5.1801567 5.9743686 5.1051025 4.174536 4.835187
3.1366503 3.8452685 4.4999285 3.4079864 2.9872909 3.0288823 3.254344 3.2687252 3.1361704 3.0282123 3.0023577 3.1585236 3.2868237 3.3401978 3.4372876 3.6723886 3.8318737 3.768136 4.9484744 5.8123183 4.5260835 5.478471 4.5349503 4.4194503 5.3153105 6.546659 5.413657 4.6605 4.0929165 3.3405585 3.5385563 3.268214 2.814996 2.5945947 3.062464 4.3162603 3.8757842 2.9442072 2.7705724 3.7051575 3.6767502 3.0735288 2.935148 2.7363684 2.582278 2.633322 2.8258855 3.2763815 3.8350184 4.0315876 4.409616 4.708172 4.150657 3.9950306 3.7757015 4.51761 5.0158377 4.415231 4.0283875 4.4488173
3.491218 4.5828557 3.6518185 2.9728386 2.9993703 3.3901422 3.7299364 3.6030917 3.1927903 2.9777846 3.0448456 3.2431986 3.282901 3.2455232 4.1287594 4.475473 4.626882 4.7982807 6.759865 4.8980694 4.171091 4.6236835 4.317249 4.005183 5.1237693 5.619671 5.052698 4.5451746 3.5185583 3.5411792 3.5926962 3.3709784 2.9482877 2.7930486 3.0515285 3.6601386 3.4946005 2.8811405 2.6917825 3.7868767 3.1848176 2.7998242 2.859611 2.7380226 2.6352232 2.6725335 3.0811644 3.6955116 4.070102 5.0272737 4.302948 3.644303 3.6591198 3.6371338 3.564092 3.6480157 4.48114 3.8507895 3.7210515 3.5041225
3.6454785 3.9151418 3.2027955 2.9159358 3.236521 3.745946 4.0151157 3.7312376 3.2754397 3.03548 2.979664 3.126012 3.2805998 3.9710116 4.202117 4.6190453 4.5409927 4.5866847 4.565147 4.497128 3.9101536 4.146513 4.183601 3.943003 3.9701576 4.3515043 4.504018 4.901814 4.469546 4.212172 3.263509 3.010647 2.7959292 2.9809754 3.3268933 3.3697224 3.0312743 2.569529 2.860339 5.0768776 2.9974678 2.586494 2.8001516 2.8188353 2.8434649 2.9133248 3.214985 3.3832347 3.4307566 3.320551 3.0663877 3.168641 3.3522666 3.463182 3.469814 3.5138226 3.695645 3.9018898 3.8926375 3.6702473
3.9203088 3.6018505 2.9398708 2.8825126 3.30959 3.7346535 3.9385412 3.7072923 3.412682 3.2184482 3.0397666 3.0422456 3.1379137 3.9808242 4.3129096 4.418841 4.235451 4.0521474 4.058615 3.5689023 3.663623 3.8579888 4.032182 4.0587106 4.1932573 4.602872 5.6740003 5.134476 4.256313 3.627571 2.969124 2.945918 2.7204907 2.916448 3.158726 3.202221 2.806913 2.639092 3.517681 3.9297655 2.8866746 2.79219 2.7990932 2.9338417 3.0968034 3.2022545 3.260524 3.111033 2.905949 2.7951405 2.8318145 3.0571733 3.2051487 3.4009466 3.5116549 3.4950347 3.5397797 3.890053 4.107151 3.9799879
4.7614803 3.4987168 2.8870637 2.7998307 3.2052712 3.792574 4.1700063 3.8368301 3.4513485 3.282442 3.2124455 3.1269743 3.0987396 3.945236 4.2135577 3.5659127 3.5073454 3.3275 3.2744954 3.3854566 3.6467664 3.9649482 3.9461846 4.0799494 4.2307043 4.6489396 6.022483 4.3590097 3.5989788 2.7845783 3.1140745 2.8531015 2.75178 2.9391146 3.1601458 3.3330894 2.9257205 2.8801596 3.829699 3.754999 3.0045578 2.8327913 2.806711 3.0107567 3.2124128 3.2863462 3.383645 3.0649362 2.8155828 2.788884 2.830806 3.0400007 3.1866643 3.216397 3.4352138 3.571844 3.4569046 3.5361335 3.6199234 3.70507
4.1330314 3.409143 2.9888678 2.8241537 3.1082006 3.8162782 4.3823843 3.850065 3.339876 3.204583 3.2648194 3.2847526 3.2667196 3.3373408 3.3948522 3.5545588 3.680323 3.717052 3.6436036 3.6673741 3.935686 4.096146 3.7883039 3.9130647 4.267075 5.8067956 4.98089 3.9440682 2.9142606 3.1044476 3.1611063 2.8309603 2.798743 3.1263733 3.5254316 3.2813284 2.8515527 2.9910235 3.9998055 3.5536797 2.970947 2.8126345 2.9584115 3.221245 3.2261813 3.2351966 3.2786026 3.110358 2.9701574 2.7497525 2.7651305 2.9122384 3.086255 3.0850697 3.180312 3.3999522 3.386074 3.227335 3.1930118 3.2848463
3.8678641 3.4050782 3.1264536 2.946489 3.0290878 3.5026078 4.0062904 3.8225372 3.3012383 3.0920823 3.1181545 3.2635698 3.4224894 3.5689673 3.6044044 3.8618567 4.2676563 4.7803154 4.9269853 4.7598815 4.3258195 3.9446084 3.75312 3.8872929 4.300055 6.7593226 4.7086487 3.360145 3.1050475 3.2239668 3.096545 2.6457202 2.7554793 3.2628446 3.5575376 3.227092 2.7746356 2.9675202 3.7666223 3.2500982 2.8378074 2.806088 3.039029 3.47632 3.4855442 3.2578142 3.1495216 3.1143565 2.9549985 2.81214 2.9086087 2.8583722 2.8901722 2.936549 3.0101042 3.1794238 3.2368207 3.1317236 3.0832758 3.1163578
3.8619974 3.4755824 3.2055929 2.987413 2.99102 3.3863733 3.8945682 3.8885493 3.4125912 3.1399794 3.0630283 3.1288009 3.3036823 3.6993477 3.9481044 4.0023227 4.17927 4.4604273 4.4212484 4.493479 4.3318853 3.8920276 3.7640016 3.9902499 4.4372964 6.740924 4.6932287 3.3422096 3.246773 3.1664176 2.9286432 2.6326268 2.6804435 3.3418033 3.7922132 3.1132584 2.8927019 2.9839733 4.046351 3.2126644 2.8168952 2.7929406 2.9450676 3.3541887 3.8412943 3.4397423 3.119117 3.0380814 2.9641836 2.9985263 3.0564134 2.9397418 2.8680859 2.8366284 2.8929572 3.1119606 3.217557 3.2047796 3.1059766 3.0636575
4.04394 3.6083841 3.2614129 2.953865 2.9161978 3.223894 3.7425258 3.873904 3.5587823 3.3152463 3.2836087 3.2255726 3.2137065 3.3972948 3.5210934 3.4792953 3.673436 3.8240623 3.7938406 3.8411965 4.098819 4.158688 3.8853285 4.042082 4.475177 6.7406106 4.6454787 3.247663 3.2486207 3.220645 2.9099278 2.73632 2.8103178 3.0876727 3.1466894 3.1414785 3.2241635 3.229765 4.3636546 3.3541248 2.8834946 2.970909 3.0118375 3.286172 3.9075048 3.618212 3.3045156 3.1701906 2.8734171 2.8789313 2.9154313 2.8990483 2.8910549 2.8966706 2.873808 3.0525775 3.2550027 3.1770976 3.065363 3.0008595
4.5000033 4.0143166 3.450209 3.0271952 2.8354664 2.9820235 3.3348968 3.6229205 3.532706 3.3920224 3.4629292 3.3136094 2.9864986 3.0250053 3.1579025 3.3112962 3.6487174 3.8274229 3.8024292 3.7509 3.9191458 4.5129623 4.0776963 4.0360074 4.524999 8.388151 4.5364585 3.2556176 3.2822144 3.2693532 3.114099 2.9563115 2.8694148 2.9445243 2.9818332 3.115218 3.290054 3.1360183 3.7944589 3.512805 2.8957076 3.00653 3.0595574 3.1551714 3.3937924 3.3783145 3.2643092 2.8707283 2.6405888 2.7499783 2.790532 2.7698636 2.8749435 2.814971 2.8584375 2.9620435 3.0429878 2.9840438 3.029357 2.9836469
4.438126 4.6805663 4.198235 3.3633194 2.931077 2.9089391 3.0394914 3.2447565 3.275283 3.198236 3.156421 2.9063818 2.7447114 3.5966547 3.7839592 4.1200976 3.8610075 4.0023704 3.9600499 4.016185 4.034701 4.801018 4.3558884 4.023102 5.310118 5.7166557 4.442721 3.4745874 3.4232965 3.249028 3.12851 2.9922228 2.870254 2.9052827 2.976405 3.1891675 3.275001 3.0392323 3.5091715 3.8886786 2.9518774 2.9366114 2.9995365 2.980864 2.8560917 2.8450336 2.7250032 2.506283 2.5620947 2.8645315 2.8871114 2.7568889 2.924522 2.795206 2.7216172 2.8862154 2.8513317 2.8955522 2.996609 3.0186105
3.8057332 4.0802402 4.4431396 4.224983 3.3469262 3.0898483 3.0439043 3.0809374 3.0590904 2.891174 2.8590019 2.7744384 3.4628775 3.6995835 4.043548 4.5248837 4.0784354 3.9568083 4.699053 4.896946 4.1347103 4.758106 4.7896204 4.0805826 5.056786 5.227475 4.616374 3.7636294 3.5510302 3.920083 3.0541728 2.8547277 2.7415936 2.9678862 3.1271102 3.1408966 3.2098663 3.0376902 3.530646 4.804716 3.3319724 3.0031657 2.90671 2.847253 2.762622 2.6649652 2.5636814 2.5680814 2.6854074 3.0556874 2.9146664 2.7186325 2.9725301 3.1058567 2.7962184 2.7507155 2.8427334 2.8787966 2.84108 2.8502884
