samples/aoi_twi.asc
ncols    277
nrows    373
xllcorner    339188.87224
yllcorner    6745209.87337
cellsize    30.0
NODATA_value    -2147483648.0
[rows 54 to 80 of 373, columns 120 to 179 of 277]
5.370262 6.3937817 5.852634 4.470658 3.7833502 3.9814703 4.9947004 5.4085813 6.3958926 6.3772936 5.848466 4.824718 4.858538 5.1350145 4.8190246 4.6534333 4.771918 4.683193 5.3934913 5.8697906 5.123952 4.711616 4.488495 4.563203 5.5610247 4.8082676 4.4925065 4.909257 6.8895416 4.8709493 4.303939 4.359945 4.357044 4.296905 4.266224 4.109353 3.8386087 3.632448 3.7031658 3.4567335 3.23942 3.1738904 3.2536345 3.3506582 3.425979 3.458152 3.437997 3.3886483 3.2451532 3.2114751 3.4636893 3.5313044 3.5720625 3.8967502 4.418949 4.5412893 4.098242 3.6379623 3.2953866 3.2094734
5.2590947 5.1780877 4.7050896 4.5172024 3.9124908 3.8442302 4.385003 5.3902545 5.567723 5.232267 5.220657 5.902506 10.288153 7.369105 4.7647624 4.485424 5.1114125 5.072582 4.8853064 5.629599 5.0789113 4.4097133 4.4480534 4.84198 5.678719 5.3444886 4.564649 4.6159124 5.379153 4.7766833 4.2033877 4.119538 4.123193 4.413845 4.4674654 4.3012023 3.9829233 3.5916274 3.6504233 4.0676455 3.7324426 3.3466294 3.3762088 3.5144613 3.5278246 3.4868505 3.5585182 3.572991 3.6028745 3.774988 3.8442974 3.7601469 3.905985 4.284891 4.4133134 4.7330885 4.5056963 3.9304965 3.58655 3.3448045
4.7407107 4.265761 4.423166 4.233616 4.012341 4.1605635 4.7330155 5.2721395 6.0504155 6.202071 5.349724 4.985353 5.3906517 5.1114125 4.642103 4.6881366 5.1880307 5.598721 4.920187 4.9294353 5.070903 4.456713 4.6562295 5.2170897 5.695883 5.8048315 4.781065 4.5452566 4.5952754 4.5233684 4.2968707 4.092772 4.199704 4.623551 4.759424 4.767113 4.3623033 3.701302 3.3875155 3.424514 3.705476 4.2262855 4.369331 3.9738195 3.7806883 3.778574 3.8829317 3.8408012 3.8561454 4.157732 4.2504344 4.165212 4.373401 4.506676 4.560339 5.5002112 6.021942 4.8761096 4.147287 3.9126842
4.3072143 4.021027 4.329973 4.300775 4.5130424 4.711322 4.5819807 4.697881 5.1119056 5.2551355 6.042147 5.6983585 5.034184 4.8501654 5.2846217 5.6432548 5.319682 5.922517 5.2016406 5.065404 5.656162 4.8416185 4.5738735 4.862497 5.031121 5.1325436 4.6138473 4.325902 4.2470813 4.4514303 4.78875 4.485402 4.1462126 4.287069 4.9198728 4.5413523 4.2236743 3.8027685 3.358627 3.1148036 3.1235561 3.3646986 3.7953546 4.1413116 4.0970535 3.9748254 4.093967 3.9984696 3.7303746 3.790995 4.062054 4.268062 4.3379126 4.421991 5.0603743 10.288153 10.291408 8.023759 5.616971 5.220106
3.8649437 4.0003734 4.371992 4.6258116 5.1050797 6.5213127 5.102907 4.545823 4.9160504 5.362017 5.315869 5.5770636 5.7133613 5.6099567 5.58318 5.7528653 5.4939303 6.489437 6.20285 5.247704 6.241134 4.998881 4.3426147 4.3359303 4.5871906 4.7980223 4.6672144 4.5056305 4.3193617 4.427315 4.8330703 5.1975894 4.4172616 4.3310795 5.152199 4.5125246 4.10399 4.0325813 3.6555676 3.232508 2.9993062 2.9936244 3.1543906 3.4718874 3.66729 3.5213509 3.4915946 3.494271 3.3614933 3.3150685 3.456968 3.7871654 4.122367 4.446408 5.40916 10.291408 10.288153 10.291408 7.4834685 5.6836305
4.0621085 4.3925853 4.8636637 5.4429846 5.415626 5.153617 5.1437497 5.0428777 4.808125 5.321853 5.5378795 5.256433 5.378275 5.7031064 5.848457 5.632718 5.6885414 6.18386 6.1198535 5.375915 5.77217 4.5664015 4.0951557 4.25159 4.843669 5.534269 5.665221 5.5951242 5.2136397 4.901746 4.8492966 4.9236073 4.5060415 4.6542583 5.71606 4.651339 4.401252 4.3238688 4.193293 3.6933105 3.2352035 2.9706914 2.9389186 3.1253748 3.3131618 3.2288256 3.2316666 3.3276663 3.3339796 3.1840937 3.1311269 3.2318213 3.6168847 4.206927 5.407931 10.291408 10.288153 10.291408 10.288153 6.51326
4.751078 5.1308722 5.887219 6.176117 5.9729137 5.5513153 4.800966 4.634771 4.958467 5.499195 6.298271 5.379848 5.016217 5.2496295 5.6315775 5.8192353 5.33919 5.377361 6.128806 5.756423 4.7804103 4.1722045 4.224762 4.7449927 5.155243 6.261965 7.203478 9.397827 10.288153 6.6275373 5.7902546 5.0532765 4.7384744 5.165602 5.080069 4.357413 4.5522146 4.233817 4.39663 4.490475 3.8531473 3.242046 2.954986 3.0397506 3.1849139 3.282474 3.352313 3.4203966 3.418782 3.3522146 3.1568742 2.9993346 3.169021 3.7483535 4.967096 10.288153 10.291408 10.288153 10.342186 6.3066983
4.8484235 5.7890496 6.607759 6.141317 6.172638 5.233251 5.0914636 6.017428 5.4529114 5.1438303 5.1304846 5.381363 4.8910317 5.169303 4.6595955 4.4716783 4.4686756 4.4993916 5.1144366 4.9928517 4.417071 4.313783 5.0802493 5.1562014 4.5503554 4.639809 4.9107647 5.2079525 5.404375 5.926624 5.802852 5.511061 5.3057323 4.78962 4.220555 3.9495506 4.1338773 4.0510883 4.0241523 4.5254493 4.610873 3.8681517 3.26554 3.1726878 3.348034 3.457452 3.4867947 3.470464 3.3293462 3.4716704 3.4503326 3.04046 3.0382488 3.465981 4.349507 10.286804 10.291408 10.342186 5.0242686 3.7790294
4.4291015 4.7194986 5.3689528 6.4450774 6.228077 5.963552 4.852184 4.3831143 4.3172183 4.516454 4.998426 5.157269 5.1437154 5.33598 4.949691 4.893984 4.889284 4.629133 4.5806675 4.47225 4.382334 4.6381063 5.664885 4.9911704 4.6574097 4.356973 4.2075353 4.254145 4.415409 4.77858 5.0237327 4.7448792 4.435442 4.0895314 3.8049731 3.8526416 4.222601 4.2676673 3.908213 3.9343977 4.360425 4.3621044 3.711814 3.4851627 3.6226954 3.6881957 3.6821086 3.6027286 3.2993934 3.247205 3.3390672 3.0998845 3.0482059 3.346482 4.3236175 10.288153 6.195813 4.305302 3.4155622 3.036366
4.629896 4.825097 4.823723 5.342876 6.531635 6.3724756 4.8614674 4.3430943 4.0700665 4.06744 4.468445 4.56961 4.709792 6.9066143 5.1932645 5.3187504 6.080918 5.5313506 4.5501328 4.3075986 4.3919415 4.83016 4.628513 4.787906 5.7697806 4.935439 4.556391 4.219495 4.1661596 4.308548 4.675406 4.6877503 4.405509 4.1912546 4.071513 4.3449016 4.8261485 4.8946853 4.2446313 3.877205 4.039776 5.0500145 3.9039218 3.668372 3.6987827 4.0094633 4.2728453 4.0870056 3.3965526 2.9375434 2.986681 3.0436857 2.9910014 3.4196045 5.424248 6.1630573 3.917711 3.1812325 2.9395568 3.001124
4.5552487 4.512084 4.431545 5.117931 5.07692 5.10109 4.559246 4.305641 4.3972178 4.004985 4.028074 4.4065022 4.3049955 4.573778 5.297456 4.8860626 5.024293 4.472331 4.3527093 4.5977693 4.657471 4.5982256 4.2310853 4.3376923 4.762783 5.2241592 5.0714626 4.682875 4.4537926 4.2888165 4.5992904 5.332809 5.3857718 4.835434 4.8372474 5.0415764 5.1921573 5.2349243 4.784706 5.0391817 4.947349 4.865871 3.9901853 3.6212335 3.5177805 4.0947695 5.185398 4.731837 3.3439333 2.767674 2.7926023 2.9668336 3.0902157 3.9582822 7.7228117 4.0595636 3.1869993 2.94583 2.976663 3.2731483
4.5413756 4.5556397 4.696191 5.7673016 4.9741364 4.5240145 4.357658 4.5028596 5.3809376 5.066022 4.103026 4.121739 4.347218 4.372865 5.167163 4.997644 4.252329 4.3053036 4.4495435 4.8566446 4.676422 4.5812464 4.2061267 4.1652403 4.6127806 4.410166 4.5260906 5.2311244 5.403418 4.954304 4.772773 5.328673 6.0671916 4.786732 4.567643 4.8148346 5.109014 5.1914487 6.529895 5.2252874 4.496047 3.8042614 3.9640822 3.695432 3.5368412 3.9429293 4.487394 4.051889 3.2181642 2.7372062 2.7297728 2.9585495 3.3700545 4.6923995 4.99758 3.5505612 3.0054529 3.0208764 3.388702 4.0461607
4.189482 5.274596 5.387307 5.3353024 4.8121905 4.683131 4.746619 4.5004144 4.486735 5.217991 4.6191173 4.030396 4.3750253 4.593092 4.89763 5.1546073 4.2821255 4.098812 4.812666 4.76273 4.4519176 4.824985 4.357537 4.082624 4.3898983 4.5036306 4.3681536 5.6893826 4.7839007 4.418052 4.875352 7.261758 10.338924 4.9986744 4.2531824 4.5452933 5.1578884 5.817835 5.6686215 3.8668427 3.6305628 3.917497 4.0311675 3.7136447 3.5764132 3.8643553 4.073352 3.6542563 3.191587 2.7866137 2.7126622 2.963813 3.6482582 5.665699 4.38905 3.40361 3.0301301 3.2197454 4.0199256 4.6491747
3.6721222 4.238556 4.7022142 4.415963 4.44493 4.9110384 5.520987 4.747393 4.350402 5.0141964 4.6769514 4.0118 4.292212 4.7833843 5.4793844 5.7178893 4.469365 4.1115074 4.4501996 4.4504333 4.4250655 4.6608553 4.340367 4.1014266 4.1855016 4.484377 4.394324 5.610406 4.6028347 4.707132 5.3720093 10.291408 10.338924 5.609952 4.2891417 4.2227116 4.904519 7.09481 4.2703066 3.717493 3.7435224 4.020732 3.9142766 3.5612464 3.5560925 3.7497947 3.6562312 3.394226 3.07943 2.7542927 2.6918201 2.9811614 3.876532 4.5325828 4.0676017 3.425475 3.183403 3.332138 3.469878 3.4562283
4.0262623 4.0383763 4.3826756 4.407643 4.4392953 4.5310335 4.3642983 4.2157893 4.3890886 5.8904166 4.559617 4.114562 4.2322626 4.9206944 5.749824 5.5623446 4.488197 4.0639644 4.018423 4.1668487 4.463604 4.3732734 4.177707 4.3166037 4.1455965 4.0711336 4.196045 5.2157154 5.071878 4.7289352 4.5744815 5.00698 6.245069 6.8405185 4.696046 4.2457376 4.4579268 5.985429 4.823013 3.6193767 3.6819901 3.865786 3.6519973 3.4565482 3.4938858 3.433008 3.211636 3.0678425 2.8696349 2.7089677 2.7907715 3.1797152 4.3359895 4.4203415 3.8527033 3.5204842 3.2112474 3.1604297 3.116468 3.0689251
4.614734 4.503497 4.3302703 4.5115805 4.583983 4.4280624 4.25333 4.1435986 4.504693 4.6565857 4.428301 4.27086 4.319171 4.629038 5.1534615 5.6641707 4.376262 3.7959814 3.8555894 4.1924434 4.6898184 4.198689 4.0941978 4.3975134 4.2747636 4.004442 4.035962 4.705101 6.1402082 5.334479 5.1353626 4.60594 4.727407 5.2817965 4.8282623 4.641349 4.4634814 5.0630527 5.1051455 3.6448803 3.4797473 3.648067 3.5540633 3.4592805 3.3521125 3.1340077 2.923466 2.9681604 2.914687 2.8784027 3.0926528 3.6804934 5.0398016 6.1347985 4.3419433 3.6643918 3.3302398 3.1195097 2.987644 2.9752963
4.7813168 5.0325084 4.6373353 4.6526823 4.6466484 4.406214 4.2974224 4.3897443 4.9213586 4.6253347 4.230559 4.1152244 4.1806107 4.568423 4.7970514 4.9517565 4.2021375 3.673221 3.7953205 4.3683777 5.3337917 4.3292475 3.9927597 4.234476 4.1404624 3.8680983 4.0074773 4.6873302 6.074437 4.6759214 4.5844193 4.9799094 5.8495903 5.4358735 6.462754 5.3690557 4.498362 4.25586 5.1726913 4.5823503 3.5314643 3.4182687 3.4443955 3.374412 3.250193 3.004821 3.0163686 3.2253242 3.1545095 3.1646655 3.5032153 4.1147757 5.213861 8.995146 8.533227 4.615915 3.8166177 3.3903165 3.1846323 3.1753418
4.694353 5.6128373 5.7886934 5.2780037 4.721425 4.476633 4.750045 5.689587 5.9409404 5.0055723 4.468143 4.120182 4.0558715 4.372929 4.573962 4.3231077 4.0248585 3.765994 3.9504843 4.46709 5.1958466 4.7936482 4.1131005 4.230748 4.309087 3.8425608 3.8189085 4.5496793 4.416456 4.081102 4.02065 3.9964983 4.356297 5.58973 6.1465983 5.501627 5.267771 5.0174356 4.5695376 4.696058 3.5761037 3.413 3.3667786 3.3195038 3.1653836 2.9898086 3.1691704 3.4443092 3.3975983 3.4681761 3.8355248 4.357204 5.090969 5.0963573 4.6546464 5.0206256 4.7476377 4.096773 3.9881806 3.8770988
4.7442136 5.6939025 6.371399 5.2586856 4.712764 4.770667 5.360149 7.7176175 6.7675247 5.6303315 4.8549075 4.445151 4.1741195 4.405052 4.8768716 4.6610894 4.2108693 3.9862554 3.9204962 4.2271066 4.6332526 4.4942985 4.1756387 4.28725 4.273703 3.9468274 4.0918446 4.709329 4.470725 4.327792 4.6092854 4.545549 4.1549854 4.445358 6.784286 5.1159916 5.88062 6.592951 4.803072 3.9203448 3.5264142 3.44991 3.5532906 3.4231415 3.0075912 2.8797016 3.2559636 3.6458757 3.6511972 3.8600385 4.060648 4.3984647 4.8444905 4.327234 4.2376094 4.030281 4.210112 4.476564 4.7631626 6.0622067
4.870254 6.529974 5.4759254 4.8539805 4.5982985 4.8987174 4.601284 4.5280538 5.03511 6.6448426 5.432978 4.8033323 4.3839645 4.599779 5.91012 5.083163 4.424028 4.1203938 3.802746 4.0064206 4.2146316 4.0679092 4.0595274 4.1337028 4.1136246 3.9148302 4.2156568 4.543384 4.3069396 4.487192 5.1562266 5.5689487 4.434863 4.3835874 5.1868253 5.310953 5.47188 6.3063416 4.650104 3.8021019 3.4513514 3.4352977 3.5686991 3.4287853 2.9187014 2.9478862 3.5511897 3.6097383 3.5932543 4.0928035 4.284724 4.0830245 4.2684293 4.2275386 4.0705605 3.6870804 3.6431415 3.8024936 4.0017385 4.3178024
5.1997714 5.1670184 4.8853073 4.700118 4.46711 4.412601 4.12343 3.893822 4.0768514 4.7324166 5.002226 4.3981137 4.2397184 4.7748914 6.321305 4.8497806 4.2981935 4.0566034 3.5843375 3.839809 4.232578 3.8719876 3.8786142 3.9053159 3.8291383 4.0235424 4.641661 4.0847816 4.160513 4.4239206 4.9969916 4.964191 4.660861 4.932023 4.880535 5.34813 6.193667 5.935234 5.0616302 4.2953672 3.4262276 3.337428 3.2745597 3.2286086 2.9989333 3.1684625 3.6312466 3.508357 3.5936637 4.4753904 4.168013 3.7006984 3.7267962 3.5434055 3.3736043 3.2533822 3.205682 3.2833996 3.532152 3.747732
4.158323 4.4387746 4.6702766 4.5061274 4.185382 3.978985 4.030088 4.081073 3.9037282 4.173993 4.454855 4.1436696 4.412903 5.4022465 6.70217 4.7368307 4.186063 4.0036864 3.6364017 3.7360072 4.9714565 3.7922692 3.6764686 3.7966428 3.8478339 4.319212 4.258157 4.2317348 4.5921073 4.4993453 4.183624 4.3731856 4.6269965 5.528359 5.9090667 5.920519 6.6668267 5.9242697 4.7838426 3.3843374 3.2320611 3.028882 3.0951717 3.1800027 3.0580661 3.299727 3.5702207 3.5195804 4.0326996 4.188803 3.6418755 3.3661723 3.129891 2.8834293 2.9099667 3.10455 3.0545585 3.0581117 3.1410348 3.3742049
3.8727264 4.076261 4.485129 4.3742375 4.044888 3.9753149 4.3980117 4.403038 3.7604523 3.875843 4.1523023 4.2095847 4.725332 5.630689 6.1379066 4.5764985 4.0686026 3.9808865 3.759511 3.7448802 4.5058084 3.6810915 3.3943105 3.602571 3.6918507 3.7367156 3.9942079 4.387622 4.589375 4.1212115 3.9689045 3.7864377 4.1359315 5.1113195 5.7298746 7.039683 6.3748 5.6712346 4.2642417 3.104579 3.048091 3.0975282 3.2143586 3.122206 3.1464536 3.5007193 4.0501533 4.251098 3.5246248 3.176863 3.0119007 2.9846036 2.7766104 2.69474 2.9115593 3.1649666 3.1673262 3.1147292 2.9530444 3.1080418
3.9568634 3.9540994 4.256491 4.3570647 4.11295 4.2132983 4.795914 4.5291166 3.7266066 3.5529537 3.6166084 3.6986084 3.9418936 4.467602 4.957983 4.2541723 3.9372637 4.011234 3.8009334 3.5746295 3.7261198 3.6332624 3.2638595 3.362801 3.505382 3.5704956 3.778214 4.0569057 4.100959 4.1304984 4.2484255 3.6396568 3.8417058 4.580039 4.8151326 4.862784 5.005114 4.6776648 3.3358455 3.2349834 3.2143917 3.187557 3.1192963 3.168093 3.4737067 4.053564 6.4103584 4.061011 3.0967052 2.7614079 2.7585762 2.82392 2.8073533 3.0572467 3.301428 3.2080064 3.260119 3.0336666 2.873953 3.0331929
3.9928346 3.9177053 4.0152173 4.065937 4.2730517 4.3509226 4.58426 4.7424016 3.9626184 3.5184133 3.2651637 3.215308 3.418487 3.74023 4.049359 4.155693 4.0701094 4.056206 3.7213306 3.3465536 3.55065 3.916855 3.3787763 3.390174 3.570104 3.702447 3.7836535 3.8025086 3.8439715 4.6013007 4.2241907 3.6057444 3.6927497 4.0382934 5.1198664 5.0483804 5.041911 4.1987343 3.4346962 3.4737594 3.1744165 3.1125844 3.0954027 3.2223458 3.783781 4.5873837 4.0279603 3.165935 2.8365967 2.8534827 3.0149286 3.18439 3.5754697 4.678227 4.2183757 3.469618 3.0049295 2.799818 2.8360295 3.0700436
3.882776 3.922798 3.883395 3.8742578 4.0649624 4.365313 4.4401784 4.902791 4.726996 3.9060328 3.4905224 3.1600356 3.1779242 3.3928142 3.715064 4.2911596 4.0588584 3.6597316 3.4514968 3.2980845 3.4515672 4.056927 3.4471514 3.3952458 3.4630466 3.6424778 3.8486822 4.022491 4.217231 4.1544933 3.9471116 3.7146478 3.6286669 4.5624213 5.272209 5.878903 4.3967495 3.2930362 3.5293505 3.4400184 3.0603504 3.0568497 3.2098584 3.428184 4.150029 4.7771 3.4256809 2.9268434 2.9491029 3.2918403 3.856066 4.769546 4.2006187 3.811563 3.4589946 3.1360593 2.9702833 2.82374 2.8146212 2.9909878
3.7366931 3.847662 3.9138753 4.0692415 3.9092834 3.8676045 4.178003 4.84428 4.9122853 4.400646 4.1643724 3.508625 3.2084112 3.272981 3.56966 4.1554646 3.5435772 3.280213 3.2855086 3.184185 3.3692176 4.3303614 3.835888 3.6840498 3.6882446 3.7252796 3.991028 4.32664 4.3603888 4.243272 3.8772624 3.6690488 3.7953405 4.001732 4.6623344 4.7674904 4.0127697 3.2041206 3.5931232 3.3372736 3.0548255 3.228206 3.4036486 3.4402132 4.194187 4.208017 3.1449609 2.9860992 3.3764765 4.441301 4.586816 3.686095 3.4805822 3.4405317 3.2079618 3.0142295 2.9114296 2.9717762 2.906332 3.0865679
