samples/calib_dem.asc
ncols        311
nrows        375
xllcorner    347528.872239818913
yllcorner    6714069.873372113332
cellsize     30.000000000000
NODATA_value -1
[rows 294 to 335 of 375, columns 95 to 189 of 311]
209 200 192 189 187 184 178 175 174 175 174 174 171 166 161 158 155 148 140 139 139 141 141 137 134 134 135 138 139 138 137 135 133 132 130 129 127 124 123 122 120 118 118 121 125 129 130 133 139 146 151 153 152 151 148 146 142 142 142 141 141 143 143 142 142 141 138 130 123 117 111 105 102 100 98 95 90 87 89 97 104 107 107 105 102 103 111 119 125 129 132 136 142 146 150
211 202 194 189 189 186 183 184 185 182 180 181 178 171 163 159 155 149 142 139 140 144 142 139 136 134 135 138 138 138 139 138 136 135 132 130 127 125 124 124 120 117 116 116 120 125 129 133 138 143 147 150 149 147 146 145 144 143 143 144 143 144 145 145 145 144 141 134 128 124 117 110 105 102 100 95 89 86 87 94 101 103 101 98 97 100 108 117 125 131 137 141 144 146 150
214 204 194 189 188 187 186 187 189 187 185 187 185 178 169 162 157 150 143 140 143 145 143 139 136 136 138 142 142 142 143 143 140 138 134 129 126 124 126 126 122 118 115 114 116 123 127 131 134 138 141 145 145 144 143 144 144 143 143 144 144 144 145 146 146 145 141 136 131 128 122 113 107 103 100 94 88 85 86 90 95 97 94 93 93 96 104 116 125 133 140 143 143 147 151
219 209 199 191 188 187 187 189 190 189 188 189 187 182 176 168 160 152 146 144 145 144 141 138 138 140 143 145 147 148 147 145 143 141 136 131 127 124 125 126 123 119 115 113 115 120 125 127 129 132 136 140 141 141 140 141 142 141 142 143 142 142 143 145 145 144 141 136 132 129 123 115 109 104 99 93 87 85 85 87 89 89 88 88 89 92 100 114 125 135 143 145 146 149 152
222 216 206 197 191 189 189 190 190 189 190 190 187 183 178 168 160 154 150 148 147 145 142 141 143 146 147 149 151 151 150 146 145 142 136 131 127 125 125 125 122 119 115 111 112 116 121 122 123 125 129 133 135 136 138 139 140 140 142 143 142 141 141 143 144 142 139 136 132 128 123 117 112 107 100 93 87 85 85 85 85 85 85 85 85 87 95 109 125 138 147 149 150 152 154
223 218 211 204 198 194 193 192 191 190 190 190 188 182 176 167 160 155 153 154 152 148 145 145 145 147 153 156 157 155 151 147 146 143 138 134 131 129 129 127 123 120 115 110 108 111 115 115 114 115 120 123 126 130 134 138 140 141 143 143 141 139 139 141 140 138 136 134 131 128 125 120 115 110 103 96 90 87 87 85 85 85 85 85 85 85 93 107 124 137 147 151 153 154 155
222 220 216 212 206 200 196 194 192 191 191 191 190 185 178 170 162 159 160 161 158 152 149 149 150 155 163 167 167 161 154 150 147 143 139 136 134 133 131 128 125 121 115 109 106 106 109 109 107 108 111 113 115 122 130 137 142 142 141 140 139 137 137 137 135 133 132 130 129 128 127 123 117 112 108 102 94 89 87 85 85 85 85 85 85 85 91 103 117 129 140 148 151 153 155
221 221 220 217 212 207 203 200 197 195 193 193 192 189 181 175 170 166 166 166 162 157 154 154 157 163 171 175 175 170 161 154 149 144 140 137 135 132 129 126 124 121 115 109 106 105 105 104 103 103 104 104 107 115 125 134 138 138 137 136 136 135 135 134 130 129 128 127 126 126 126 124 118 113 111 107 97 89 86 85 85 85 85 85 85 85 88 96 106 116 128 139 145 150 152
220 222 223 221 217 214 211 208 203 198 196 195 193 190 186 181 177 173 172 171 167 163 158 156 162 169 177 183 183 178 168 159 152 146 141 137 133 129 127 125 125 122 117 112 108 107 105 103 103 103 103 103 103 108 119 128 132 133 131 130 130 131 131 129 128 127 126 124 122 122 123 122 117 113 112 107 97 88 85 85 85 85 85 85 85 85 86 90 95 102 113 127 136 143 147
220 223 225 224 222 219 216 213 207 201 198 197 194 191 188 184 181 181 181 179 173 168 163 161 166 174 181 188 190 185 174 161 153 147 142 139 134 129 125 126 126 124 120 115 112 110 108 105 104 103 103 103 103 105 115 124 128 128 126 125 126 127 126 126 125 124 123 120 118 117 117 117 115 113 111 106 96 86 85 85 85 85 85 85 85 85 85 85 88 92 101 113 123 131 136
219 223 225 225 223 221 218 215 209 204 201 199 196 194 191 187 186 187 188 185 178 171 167 165 170 177 183 188 191 188 177 165 155 148 144 140 135 131 126 125 126 124 122 118 116 114 110 108 106 105 103 103 103 104 112 120 123 122 121 120 121 121 120 120 119 117 117 115 112 110 110 111 112 112 110 104 95 86 85 85 85 85 85 85 85 85 85 85 85 86 92 101 108 117 124
216 220 222 222 221 220 218 215 210 205 201 199 197 196 194 190 190 190 189 186 181 174 169 167 170 177 182 186 189 188 178 166 158 152 146 141 135 132 130 127 126 124 123 122 120 117 113 111 111 109 106 104 103 103 106 112 116 116 117 116 114 114 112 111 109 108 107 107 105 105 105 107 110 110 108 102 93 86 85 85 85 85 85 86 86 85 85 85 85 85 86 91 97 103 109
209 214 216 217 218 219 216 213 209 204 201 198 197 197 195 193 192 190 188 185 181 175 170 170 172 178 182 183 183 182 175 167 162 155 148 142 138 136 134 129 125 124 125 125 123 119 115 114 115 112 110 108 104 103 103 105 107 110 111 110 107 105 105 102 100 99 99 99 99 100 102 105 107 108 105 98 91 86 85 85 85 85 85 86 86 85 85 85 85 85 85 85 88 91 95
202 205 209 211 214 215 214 212 209 204 200 198 197 197 197 196 194 191 187 185 182 177 173 174 177 180 181 181 179 177 173 168 163 156 149 144 140 139 137 132 126 125 125 125 123 120 118 118 117 114 111 108 105 104 103 103 103 105 107 104 102 101 99 98 98 98 98 98 98 98 98 100 103 104 101 95 89 86 85 86 85 85 86 87 86 85 85 85 85 85 85 85 85 85 86
199 200 202 205 210 212 214 212 209 205 201 198 197 197 200 199 197 193 190 188 185 183 180 181 182 183 183 181 178 175 172 168 164 157 150 146 143 143 141 135 131 130 130 130 128 125 122 120 118 116 113 111 109 108 107 105 104 103 103 101 100 99 98 98 99 100 101 100 101 99 98 98 99 99 96 91 87 86 86 86 85 86 87 88 87 86 85 85 85 85 85 85 85 85 85
198 199 200 202 205 211 214 214 211 208 205 201 198 199 203 202 199 195 194 192 190 189 186 186 187 187 187 184 180 176 173 169 164 158 154 150 147 146 144 140 137 139 139 138 136 132 128 123 120 118 118 116 114 114 114 113 109 107 103 99 99 99 100 101 103 105 107 109 109 106 102 99 96 95 92 89 87 86 85 85 85 87 88 88 87 86 85 85 86 86 85 85 85 85 85
198 199 199 199 201 207 212 213 212 211 209 207 205 205 206 205 202 199 197 195 193 191 189 188 190 190 191 189 184 180 174 169 163 159 156 154 152 150 147 144 144 146 146 144 142 139 134 128 122 121 120 118 116 116 117 118 114 109 103 99 99 100 104 106 109 113 114 115 114 110 107 102 97 94 92 89 88 87 86 85 86 87 88 88 86 85 85 86 87 88 85 85 85 85 85
196 198 197 196 197 201 207 211 211 212 212 212 212 211 210 209 207 204 201 197 195 193 192 191 191 192 192 191 187 181 174 167 161 158 156 156 155 153 151 150 149 149 149 148 145 143 138 133 126 123 121 118 117 117 118 119 117 110 102 100 100 103 108 112 116 119 120 119 118 115 111 106 100 97 95 92 91 90 89 87 86 86 87 87 86 85 86 87 88 88 86 85 85 85 85
190 194 195 194 195 197 202 207 209 210 212 213 213 213 212 212 212 210 206 201 197 196 195 194 194 193 193 191 187 181 174 167 161 157 155 155 155 154 153 152 150 150 150 148 146 143 139 135 130 125 122 121 120 119 119 120 118 111 104 103 106 111 115 118 122 123 123 122 120 117 113 109 104 102 102 99 97 94 91 89 87 86 87 87 86 86 87 88 88 89 87 85 85 86 88
183 188 191 194 195 196 198 202 204 206 208 211 213 213 213 213 213 211 207 203 201 200 199 197 196 194 192 190 185 180 175 168 162 158 155 154 154 153 153 151 149 149 150 148 146 143 139 136 132 127 124 124 122 120 120 119 116 111 106 108 114 121 126 128 127 127 126 126 124 119 115 111 108 108 110 109 103 98 93 91 88 88 88 87 87 86 87 88 89 89 89 88 87 88 89
174 179 184 190 194 197 197 199 199 200 202 207 211 213 214 213 212 209 204 202 202 202 202 200 198 195 192 188 183 178 174 168 163 159 156 153 152 152 151 149 149 149 148 147 144 142 140 137 133 128 124 122 120 119 118 116 113 110 112 117 123 129 133 133 132 131 131 129 126 120 115 112 111 112 114 112 107 100 95 92 90 90 89 88 87 86 86 87 89 90 91 90 89 89 90
163 169 176 183 190 196 199 198 197 196 198 202 208 211 212 213 212 208 202 199 199 201 202 200 198 195 191 187 181 176 171 166 161 158 154 152 151 151 150 149 148 147 146 144 141 140 139 135 130 124 119 116 115 115 115 114 110 110 115 121 128 134 135 135 133 132 132 128 124 119 115 113 113 113 114 112 109 102 97 94 93 92 91 90 89 87 86 87 89 92 93 92 90 90 90
156 161 169 177 184 191 197 198 197 195 194 196 203 208 210 210 209 205 199 195 195 198 199 198 197 194 189 185 181 175 169 164 160 157 153 150 149 150 149 148 146 145 144 142 139 137 134 129 122 117 115 115 115 115 115 114 111 111 116 124 132 137 136 134 134 133 130 127 121 116 115 114 114 113 113 112 108 102 97 95 94 94 93 92 91 89 87 88 91 94 94 93 92 92 91
150 154 161 169 176 183 190 194 194 192 190 193 198 204 206 205 202 199 194 190 191 194 197 197 196 194 188 183 180 175 169 164 160 156 153 151 150 148 147 145 144 144 143 140 136 134 128 120 115 115 115 115 115 118 119 117 115 118 123 130 136 138 136 135 135 134 130 124 119 118 116 115 115 115 115 112 107 103 99 96 96 96 95 94 92 90 88 89 92 94 95 94 94 94 93
146 149 154 160 166 173 180 185 188 185 185 188 194 198 202 199 193 189 186 184 186 189 193 195 195 194 189 183 180 176 170 166 161 157 155 154 151 149 145 142 142 142 141 138 134 130 124 116 115 115 115 115 117 120 121 120 121 127 131 136 139 139 137 136 136 134 129 125 122 122 121 119 119 119 118 113 110 107 105 104 103 100 98 97 95 92 89 90 93 95 95 95 97 97 97
142 146 151 156 160 165 170 175 179 179 179 183 188 193 195 191 186 182 179 178 180 184 189 192 193 193 189 184 181 178 172 168 163 159 157 156 153 150 146 143 141 141 138 135 130 126 122 117 115 115 115 117 120 122 123 123 127 132 136 138 140 140 139 137 135 133 129 126 124 125 126 126 127 127 125 120 117 117 116 115 114 111 106 104 100 96 92 92 94 95 96 97 99 101 103
141 144 149 153 156 158 160 164 169 172 174 177 182 188 189 185 180 176 174 174 176 180 185 188 190 191 189 185 182 179 174 171 167 162 159 155 153 151 147 143 141 140 136 131 126 122 120 119 119 117 118 119 122 125 125 127 130 135 136 138 141 141 140 138 134 131 130 130 130 131 133 135 136 135 135 130 128 129 130 129 127 125 122 116 109 103 97 94 95 96 97 98 100 103 108
141 144 147 150 151 154 155 156 161 166 169 173 178 184 184 181 175 172 171 171 173 177 182 185 188 190 188 184 181 179 176 174 170 164 158 154 152 149 145 142 140 138 134 128 124 121 120 121 123 122 121 122 125 129 130 131 133 137 137 139 142 144 142 140 136 132 133 135 138 139 140 141 142 141 140 139 136 138 141 141 140 139 136 130 121 112 103 98 96 96 99 102 103 107 113
138 141 145 149 150 152 152 151 155 161 166 170 176 181 180 176 172 168 166 166 167 172 179 184 186 187 186 182 179 177 174 171 168 161 156 153 150 147 144 141 137 135 131 128 125 124 124 125 126 126 125 126 129 132 133 134 137 140 141 142 144 145 143 141 138 136 135 139 143 143 143 145 146 145 143 143 143 143 145 146 146 145 142 137 130 120 108 102 99 99 104 108 110 114 118
132 135 141 144 145 147 148 148 150 155 159 164 170 175 175 173 168 161 157 157 159 165 173 179 182 184 183 180 177 175 171 167 163 157 153 151 148 145 142 139 135 133 132 130 128 129 130 131 130 128 128 130 131 133 134 136 140 143 144 145 145 144 142 141 140 138 137 139 144 146 147 148 149 147 146 146 147 148 149 148 147 146 145 142 134 122 108 104 102 104 109 114 119 123 127
126 129 133 135 136 137 139 140 142 146 150 154 159 164 169 168 162 155 148 145 150 158 166 172 176 179 180 179 176 172 168 163 159 153 149 147 146 143 140 138 135 133 133 132 131 133 136 137 135 131 130 133 134 135 136 138 141 144 145 146 144 142 141 141 140 139 137 139 144 148 150 150 150 151 149 149 150 151 150 148 147 146 146 143 135 120 106 102 104 108 114 121 127 133 137
120 120 122 123 124 125 127 129 133 138 141 144 147 152 157 158 155 149 142 139 144 153 160 165 169 174 178 177 174 169 165 160 155 150 147 146 145 144 142 139 136 134 134 133 134 137 140 141 138 133 133 135 137 138 138 140 141 144 147 148 147 144 143 142 141 139 138 141 145 149 150 150 151 152 152 152 152 152 151 149 147 145 145 143 135 118 104 103 106 114 123 131 137 142 144
118 117 116 116 116 117 119 122 127 132 135 136 138 141 144 146 145 144 138 136 142 151 157 161 165 170 176 177 173 168 164 160 156 153 150 147 145 145 143 140 137 136 136 136 137 140 143 143 141 137 136 138 141 142 142 144 145 146 149 150 149 148 147 145 142 138 138 142 146 150 151 151 152 152 152 152 152 152 150 148 146 144 142 138 131 117 104 104 110 119 130 138 145 148 148
121 120 119 116 114 114 115 116 120 125 126 126 129 131 133 135 136 135 134 135 140 147 154 159 164 170 176 178 175 171 168 164 161 158 153 148 146 145 143 141 139 138 139 140 141 144 145 145 142 139 139 141 143 145 147 148 149 149 151 152 151 150 150 148 143 138 138 142 147 150 152 152 152 151 151 150 150 149 148 147 145 142 139 133 125 114 107 112 120 129 136 144 149 150 149
123 122 119 116 115 114 113 112 116 120 122 124 126 127 127 128 130 130 130 132 136 144 152 157 164 170 175 179 178 175 171 168 164 160 154 149 148 146 144 142 140 140 141 143 144 146 147 145 143 140 141 145 147 149 151 152 152 152 154 155 154 153 152 150 146 140 139 143 147 149 151 152 152 151 150 149 148 147 147 147 146 143 137 129 121 112 113 123 132 136 140 146 150 149 148
123 119 116 115 115 113 111 111 115 118 122 123 125 124 122 123 124 125 126 128 134 142 151 156 162 168 173 177 178 176 172 169 165 161 155 151 150 148 144 142 142 143 146 147 148 148 147 146 144 142 145 149 152 155 156 156 156 156 157 157 156 156 155 153 150 146 144 145 146 148 150 151 151 151 150 149 149 148 148 148 147 141 133 126 120 115 120 131 137 139 142 146 149 148 149
121 116 113 112 113 112 111 111 114 117 119 120 121 120 119 120 120 121 123 126 132 140 150 158 163 167 171 175 177 176 172 169 166 163 157 153 151 147 144 142 143 147 151 153 152 151 149 148 147 146 148 153 156 159 160 161 160 160 160 159 159 159 158 156 155 151 149 149 149 151 152 151 151 150 150 149 150 148 148 149 146 139 130 122 117 116 125 136 142 146 149 151 152 150 150
118 111 109 111 111 111 110 109 112 114 115 116 117 118 119 119 117 118 121 124 129 138 149 157 163 168 171 175 176 175 172 169 166 163 158 153 150 147 144 143 146 150 155 156 156 154 151 150 149 149 150 155 159 160 162 163 163 162 163 162 163 164 163 160 158 154 152 152 153 155 155 153 151 151 150 149 149 148 146 145 142 134 123 116 116 120 130 138 145 151 155 156 154 152 152
113 109 108 109 108 106 104 104 107 111 112 112 113 115 117 116 113 113 116 120 126 135 144 152 160 168 171 174 176 174 172 168 164 160 155 152 150 148 146 146 149 153 156 156 156 154 152 151 152 152 153 157 162 162 163 164 166 166 166 166 168 168 166 163 159 155 153 153 155 156 156 154 152 151 150 149 148 146 145 142 136 128 118 116 116 124 133 141 148 153 156 157 156 155 155
110 108 107 106 104 101 99 99 101 104 107 108 110 111 112 112 109 108 111 116 121 128 137 145 153 163 170 173 175 174 170 166 163 159 156 153 150 149 150 150 152 154 155 154 154 153 152 153 155 155 155 160 164 165 166 168 171 171 171 171 171 171 169 164 159 156 154 154 156 157 157 155 154 152 151 149 147 145 144 140 132 124 116 116 116 127 136 144 151 155 156 158 160 160 159
108 106 106 103 100 97 95 94 95 97 101 105 107 107 107 107 106 106 110 113 117 120 128 138 147 156 166 171 174 173 170 167 162 159 156 153 151 151 152 154 155 156 155 154 154 154 154 154 155 156 157 162 167 170 173 175 177 176 175 175 174 174 173 168 163 159 157 158 159 159 158 157 156 154 152 149 147 146 145 140 132 123 117 116 119 129 140 146 152 155 157 159 164 166 162
107 106 106 103 98 95 94 92 92 95 99 103 105 105 104 102 102 104 108 110 112 115 122 131 142 153 162 168 171 171 170 166 162 159 157 154 152 154 155 156 157 157 156 156 158 158 157 156 156 158 160 164 171 178 181 183 183 181 179 177 177 177 176 173 167 163 163 163 163 162 161 160 159 158 155 151 148 146 145 141 133 125 120 119 123 131 140 146 151 154 155 159 165 168 166
