samples/calib_dem.asc
ncols        311
nrows        375
xllcorner    347528.872239818913
yllcorner    6714069.873372113332
cellsize     30.000000000000
NODATA_value -1
[rows 126 to 167 of 375, columns 95 to 189 of 311]
171 162 155 151 151 156 162 170 177 183 186 186 184 183 181 185 194 203 211 217 223 232 241 254 269 280 286 293 297 299 298 292 284 276 271 266 260 249 237 226 216 205 193 183 173 166 160 154 149 145 145 145 146 151 158 167 177 183 185 187 190 195 198 200 198 195 188 180 175 177 189 199 210 222 231 240 252 257 262 272 284 293 301 307 310 310 308 302 295 289 284 276 268 262 260
167 159 153 151 150 151 156 159 165 172 175 175 176 177 180 185 192 198 204 210 216 224 233 246 261 273 280 286 290 292 292 288 282 277 273 268 261 252 243 233 223 210 198 188 179 170 162 157 153 149 145 145 145 149 153 158 164 169 174 179 186 191 195 196 193 187 179 171 166 169 181 193 205 216 225 237 249 256 260 268 279 290 299 305 307 305 303 298 293 286 280 273 266 261 259
164 157 153 152 150 148 149 152 157 162 164 164 163 167 174 182 188 192 197 204 211 219 229 239 251 263 272 279 283 287 287 284 280 277 272 266 261 256 249 240 230 220 207 195 184 174 167 164 160 153 146 145 145 145 148 150 154 157 162 170 181 187 191 191 187 181 173 163 160 164 175 189 201 210 220 230 241 250 256 264 275 285 295 301 302 301 298 295 290 284 276 269 264 259 256
161 155 151 151 149 147 147 147 149 151 153 154 156 159 165 174 180 185 191 198 206 214 224 233 243 256 267 274 278 282 281 278 276 274 269 265 263 260 255 248 241 233 220 203 191 180 174 171 166 160 153 149 145 145 145 146 147 149 153 161 173 180 184 184 182 176 167 156 154 159 171 185 198 207 214 224 235 246 254 261 270 279 287 292 294 294 292 289 286 280 273 267 261 257 254
154 149 146 145 144 144 145 144 143 144 146 149 153 155 158 164 172 178 186 194 200 208 218 227 238 254 267 271 275 277 276 274 273 271 267 266 265 261 255 251 248 243 232 215 201 191 185 181 175 169 164 159 151 148 147 145 144 144 147 154 163 169 173 175 173 170 162 153 149 154 166 182 196 205 212 223 234 244 252 258 264 271 279 284 286 287 286 283 281 277 270 264 259 254 251
146 144 141 139 139 140 141 141 141 142 144 147 149 150 151 157 166 174 182 189 196 203 212 221 233 251 265 270 273 274 273 273 272 269 266 264 261 256 252 249 249 247 239 225 211 202 199 194 187 180 175 169 160 155 152 147 144 144 144 148 153 158 162 164 162 159 155 148 149 156 169 184 195 203 213 224 233 242 252 257 262 269 276 280 282 282 280 276 273 269 264 262 257 251 246
141 139 138 136 136 136 137 139 139 141 142 144 145 146 149 155 161 170 179 187 195 204 212 221 234 249 261 268 272 272 270 271 270 266 260 257 253 250 248 247 248 245 238 229 219 213 211 206 198 191 185 178 169 163 158 152 149 147 145 144 145 147 150 153 151 149 147 144 149 161 173 185 194 203 215 225 234 243 253 257 261 267 272 276 279 278 276 273 265 260 259 257 252 246 242
135 135 135 134 134 134 134 137 138 139 140 141 143 146 149 154 159 168 176 185 196 209 219 227 238 252 262 267 269 268 268 267 266 261 253 249 245 242 241 241 241 237 231 228 225 224 224 220 212 202 194 186 177 170 163 159 156 152 146 143 142 141 141 142 141 138 138 139 146 161 175 187 193 202 213 225 234 243 250 255 259 265 268 272 275 275 275 271 264 259 257 252 247 242 238
134 134 134 134 134 134 134 134 135 137 138 140 142 144 148 153 158 164 171 182 198 214 225 235 246 257 264 265 265 265 265 264 261 256 248 242 237 232 229 229 230 227 224 226 230 236 238 235 225 213 204 194 185 175 169 166 163 157 149 144 142 139 136 135 133 132 132 134 145 161 177 188 195 202 211 223 233 240 247 253 259 263 266 269 273 274 274 272 266 260 256 250 242 238 235
134 134 134 134 134 134 134 134 134 135 138 140 141 141 145 151 158 163 169 182 199 215 227 238 249 258 262 263 263 262 261 260 257 252 243 235 227 221 217 216 218 217 219 225 234 242 245 242 234 222 211 202 192 184 178 175 172 164 155 148 143 139 137 135 132 132 132 132 143 158 176 188 195 202 208 219 229 237 244 251 257 262 264 267 269 271 271 270 267 261 256 251 243 236 232
134 134 134 134 134 134 134 134 134 134 135 137 137 137 140 149 156 162 169 185 202 215 227 238 247 252 256 258 260 259 258 257 255 250 240 229 220 212 206 205 207 209 215 226 236 243 245 242 236 227 217 209 201 195 190 187 182 174 166 156 148 142 139 137 132 132 132 133 140 152 169 184 194 201 205 213 225 233 241 247 252 258 262 264 267 269 268 266 265 263 258 251 244 236 228
134 134 134 134 134 134 134 134 134 133 133 133 133 133 137 143 152 159 169 186 199 209 220 230 238 242 244 248 250 253 254 255 254 248 238 226 217 207 200 198 200 205 214 227 238 241 242 239 234 228 223 217 210 205 201 197 191 185 178 169 158 149 143 140 136 132 132 132 136 147 164 180 192 200 203 209 220 230 238 243 248 254 259 263 266 267 266 264 263 262 260 254 246 237 229
134 134 134 134 134 134 134 134 133 133 133 133 133 133 133 136 146 155 166 179 192 200 207 216 224 229 231 231 234 238 244 248 247 242 234 225 216 206 198 195 199 205 215 229 238 241 241 238 232 228 227 224 218 213 208 204 199 194 189 181 170 161 150 143 140 138 135 132 133 143 158 174 188 198 202 208 217 227 235 241 246 250 255 259 263 265 265 263 262 263 263 257 249 240 232
134 134 134 134 134 134 134 134 133 133 133 133 133 133 133 135 143 151 159 171 186 194 197 203 210 215 217 218 219 224 229 234 235 232 227 221 212 203 194 192 197 204 215 228 237 240 241 240 236 234 233 232 228 220 213 209 206 202 198 191 181 171 159 148 143 141 137 131 133 142 153 165 182 194 200 204 213 223 232 239 244 249 254 257 260 263 265 263 262 263 264 260 253 245 237
134 134 134 134 134 134 134 134 133 133 133 133 133 133 133 137 144 150 156 164 173 182 188 192 195 199 202 204 207 209 213 218 220 218 216 213 207 199 191 189 193 201 211 223 233 238 240 242 244 242 239 238 236 228 218 214 212 209 205 198 189 178 166 152 144 141 136 131 134 140 147 157 171 186 195 201 208 218 228 237 244 250 253 256 259 264 266 265 265 266 265 262 257 250 243
135 134 134 134 134 134 134 133 133 133 133 133 133 133 134 140 145 150 153 157 162 169 177 182 186 188 192 193 194 196 199 203 205 204 204 204 201 196 189 186 190 197 207 217 227 233 236 239 242 243 241 239 238 233 227 222 218 215 209 203 196 183 168 155 145 141 134 129 129 135 141 150 160 173 186 196 203 212 224 234 243 250 253 257 261 265 267 267 268 269 268 265 260 254 248
136 134 134 134 134 134 134 134 133 133 134 134 134 133 135 138 143 148 151 153 155 161 168 173 175 176 180 183 181 182 186 189 192 192 193 194 195 191 187 185 187 193 202 211 219 224 227 231 234 238 239 239 239 239 237 234 230 223 214 208 202 187 171 159 150 141 133 128 127 128 133 141 151 163 178 189 198 208 219 230 240 249 255 259 263 266 268 270 271 271 270 268 264 259 254
140 136 134 134 134 134 134 134 134 135 135 134 133 132 133 134 139 145 148 151 152 156 160 164 164 165 169 171 170 171 175 178 179 180 181 184 186 185 183 181 182 189 197 203 210 216 219 222 225 230 234 237 241 243 244 245 242 232 221 214 209 196 181 167 153 141 133 129 127 127 127 135 144 157 173 184 194 205 215 226 237 246 254 260 264 268 270 272 273 272 271 270 268 265 261
148 141 137 135 136 136 135 134 134 134 133 132 130 130 131 132 136 140 144 148 150 153 156 157 156 156 159 159 160 161 164 167 168 169 171 175 178 178 176 172 173 181 190 195 202 209 214 215 218 225 231 236 243 246 249 251 249 241 231 223 215 203 189 172 153 142 134 131 128 127 127 131 140 152 167 181 193 201 209 220 231 241 250 258 265 269 272 275 276 275 273 272 271 268 265
159 152 147 143 140 138 135 134 134 133 132 130 128 128 128 129 132 136 140 145 147 150 152 153 153 151 150 150 150 152 154 156 158 161 160 163 168 170 168 163 163 171 181 186 195 205 209 213 217 224 233 241 245 249 252 253 251 247 242 233 219 205 190 171 153 143 137 133 130 127 127 130 139 150 164 179 191 198 205 216 228 238 248 257 265 270 274 278 280 279 277 274 274 272 268
171 166 160 153 147 141 137 136 135 133 132 129 127 126 126 127 130 133 135 139 140 144 146 147 147 146 146 145 145 148 147 147 150 152 152 152 158 162 160 156 155 159 168 177 186 198 206 213 222 230 240 247 250 251 252 253 253 250 246 237 221 205 190 169 152 143 137 132 130 128 127 130 138 149 163 178 190 196 204 215 229 241 251 258 264 269 275 280 283 283 281 278 276 274 272
179 175 169 162 153 145 141 139 137 134 131 128 127 125 125 125 127 130 131 133 133 135 138 138 139 141 142 142 142 142 141 141 143 144 144 144 150 153 150 147 146 148 156 167 177 190 201 210 221 234 244 249 251 251 251 253 254 252 246 236 221 207 189 167 150 141 134 130 127 126 126 130 137 148 164 178 188 195 204 217 233 246 253 259 264 270 275 279 283 284 284 282 279 278 277
184 180 174 166 157 149 145 142 139 137 133 128 127 125 125 125 125 127 127 128 128 129 130 130 132 134 135 136 136 136 135 135 136 136 137 138 140 142 142 142 141 142 147 157 170 181 189 200 213 228 239 245 250 252 251 251 251 249 242 232 218 204 184 162 146 138 132 126 123 122 124 128 135 147 164 177 187 195 203 216 234 246 253 259 265 271 275 279 282 282 284 284 282 282 279
186 183 176 168 161 154 150 146 143 141 137 132 130 128 126 125 125 125 125 126 125 124 124 124 125 128 129 131 130 130 130 129 130 130 130 129 131 133 137 137 137 138 140 148 159 166 174 187 203 217 227 236 245 250 249 247 246 241 234 226 213 196 176 157 145 137 130 123 119 119 121 126 134 147 164 177 188 197 204 214 232 246 254 259 265 270 273 277 278 278 282 285 283 281 277
188 187 180 172 166 160 156 151 148 145 140 135 132 129 128 126 125 125 125 125 123 122 122 122 122 124 126 128 127 125 125 124 125 125 123 121 122 126 130 131 133 135 137 141 147 157 167 177 188 199 210 223 234 241 243 242 238 231 225 219 206 187 167 151 143 135 128 121 119 119 120 125 134 152 169 181 190 198 206 215 232 246 254 259 263 266 269 272 273 274 279 283 281 277 274
190 190 185 178 171 164 158 154 151 148 144 138 135 130 129 127 125 125 125 125 123 123 122 122 122 122 123 125 124 122 123 123 122 121 119 117 118 122 126 127 129 131 133 137 142 149 157 165 176 187 199 210 220 227 230 231 228 223 216 208 196 178 158 148 140 133 126 119 119 119 123 127 137 157 176 185 191 199 208 217 232 247 255 258 259 261 264 266 266 268 274 278 276 273 271
191 190 188 182 176 167 161 158 155 152 147 142 137 132 130 127 125 125 126 126 125 124 124 122 122 122 122 122 122 122 122 122 120 118 117 116 116 120 121 122 125 127 130 133 137 142 147 154 165 179 190 198 207 213 217 219 217 213 207 198 185 170 154 142 136 129 123 119 119 122 127 131 140 157 176 187 193 201 210 218 232 247 254 255 255 257 260 262 261 263 268 272 272 270 268
193 190 188 185 181 174 168 164 161 155 150 145 140 135 132 128 126 125 125 125 124 124 123 122 122 122 122 122 122 122 122 122 120 119 118 117 116 117 117 117 120 123 126 129 131 135 139 146 155 164 174 185 194 201 205 203 205 202 197 186 174 162 150 138 131 126 121 119 119 122 128 133 140 154 173 187 196 206 213 221 234 246 252 253 253 254 257 259 258 257 261 265 267 266 265
196 193 188 185 185 183 177 172 166 158 152 147 142 137 133 129 126 125 124 124 123 122 122 122 122 122 122 122 122 122 122 123 122 121 119 117 116 115 114 115 115 117 121 124 126 129 132 137 145 151 159 170 180 190 191 187 188 186 182 176 164 153 142 133 127 123 119 117 117 122 128 135 143 157 176 189 199 211 220 227 237 247 251 253 253 253 254 256 255 253 255 258 261 261 261
201 196 190 186 187 188 185 179 171 161 153 148 143 139 134 129 126 124 124 124 123 122 122 122 122 122 123 122 122 122 123 124 124 122 120 117 116 114 114 114 114 115 117 119 121 123 126 131 135 140 147 156 166 173 175 174 171 169 169 164 153 144 137 129 125 122 118 117 119 123 129 137 146 161 179 193 204 218 229 237 243 248 251 253 253 251 250 249 251 251 252 254 255 255 256
207 201 195 191 190 189 187 182 174 164 156 150 144 140 135 130 126 124 124 124 124 122 122 122 122 125 126 125 124 124 125 126 126 125 121 119 117 116 115 114 114 114 115 116 117 119 122 125 129 134 140 146 153 159 162 162 159 157 154 150 143 137 131 126 124 121 118 117 119 122 129 139 149 163 182 199 214 229 239 245 248 248 251 253 252 248 244 242 245 249 251 252 251 250 251
215 206 198 194 192 190 187 181 174 167 160 152 146 140 134 129 127 126 126 126 126 125 125 125 126 128 129 129 128 128 129 129 129 127 123 121 119 117 116 114 114 114 114 114 115 116 118 120 121 126 132 137 142 146 150 149 145 143 141 138 134 130 126 123 122 120 118 117 119 123 131 141 150 162 182 206 222 236 246 248 247 248 252 254 250 244 238 235 238 244 249 250 248 245 243
220 209 198 193 191 188 183 176 169 165 160 153 147 139 132 128 127 127 127 128 128 128 128 128 129 130 130 131 131 131 131 130 130 128 125 122 119 117 117 115 114 114 114 114 114 114 114 114 117 120 125 129 132 135 137 136 134 132 130 128 125 123 121 118 119 118 117 117 119 124 132 140 151 166 184 204 219 232 240 242 242 243 249 253 249 241 234 229 231 237 243 245 243 238 234
222 211 198 190 188 186 179 171 162 159 157 150 144 137 132 128 127 127 127 128 128 128 128 129 131 132 132 133 133 133 133 132 131 129 127 124 121 120 119 116 114 114 114 114 114 114 114 114 114 117 120 124 126 128 128 128 127 125 124 120 118 117 114 111 113 115 116 116 117 122 131 140 154 169 182 198 210 220 227 230 231 233 242 248 245 238 229 224 224 228 234 236 233 229 226
222 213 201 192 188 184 177 169 161 157 153 147 141 136 133 129 127 127 127 127 128 128 128 130 133 134 135 136 136 137 137 135 133 131 130 128 126 125 122 118 115 114 114 114 114 114 114 114 114 116 117 119 121 122 123 123 122 121 120 117 114 112 110 109 110 113 114 114 116 122 133 147 162 172 181 192 200 207 215 220 221 226 235 242 239 232 225 218 214 216 222 225 222 219 216
223 214 206 198 192 185 179 172 165 158 154 148 141 137 134 130 129 129 129 129 129 129 129 132 136 137 138 139 140 142 142 139 136 134 134 133 131 128 125 121 118 115 114 114 114 114 114 115 115 114 113 114 115 117 119 119 119 117 115 113 111 110 109 109 110 110 112 113 116 124 136 149 162 171 177 182 188 196 203 209 215 221 231 234 230 224 219 211 206 206 210 214 213 210 209
224 217 212 206 199 190 183 175 167 159 153 148 143 137 133 130 131 132 132 131 131 132 133 134 137 139 141 142 144 145 145 142 138 137 137 136 133 129 126 124 123 120 116 115 114 114 115 116 116 113 110 110 112 114 113 114 113 113 111 110 110 110 110 109 108 107 109 114 120 128 137 145 155 163 169 174 177 182 190 198 205 214 220 221 218 214 207 201 197 195 198 203 204 206 207
225 221 218 213 205 196 187 179 169 158 152 148 143 137 131 130 131 133 134 133 133 135 136 137 138 141 143 144 146 148 147 144 140 139 138 136 133 129 127 126 126 124 120 117 116 115 116 117 116 112 109 109 109 111 113 113 110 110 109 108 108 109 108 107 106 106 108 113 119 124 131 139 147 156 161 165 169 172 177 187 194 200 205 205 203 199 193 187 184 184 187 192 195 197 199
224 221 219 215 207 200 192 183 171 159 152 148 141 135 130 130 132 133 135 135 135 136 138 139 141 143 145 147 149 149 148 145 142 141 140 138 135 132 129 127 126 126 123 119 117 116 116 116 114 110 109 109 109 109 111 111 109 109 108 107 106 106 106 106 106 106 106 110 113 117 124 130 138 146 151 155 158 161 167 173 180 187 190 190 186 183 179 176 174 175 176 179 183 186 189
220 221 219 214 206 201 193 183 169 158 151 145 139 133 131 131 135 137 140 140 140 140 141 143 145 146 149 150 151 151 151 149 146 144 143 142 139 137 134 129 127 126 124 122 120 118 116 114 113 109 109 109 109 109 109 109 108 108 107 106 106 106 106 106 106 106 106 106 108 111 115 121 129 137 140 145 147 149 156 162 168 174 177 176 173 171 169 166 163 163 163 168 171 175 180
217 218 217 209 200 194 185 172 161 152 146 142 137 132 132 135 139 142 145 146 146 146 146 148 149 151 154 155 155 154 154 154 151 150 149 147 145 143 139 132 129 127 126 124 122 119 116 114 113 109 109 109 110 111 110 108 108 108 108 108 107 106 106 106 106 106 106 106 106 106 109 113 121 128 132 134 135 139 145 151 155 161 163 163 163 162 161 157 151 149 152 159 162 164 169
208 209 208 198 187 182 172 162 154 148 142 138 134 132 134 138 142 145 147 148 149 150 151 151 153 156 157 159 159 159 159 159 157 155 154 152 149 146 143 136 130 128 127 127 126 122 117 115 113 110 109 109 111 112 112 110 108 108 108 109 108 107 106 106 106 106 106 106 106 106 106 110 115 121 124 125 128 132 138 142 145 149 152 152 153 152 151 147 140 135 140 152 156 157 160
