samples/calib_dem.asc
ncols        116
nrows        138
xllcorner    345338.872239818913
yllcorner    6752439.873372113332
cellsize     30.000000000000
NODATA_value  -99999
[rows 40 to 59 of 138, columns 44 to 87 of 116]
576.84307861328125 576.92938232421875 581.34259033203125 587.14556884765625 590.46026611328125 587.277099609375 582.138671875 576.36712646484375 570.0611572265625 567.61566162109375 570.1357421875 574.5113525390625 579.99346923828125 585.4393310546875 587.819580078125 584.7315673828125 580.08477783203125 579.71875 582.7283935546875 586.00225830078125 591.87738037109375 598.66229248046875 604.3978271484375 608.53692626953125 608.8570556640625 607.08514404296875 607.60223388671875 609.82086181640625 608.30877685546875 604.04974365234375 600.300048828125 593.58740234375 592.24005126953125 592.2421875 593.05126953125 595.60247802734375 601.47955322265625 609.2379150390625 615.56072998046875 617.93701171875 618.99267578125 620.50726318359375 621.95123291015625 623.12359619140625
576.84088134765625 576.83563232421875 578.35565185546875 581.67303466796875 584.64508056640625 584.14129638671875 580.3165283203125 571.9676513671875 565.1407470703125 564.08349609375 569.9464111328125 577.44390869140625 582.32275390625 584.4180908203125 583.47265625 578.56768798828125 573.64581298828125 573.371337890625 575.42279052734375 579.09051513671875 585.16253662109375 593.20849609375 598.10809326171875 600.05487060546875 600.69000244140625 600.48211669921875 601.96771240234375 605.55010986328125 605.0465087890625 602.05096435546875 598.8702392578125 593.62103271484375 592.23480224609375 592.24005126953125 592.2452392578125 594.371337890625 599.26727294921875 606.4622802734375 612.83416748046875 616.83587646484375 618.442138671875 619.640625 621.33154296875 623.94488525390625
581.30682373046875 577.32305908203125 576.8282470703125 576.92218017578125 579.2325439453125 579.6650390625 575.91064453125 566.97869873046875 561.0760498046875 562.3406982421875 570.56365966796875 578.2442626953125 580.344970703125 579.53717041015625 576.64727783203125 571.1904296875 567.443603515625 567.1165771484375 568.1654052734375 572.51177978515625 577.5587158203125 584.5914306640625 589.02178955078125 590.336669921875 591.37408447265625 593.3720703125 595.04498291015625 598.843994140625 599.5322265625 597.84991455078125 595.7957763671875 592.22735595703125 592.23260498046875 592.23785400390625 592.24310302734375 595.6282958984375 599.67877197265625 606.66741943359375 613.6787109375 617.92791748046875 619.198974609375 620.718505859375 622.33892822265625 625.535888671875
587.62298583984375 581.37335205078125 576.0545654296875 573.38677978515625 573.955322265625 573.9683837890625 569.85601806640625 561.25054931640625 558.765869140625 561.969970703125 570.9993896484375 576.2647705078125 575.30206298828125 572.19122314453125 568.1304931640625 563.339111328125 561.390380859375 563.053955078125 565.30352783203125 569.20477294921875 572.32720947265625 576.74871826171875 581.89373779296875 583.92584228515625 585.06488037109375 587.894287109375 589.99310302734375 592.843994140625 593.861083984375 592.2147216796875 592.219970703125 592.2252197265625 592.23046875 592.23565673828125 592.24090576171875 596.7081298828125 600.54595947265625 606.90301513671875 614.8465576171875 619.05194091796875 619.85064697265625 621.02435302734375 623.07574462890625 626.59600830078125
591.0067138671875 583.0430908203125 574.836181640625 570.35693359375 569.18505859375 568.9827880859375 565.0810546875 558.7628173828125 558.7606201171875 560.123779296875 569.14544677734375 573.54180908203125 570.2449951171875 565.1522216796875 560.8167724609375 557.42596435546875 557.81488037109375 561.977783203125 566.7391357421875 570.771728515625 572.57745361328125 575.37030029296875 580.3406982421875 582.973876953125 584.68511962890625 587.5946044921875 590.55889892578125 591.9827880859375 592.20733642578125 592.21258544921875 592.21783447265625 592.2230224609375 592.228271484375 592.2335205078125 595.2474365234375 598.6343994140625 602.05926513671875 607.47113037109375 615.75738525390625 619.5784912109375 619.5718994140625 620.633544921875 622.88818359375 627.284912109375
590.85333251953125 581.080078125 574.11474609375 569.1824951171875 566.63201904296875 565.78802490234375 562.7037353515625 558.7606201171875 558.75537109375 559.118896484375 565.76873779296875 568.733642578125 565.0264892578125 559.8326416015625 556.69207763671875 555.84332275390625 557.976806640625 563.5274658203125 570.11163330078125 575.978759765625 580.0531005859375 582.74188232421875 586.587646484375 589.11395263671875 590.94683837890625 594.5941162109375 598.36944580078125 599.236572265625 596.886474609375 592.2147216796875 592.219970703125 592.2252197265625 593.8050537109375 596.72857666015625 600.4931640625 603.77362060546875 605.45526123046875 610.7523193359375 617.7335205078125 620.5845947265625 620.505615234375 621.53631591796875 623.766357421875 627.62451171875
590.363525390625 581.624267578125 574.8856201171875 570.23443603515625 567.5264892578125 565.819580078125 563.438720703125 561.32342529296875 559.25457763671875 558.74798583984375 560.70294189453125 560.3988037109375 558.072021484375 555.95550537109375 555.2427978515625 555.730224609375 559.5694580078125 567.1002197265625 575.4150390625 584.3179931640625 591.89453125 596.04217529296875 599.0557861328125 600.30047607421875 602.08270263671875 607.12725830078125 610.3868408203125 609.2662353515625 605.2406005859375 598.44268798828125 595.08953857421875 595.22021484375 597.38604736328125 600.73748779296875 605.3739013671875 608.8143310546875 609.4561767578125 612.450927734375 619.20361328125 622.0240478515625 623.001220703125 623.6666259765625 625.5262451171875 628.133544921875
590.706787109375 584.68212890625 579.509521484375 576.1435546875 572.849365234375 570.22808837890625 566.53173828125 564.1346435546875 561.88861083984375 558.771484375 555.2288818359375 555.23101806640625 555.23321533203125 555.2353515625 555.237548828125 555.23968505859375 559.0321044921875 568.880615234375 580.53271484375 591.906982421875 601.62841796875 608.2822265625 610.48284912109375 610.51580810546875 613.27838134765625 618.13519287109375 619.064208984375 615.16070556640625 610.82098388671875 604.718017578125 600.241943359375 598.43267822265625 600.22564697265625 604.15203857421875 608.75323486328125 611.2073974609375 611.095703125 612.9775390625 619.84771728515625 624.59539794921875 626.56585693359375 626.47613525390625 627.07763671875 627.6527099609375
594.42291259765625 588.82275390625 586.24005126953125 583.814453125 582.1949462890625 579.3782958984375 573.8741455078125 569.27825927734375 564.66156005859375 560.0216064453125 555.2236328125 555.22576904296875 555.22796630859375 555.23016357421875 555.2322998046875 555.237548828125 560.153076171875 571.14361572265625 583.84747314453125 594.39068603515625 605.25872802734375 615.18768310546875 618.5567626953125 618.951171875 621.435546875 624.34051513671875 623.39361572265625 618.31744384765625 613.43817138671875 608.23175048828125 603.57269287109375 600.99310302734375 602.79925537109375 607.22027587890625 610.6337890625 612.2786865234375 613.13055419921875 616.13525390625 623.90771484375 628.32025146484375 629.01422119140625 627.898193359375 627.194580078125 625.86614990234375
599.37158203125 593.01849365234375 591.8580322265625 593.3328857421875 592.17095947265625 590.8587646484375 587.44012451171875 580.39666748046875 571.85772705078125 562.106201171875 555.2183837890625 555.2205810546875 555.22271728515625 555.22491455078125 555.5849609375 560.00616455078125 567.1556396484375 576.72515869140625 587.25433349609375 596.27398681640625 607.71502685546875 618.90667724609375 624.61456298828125 626.24847412109375 627.01727294921875 627.68206787109375 625.5810546875 619.746337890625 614.75494384765625 609.9481201171875 606.06842041015625 603.88543701171875 606.8470458984375 610.80230712890625 612.96759033203125 614.6636962890625 617.20880126953125 621.81866455078125 628.76885986328125 631.589599609375 630.23712158203125 627.52459716796875 625.07220458984375 621.96923828125
604.57275390625 598.23175048828125 598.31207275390625 598.4022216796875 595.7987060546875 595.2987060546875 593.22998046875 587.022705078125 575.48907470703125 562.73809814453125 555.213134765625 555.21533203125 555.21746826171875 556.96319580078125 560.98876953125 566.78759765625 573.91363525390625 581.9810791015625 591.2353515625 599.2672119140625 611.247802734375 622.016845703125 627.8226318359375 629.67120361328125 628.60467529296875 626.71429443359375 623.3138427734375 617.27923583984375 612.68939208984375 610.07940673828125 609.00830078125 608.93939208984375 612.03790283203125 614.67095947265625 616.35858154296875 617.69940185546875 620.82958984375 626.2882080078125 632.43182373046875 633.90948486328125 629.939208984375 625.508544921875 621.560546875 618.48223876953125
610.97845458984375 607.46917724609375 602.07904052734375 598.58331298828125 593.40008544921875 592.1802978515625 590.33282470703125 584.465576171875 572.967529296875 558.9051513671875 555.20794677734375 555.2100830078125 557.049072265625 562.48175048828125 568.12200927734375 573.2596435546875 578.2564697265625 587.21820068359375 596.4222412109375 604.99432373046875 614.2093505859375 623.274658203125 628.52294921875 628.384521484375 625.05841064453125 621.9195556640625 618.13946533203125 612.689453125 608.855712890625 609.21380615234375 611.47412109375 613.74761962890625 615.675048828125 617.6156005859375 619.29583740234375 620.27215576171875 622.4571533203125 627.57928466796875 633.54669189453125 634.08135986328125 629.25482177734375 623.1253662109375 617.7137451171875 615.08331298828125
614.19537353515625 610.607666015625 603.566162109375 593.84429931640625 588.5308837890625 586.58209228515625 582.68798828125 575.83148193359375 565.40557861328125 556.684814453125 555.20269775390625 555.34222412109375 563.55535888671875 571.0255126953125 579.24896240234375 583.6658935546875 588.1129150390625 596.08154296875 604.92071533203125 610.8292236328125 614.91424560546875 620.84698486328125 623.44720458984375 621.57623291015625 617.87939453125 614.8095703125 611.145751953125 607.38311767578125 605.48724365234375 608.38543701171875 611.34619140625 614.8585205078125 617.51025390625 620.2364501953125 621.63153076171875 621.96600341796875 622.41748046875 626.1134033203125 630.06536865234375 630.4818115234375 626.92919921875 620.42559814453125 613.86700439453125 610.5469970703125
613.30560302734375 609.6995849609375 601.0260009765625 591.47601318359375 583.43170166015625 580.7979736328125 576.02490234375 567.68511962890625 561.55279541015625 556.25042724609375 555.19744873046875 562.07427978515625 572.7562255859375 579.68023681640625 586.74652099609375 592.40728759765625 598.34619140625 604.3572998046875 610.55755615234375 611.77618408203125 611.9830322265625 613.34808349609375 613.77398681640625 610.93157958984375 606.8812255859375 603.588623046875 601.0545654296875 600.3717041015625 602.89605712890625 607.7537841796875 611.76385498046875 615.8724365234375 619.898681640625 622.94671630859375 623.8165283203125 622.89697265625 621.442138671875 622.91326904296875 625.15728759765625 625.8055419921875 623.23663330078125 617.107666015625 610.28741455078125 605.85748291015625
607.68463134765625 604.825439453125 598.08978271484375 587.8505859375 580.04180908203125 575.96441650390625 569.89593505859375 561.0147705078125 553.9708251953125 552.63751220703125 557.32989501953125 568.00018310546875 578.17681884765625 585.0704345703125 592.118408203125 597.75213623046875 602.23846435546875 605.2813720703125 606.33642578125 605.8199462890625 606.10302734375 604.478271484375 601.3177490234375 597.68890380859375 594.3817138671875 592.51422119140625 591.762451171875 595.3466796875 602.1551513671875 610.47088623046875 616.1844482421875 621.027099609375 623.4884033203125 625.20062255859375 625.76531982421875 624.22772216796875 620.85809326171875 619.77447509765625 622.0701904296875 622.7576904296875 619.63848876953125 613.19281005859375 606.934326171875 602.52337646484375
601.85113525390625 599.0625 592.4981689453125 581.65576171875 575.74249267578125 568.52703857421875 560.5521240234375 552.79656982421875 548.351806640625 550.89898681640625 560.206298828125 569.86273193359375 579.762939453125 586.67987060546875 591.38140869140625 593.563232421875 595.3504638671875 598.4356689453125 598.06390380859375 597.8486328125 596.88458251953125 593.4617919921875 587.066162109375 586.4136962890625 586.5228271484375 587.89996337890625 590.3392333984375 596.083740234375 605.96343994140625 615.275390625 622.4891357421875 626.1280517578125 626.7779541015625 627.48046875 627.48779296875 624.84271240234375 620.67413330078125 617.94110107421875 619.27880859375 619.3770751953125 615.34698486328125 609.2041015625 603.5791015625 600.2294921875
593.72528076171875 592.88629150390625 586.1005859375 576.63128662109375 568.0406494140625 557.05548095703125 549.37030029296875 545.68292236328125 546.2470703125 551.93212890625 561.9345703125 571.113525390625 575.17987060546875 579.51788330078125 584.1683349609375 585.31048583984375 584.9669189453125 587.53228759765625 588.112060546875 586.301513671875 585.7152099609375 582.75213623046875 580.4891357421875 583.56658935546875 589.71307373046875 592.7584228515625 596.38421630859375 603.73284912109375 612.9237060546875 621.076416015625 627.1351318359375 628.94659423828125 629.4566650390625 629.974365234375 628.22808837890625 623.9295654296875 619.65142822265625 616.6883544921875 615.480712890625 614.2696533203125 611.2017822265625 605.84503173828125 600.42474365234375 600.0408935546875
585.2591552734375 584.40423583984375 581.70404052734375 576.8701171875 565.24169921875 550.487060546875 540.00628662109375 539.81683349609375 545.601806640625 551.4688720703125 556.99755859375 563.392578125 566.75616455078125 567.5745849609375 572.07916259765625 574.93206787109375 573.822265625 575.78277587890625 578.9361572265625 579.03338623046875 579.23480224609375 580.48175048828125 582.4404296875 587.8184814453125 597.49176025390625 603.6419677734375 609.01300048828125 615.69342041015625 622.9046630859375 628.94989013671875 630.20965576171875 631.702880859375 632.1876220703125 631.0286865234375 627.458740234375 622.68084716796875 618.86962890625 615.30474853515625 612.73858642578125 610.38555908203125 607.79656982421875 602.7994384765625 600.033447265625 600.03564453125
581.48077392578125 576.42828369140625 572.8118896484375 570.34210205078125 559.87628173828125 541.97930908203125 534.4942626953125 535.77337646484375 539.73199462890625 543.4654541015625 548.2144775390625 551.93707275390625 554.29656982421875 556.6063232421875 560.05645751953125 563.211669921875 564.5338134765625 568.876708984375 574.94891357421875 578.33892822265625 582.09185791015625 590.5543212890625 594.45819091796875 599.841064453125 609.766357421875 616.85137939453125 621.68707275390625 626.32220458984375 631.852294921875 634.42767333984375 633.45343017578125 633.18756103515625 632.6044921875 630.3905029296875 626.04931640625 621.9007568359375 618.60101318359375 615.015869140625 612.48101806640625 609.903564453125 605.591064453125 600.915283203125 600.0281982421875 600.0303955078125
582.67889404296875 572.13543701171875 565.17529296875 561.0059814453125 551.60552978515625 540.5345458984375 533.50390625 533.501708984375 533.49957275390625 535.3055419921875 538.89093017578125 539.6446533203125 542.77545166015625 547.418701171875 549.8526611328125 556.73388671875 565.5806884765625 575.04083251953125 582.6141357421875 587.7103271484375 594.7022705078125 602.8177490234375 608.386474609375 613.8155517578125 622.6182861328125 627.2083740234375 630.57843017578125 633.8966064453125 636.7908935546875 637.1865234375 635.55072021484375 634.48175048828125 633.23785400390625 629.93896484375 625.154052734375 621.0745849609375 617.8572998046875 615.6693115234375 612.95977783203125 609.9605712890625 605.4805908203125 601.21917724609375 600.02301025390625 600.025146484375
