samples/calib_dem.asc
ncols        311
nrows        375
xllcorner    347528.872239818913
yllcorner    6714069.873372113332
cellsize     30.000000000000
NODATA_value -1
[rows 126 to 167 of 375, columns 190 to 284 of 311]
255 246 236 226 221 221 225 228 232 235 238 242 246 248 249 249 249 250 250 250 250 250 252 253 252 252 250 246 241 236 229 220 208 197 188 182 171 155 145 141 145 149 153 158 159 158 153 149 145 139 129 116 108 103 98 94 92 91 92 94 96 100 104 110 120 131 139 147 158 172 182 184 179 173 165 152 135 121 112 104 99 96 93 90 85 80 76 75 73 71 68 63 58 58 59
254 246 236 226 219 216 218 220 224 227 231 235 239 242 243 243 246 250 252 253 251 251 253 253 253 253 251 246 241 236 228 218 208 200 193 187 179 168 161 161 164 167 169 170 170 166 159 155 151 143 133 120 109 101 96 94 93 93 96 99 102 104 108 115 126 139 147 155 168 182 192 194 191 183 171 156 142 128 117 109 103 101 99 97 93 85 80 77 75 73 70 65 59 58 56
253 246 236 226 217 212 212 214 216 220 224 228 233 236 238 240 244 251 254 254 252 251 253 254 254 253 250 247 243 239 232 222 213 204 198 194 190 184 183 186 188 188 187 184 182 174 166 161 155 147 138 125 111 101 94 94 94 97 99 102 105 109 115 121 131 144 151 160 174 190 198 202 198 188 174 162 150 136 125 116 110 107 105 102 98 90 83 79 76 74 71 66 61 57 53
249 244 236 226 216 209 208 208 209 213 217 221 226 231 235 237 244 252 255 254 252 251 252 254 254 253 251 248 246 244 238 229 219 208 203 201 199 197 197 200 201 201 200 197 194 185 174 166 158 150 141 128 114 104 99 97 99 102 103 103 107 113 121 128 137 146 154 166 182 195 203 207 200 188 178 169 160 148 136 126 118 112 108 104 100 94 86 81 76 73 69 65 59 55 51
246 243 238 228 217 209 206 204 204 207 211 214 220 228 234 236 242 251 253 253 252 250 251 253 253 253 250 248 248 248 243 236 227 217 211 206 204 203 203 204 205 207 209 207 203 194 183 171 158 150 140 129 116 109 106 104 105 108 109 110 116 124 131 139 146 151 160 177 190 201 208 207 200 191 184 177 169 160 148 137 128 119 112 106 102 97 89 82 77 72 67 63 57 53 51
243 242 237 228 218 210 206 202 201 205 208 211 218 228 233 235 240 247 249 250 249 248 248 250 251 252 250 249 249 249 248 244 237 229 221 213 210 209 209 209 210 213 216 213 208 201 191 178 162 151 141 132 122 117 115 112 111 114 116 119 130 141 147 153 156 161 173 186 197 206 208 207 203 198 193 185 174 165 156 148 140 130 119 113 106 98 90 83 78 71 67 62 57 54 52
239 236 232 225 217 209 203 197 197 202 206 210 218 228 232 234 238 244 246 245 244 243 244 245 249 252 251 250 251 252 251 249 245 240 233 224 221 220 219 220 222 223 221 219 214 207 196 182 165 154 146 139 132 129 127 121 120 122 126 132 141 150 155 159 163 171 183 194 201 204 204 202 198 196 192 185 174 166 159 152 148 140 128 119 111 100 90 81 76 70 66 61 56 53 52
235 229 223 219 214 207 199 192 190 198 203 207 215 223 227 229 234 239 239 238 237 238 240 241 247 251 252 253 253 254 254 252 249 247 241 236 233 232 232 233 233 232 228 223 218 209 197 182 168 157 152 148 143 143 139 134 132 133 137 142 147 153 156 162 168 179 190 198 200 200 198 193 191 190 187 181 172 167 161 154 151 144 135 128 119 104 90 81 74 68 64 59 55 52 51
229 222 216 212 208 201 194 188 184 194 201 205 210 215 218 222 226 231 232 231 231 232 235 238 243 250 252 254 254 255 256 254 253 251 248 244 242 242 242 243 241 238 234 228 221 211 198 185 173 163 158 154 152 151 149 145 144 146 148 151 154 157 163 170 182 193 199 202 200 196 191 186 184 184 182 177 172 168 163 156 151 145 138 132 124 107 91 81 72 65 61 56 52 50 50
225 217 211 207 203 196 190 183 182 188 196 202 206 208 209 213 217 221 224 225 225 225 229 234 239 246 250 252 252 254 256 256 255 254 254 253 251 250 250 249 247 244 239 235 226 215 206 196 184 175 167 161 158 156 155 153 153 154 156 159 161 166 175 186 198 207 210 207 199 190 184 179 177 176 174 172 169 166 161 157 152 145 137 131 122 107 92 79 71 65 61 55 50 50 50
221 214 209 206 201 195 187 179 175 181 190 196 199 200 201 203 206 209 213 215 216 219 224 228 234 241 246 249 250 252 255 258 258 258 259 260 259 256 255 255 254 251 246 242 235 226 220 212 201 192 182 174 170 167 167 166 166 165 167 173 178 184 193 203 212 217 216 209 200 189 182 176 172 169 168 167 166 163 160 155 149 141 133 125 115 103 91 79 72 67 63 58 52 50 50
221 215 211 208 205 199 189 178 172 175 181 189 193 193 194 195 197 200 204 207 209 213 217 222 228 234 240 245 248 252 256 260 261 262 264 265 264 262 260 260 259 256 252 247 243 238 233 226 217 209 202 198 195 192 192 192 192 191 191 196 202 204 212 219 220 219 215 206 197 189 182 176 171 167 164 162 161 160 156 149 143 135 127 117 106 97 87 79 71 67 64 59 53 50 50
223 216 213 211 208 204 196 186 176 170 173 178 183 184 185 187 190 192 196 200 201 205 210 216 224 230 235 242 245 252 258 262 263 265 269 270 270 269 267 265 261 258 255 251 249 246 242 237 231 226 224 222 218 214 213 213 214 214 215 219 222 222 225 225 222 219 213 203 194 186 182 176 169 164 160 156 153 154 151 142 134 128 121 110 99 91 83 75 68 64 62 59 55 53 53
229 221 216 212 209 204 198 189 179 170 166 169 171 172 173 174 176 181 185 189 193 198 203 210 218 227 233 240 244 252 258 262 265 269 273 276 275 274 271 267 264 261 258 255 252 249 246 243 240 238 237 235 231 227 226 228 228 228 230 231 232 233 231 227 222 216 209 198 187 181 176 170 163 158 154 147 144 142 138 132 127 122 115 105 95 87 79 70 65 63 61 59 56 54 54
237 229 221 215 211 209 202 193 183 172 165 161 160 159 161 162 165 168 171 176 182 192 201 208 217 224 232 238 245 252 258 262 265 270 275 277 279 278 275 270 266 263 260 257 254 250 248 245 243 242 241 241 240 238 237 237 237 237 238 237 238 237 233 229 223 214 204 191 179 172 166 159 151 147 143 138 135 131 127 122 119 115 107 98 89 82 75 68 62 61 60 58 55 54 54
243 235 227 221 219 217 210 200 188 176 164 156 153 152 152 151 153 156 159 164 173 186 198 207 216 223 230 236 244 252 258 261 265 269 274 279 282 282 279 274 270 266 263 260 256 252 248 245 244 244 245 245 245 244 242 241 241 241 242 242 243 242 237 231 223 212 198 184 171 163 156 147 138 134 131 127 126 124 119 115 111 105 97 90 84 79 73 66 61 61 60 57 55 54 54
249 241 233 230 228 224 216 206 194 182 168 157 153 148 145 144 145 148 151 157 165 178 193 203 212 221 230 235 242 249 255 258 262 267 274 281 286 286 284 280 276 273 269 265 260 256 252 249 248 248 249 249 248 249 248 246 244 244 245 245 246 245 239 232 221 206 190 177 165 155 145 133 127 123 120 118 115 112 109 104 100 95 89 83 80 77 71 66 61 62 59 56 56 56 55
257 251 243 240 235 228 220 212 203 193 182 172 164 156 148 144 143 143 145 151 159 170 185 200 210 219 227 232 237 245 252 255 258 265 273 280 286 288 286 284 281 279 275 271 267 262 259 258 255 254 254 254 253 253 254 253 250 248 247 246 245 242 238 229 217 201 185 174 162 150 136 125 119 116 115 112 107 102 97 92 88 86 81 78 75 73 69 64 61 60 57 56 56 55 56
262 258 252 245 239 233 224 217 211 206 198 188 179 168 157 148 143 143 145 150 156 165 178 194 207 217 223 227 231 239 247 252 256 261 268 276 283 285 285 282 280 280 278 275 273 270 268 267 264 262 261 260 258 257 257 256 254 251 249 247 244 240 234 226 214 201 188 175 162 149 135 124 118 114 111 109 103 97 90 82 79 78 77 73 70 70 67 64 60 58 57 56 55 55 55
266 261 255 247 241 236 228 221 216 213 206 196 187 174 160 152 145 143 146 149 153 160 171 184 199 209 216 220 225 232 241 247 251 257 262 268 274 278 279 277 276 277 279 278 278 277 276 276 274 272 270 266 263 261 260 259 257 255 252 249 246 240 233 226 216 205 193 179 165 151 141 132 124 117 111 108 104 99 89 80 76 76 74 72 71 69 67 66 61 59 57 56 55 55 56
269 263 256 249 243 239 233 226 220 215 207 201 192 178 163 153 147 143 144 146 151 158 165 174 187 198 206 211 218 227 233 239 246 252 257 261 264 267 268 270 271 274 278 281 284 286 286 288 288 285 280 275 272 268 266 263 260 257 255 253 249 243 236 229 220 209 198 185 170 158 151 143 134 125 119 114 110 104 94 85 81 81 79 77 74 70 67 66 63 60 59 57 56 56 57
273 266 259 253 248 243 238 232 225 216 209 205 198 184 169 158 149 141 137 139 145 151 159 165 173 185 194 202 210 218 225 232 240 247 252 255 256 256 259 263 268 273 277 283 289 293 294 295 295 292 288 286 281 275 271 267 263 260 259 257 253 248 243 235 226 214 204 190 176 165 158 150 141 134 129 123 117 108 99 92 89 89 87 82 76 70 67 66 65 63 62 59 58 58 58
275 268 261 257 252 247 242 236 228 218 209 206 201 190 176 162 151 141 134 133 138 143 150 158 166 175 185 195 202 209 218 228 235 241 246 248 249 250 253 258 263 270 276 282 290 296 297 297 296 294 291 288 283 277 272 269 265 263 262 259 256 254 249 241 232 221 210 197 184 176 168 159 148 142 136 130 123 114 106 101 97 94 91 85 79 73 69 68 67 65 63 59 58 60 61
274 269 263 259 255 251 246 240 230 220 210 206 201 193 181 165 153 144 137 131 131 136 144 152 158 163 170 180 194 204 214 223 229 235 239 241 241 244 247 252 259 267 273 279 287 294 296 295 294 292 289 284 279 275 271 268 266 265 265 263 260 258 252 245 237 227 218 205 194 189 182 170 158 149 141 135 129 123 117 112 106 99 95 90 83 77 73 70 69 67 64 60 60 62 63
272 269 263 259 258 255 248 241 232 222 214 207 202 194 181 166 155 149 140 132 130 132 140 148 152 154 157 166 179 194 206 215 221 226 230 232 232 236 241 247 257 266 272 278 286 291 292 289 288 286 283 277 272 271 269 268 269 269 269 267 264 258 252 246 240 232 224 213 204 198 192 180 167 156 146 139 135 132 129 123 115 107 100 93 86 80 75 71 69 67 65 63 63 65 66
270 266 262 260 259 256 250 243 235 225 218 210 203 193 179 166 158 152 144 136 130 130 136 142 145 147 150 159 171 185 196 204 211 217 220 223 225 230 237 244 255 265 271 277 282 285 284 281 279 277 273 268 265 266 266 266 269 272 272 269 265 258 253 248 243 235 228 220 212 205 197 187 173 162 153 147 142 139 135 131 125 119 111 101 92 84 79 74 71 68 67 67 69 70 69
266 263 261 260 258 255 250 245 238 229 222 215 206 193 178 165 158 153 147 138 130 127 129 134 139 142 146 153 164 176 185 193 200 207 211 213 217 224 233 241 250 259 267 272 277 279 277 273 271 267 263 258 258 260 261 262 266 270 270 267 263 257 252 248 243 239 233 225 217 209 200 191 183 173 164 158 153 146 140 136 132 129 122 112 102 96 91 84 80 76 74 74 76 75 73
263 261 260 260 258 254 251 247 239 231 225 219 209 195 180 167 159 154 147 137 129 124 123 127 133 138 142 147 155 166 176 183 189 195 200 204 208 216 227 234 244 254 262 269 272 272 270 266 262 259 254 251 250 253 256 258 261 264 265 263 258 252 248 245 243 240 235 228 220 212 204 197 191 184 176 169 163 154 146 141 137 134 129 122 115 110 106 100 96 92 87 86 85 81 77
260 258 257 258 257 254 252 249 243 235 228 221 212 200 185 170 161 155 148 139 129 122 120 121 128 134 137 140 144 155 165 173 179 182 188 194 200 207 215 226 237 248 257 264 266 266 264 261 256 252 248 245 245 246 250 253 255 256 258 257 252 246 243 243 241 237 234 230 223 215 208 203 198 194 187 180 173 163 155 149 142 137 134 130 125 121 118 115 111 107 102 98 94 89 81
256 254 253 255 255 253 252 250 245 238 231 223 214 203 189 173 162 155 148 140 131 123 120 120 127 132 134 135 139 147 154 161 166 169 177 185 192 199 208 220 232 243 252 258 260 260 258 257 252 247 241 238 237 238 241 245 247 248 250 251 247 240 237 237 235 232 232 232 227 221 216 211 207 206 199 191 182 172 165 156 146 141 138 134 129 126 124 122 120 116 112 108 102 95 87
250 248 249 252 253 252 252 250 246 239 233 225 214 203 190 176 163 155 148 142 133 125 120 120 124 128 130 133 137 141 147 153 157 162 170 179 187 194 204 216 226 237 247 254 255 253 252 250 247 241 233 227 225 227 231 235 238 239 241 242 239 234 230 229 228 228 230 232 231 229 225 222 219 215 209 199 188 178 170 161 150 143 139 136 132 129 127 126 124 120 118 115 108 100 91
242 242 246 251 252 252 252 251 247 242 235 227 214 203 192 179 166 157 150 144 137 130 123 119 120 122 125 129 133 137 143 147 150 155 162 174 182 188 199 210 220 231 242 249 249 248 245 242 239 232 224 216 214 217 219 224 228 228 228 229 228 225 222 222 222 223 227 229 230 231 231 232 231 226 219 207 194 182 174 165 154 146 141 139 136 133 130 129 128 126 123 120 114 104 95
234 236 243 250 252 251 251 250 248 245 240 231 218 207 196 184 171 161 153 147 142 135 128 121 117 118 121 125 129 134 138 142 145 148 154 164 176 184 195 207 217 227 237 244 244 243 238 234 229 222 214 206 204 206 209 214 216 215 215 216 216 215 213 212 211 215 220 223 227 230 235 239 240 237 229 217 202 189 180 171 160 151 145 142 139 136 134 133 133 130 127 122 116 107 97
226 230 238 246 250 249 247 248 248 246 242 234 222 211 200 188 175 164 155 149 144 138 132 125 119 117 117 121 123 129 135 139 142 145 150 160 171 181 195 206 216 225 234 241 241 238 234 230 222 214 205 197 195 196 197 199 202 203 203 204 204 203 200 201 202 204 210 215 223 230 237 242 245 241 234 223 208 194 183 175 167 157 151 146 142 140 137 134 133 131 127 121 115 107 100
217 221 230 240 246 246 245 245 246 246 244 237 225 214 204 193 180 167 157 151 147 141 135 129 122 118 116 116 118 123 131 136 141 145 149 158 169 178 192 205 213 223 233 239 238 235 232 227 219 210 200 192 188 188 189 189 190 192 195 196 196 194 193 193 194 196 201 209 218 227 235 242 244 241 235 225 211 198 188 179 172 164 159 154 148 144 140 134 130 128 123 119 113 108 104
211 216 222 234 241 242 241 243 245 246 245 240 229 219 209 198 186 172 161 155 150 143 138 133 126 119 116 114 114 119 127 134 138 143 148 156 167 177 189 200 209 220 230 236 237 234 229 223 216 209 198 188 184 182 182 182 182 185 187 188 188 188 187 186 187 189 195 202 211 222 233 240 243 241 235 227 217 205 195 185 178 170 165 161 155 150 144 136 129 127 124 119 114 110 109
208 210 216 227 233 233 234 239 243 245 245 243 234 223 213 203 191 176 164 156 151 145 142 137 129 123 119 115 114 117 126 132 136 142 148 154 162 172 184 193 202 214 225 231 232 231 227 222 214 206 195 186 179 175 173 173 174 175 176 178 181 181 181 180 181 184 190 197 206 217 228 237 241 240 237 232 226 217 205 194 186 178 172 168 162 156 150 141 136 133 130 125 120 116 115
202 204 210 219 224 224 225 230 237 242 244 243 236 225 216 207 195 179 166 158 152 147 144 138 133 127 122 116 114 117 127 135 137 143 148 152 158 167 177 187 195 206 217 224 227 226 224 221 213 203 193 183 175 170 167 166 166 167 167 170 173 174 173 173 176 181 186 193 203 211 219 227 231 236 235 235 232 226 216 207 200 190 184 179 171 164 158 151 145 142 139 136 132 128 125
194 197 204 212 217 216 216 220 226 234 238 239 235 225 217 209 199 184 170 160 155 149 144 139 134 128 122 116 113 116 128 136 139 143 147 149 152 159 170 181 190 200 210 219 224 224 223 220 212 202 191 181 173 166 163 162 161 161 161 161 163 164 164 165 169 176 181 187 196 203 208 214 219 225 229 232 233 231 225 219 213 204 197 190 181 173 167 160 155 152 150 149 147 142 138
185 190 198 206 210 212 212 213 217 223 230 235 234 225 216 209 201 189 175 164 156 149 143 140 135 129 121 116 113 115 127 135 139 140 143 144 146 151 162 174 182 191 203 213 220 223 223 218 211 201 189 179 170 165 162 159 158 157 156 154 155 155 155 157 162 167 174 179 186 191 196 202 208 214 220 226 231 232 229 226 222 215 210 201 190 182 175 170 166 164 161 159 158 155 152
174 181 191 196 200 204 206 208 210 215 221 228 230 222 215 209 201 190 178 167 158 151 144 141 137 130 122 116 113 115 125 133 136 136 138 139 142 148 157 167 175 185 198 209 217 222 222 217 208 197 186 176 168 163 160 158 156 155 151 149 147 147 147 150 154 160 165 169 173 179 184 190 195 203 212 220 226 229 229 230 229 226 220 210 199 191 184 179 177 175 172 169 169 168 166
163 169 177 183 187 193 198 201 204 208 213 219 222 219 214 208 201 191 180 169 160 153 146 142 138 132 124 116 113 115 124 131 133 133 132 134 137 144 151 161 170 181 192 203 212 218 219 215 207 198 188 178 170 164 161 158 156 155 152 147 144 144 143 143 148 153 157 161 166 172 178 182 187 195 204 212 218 223 228 232 234 232 227 219 209 201 193 187 184 183 181 180 179 177 175
