samples/calib_slope.asc
ncols    116
nrows    138
xllcorner    345338.8722398189
yllcorner    6752439.873372113
cellsize    30.0
NODATA_value    -99999.0
[rows 27 to 53 of 138, columns 0 to 60 of 116]
8.654799 7.7379003 12.860187 14.389409 13.491683 14.090224 9.385054 15.475649 18.320004 13.14021 7.8776836 2.2536738 5.16948 7.2770786 8.351304 8.2085705 7.4888835 5.8128138 5.94013 6.5615616 3.3710804 1.6620088 3.811325 5.639503 3.6875806 1.8385493 3.8428326 6.149968 7.6573377 10.094051 12.0251465 12.672855 12.184902 10.694375 3.6236951 7.5261264 9.803227 4.597302 0.668901 5.7878113 11.057961 12.118215 11.523453 7.4011526 4.100741 6.191985 8.787382 12.201532 12.932859 10.101958 11.261389 14.450627 11.603023 8.284842 10.123059 14.639701 16.65473 13.615173 9.178392 7.6071415 6.5370693
10.925462 11.826101 13.906232 14.155211 9.761504 7.224045 12.657817 18.327356 14.611864 11.117571 6.308435 0.8983076 1.8700017 3.5043712 4.777283 4.8719635 5.5954194 5.956935 8.808322 9.361444 6.0446157 3.3913558 3.8671262 3.4786532 1.3932197 2.0522864 4.856563 5.5527396 5.774733 8.010118 9.472331 12.019167 14.087711 10.758499 6.2875896 10.246428 7.0731683 3.3391006 7.3980155 11.889454 13.286487 12.6281595 11.768184 9.95107 8.644057 8.077468 9.664926 13.342861 16.568563 15.7404175 15.592541 14.38431 8.838447 8.358658 13.899801 17.337433 15.73355 11.539116 9.58007 8.563829 8.600042
13.079746 15.900003 15.333219 12.115405 3.0794573 7.5114107 15.829112 16.221508 13.915447 9.195616 5.3450637 3.967705 3.9756525 4.4158797 5.8987966 5.495833 5.329873 5.149482 8.573841 11.886095 9.850087 5.069974 2.815366 3.9894726 3.47526 3.5494757 6.9656835 7.096539 4.0547585 4.919212 7.5182343 9.932352 10.436424 9.206572 10.188414 12.910321 10.938291 11.5663185 13.779627 13.982061 11.621066 11.56717 10.728043 10.138042 9.413089 8.454713 9.534245 12.80469 16.813244 18.234488 17.039902 14.028889 11.642762 12.773272 16.844957 17.22301 12.457926 8.585371 8.377429 8.195976 8.039736
13.788067 15.976101 14.776552 8.048093 8.094466 14.64398 16.268267 14.94714 11.699604 8.501675 5.525598 4.7387567 4.7243495 4.690216 5.2916517 3.403365 2.193056 1.1282257 6.0734434 12.365368 10.76658 5.46079 6.0411134 6.0936813 6.6293344 6.5512233 8.948055 9.1619835 5.8492823 3.183175 4.6857204 5.162701 3.3825052 4.5430727 8.247772 13.155293 14.196833 14.098239 14.532449 12.185157 10.430516 11.506524 10.964741 9.604236 7.937125 5.9345675 8.003498 11.1529255 13.430048 15.62169 14.629715 12.804719 15.150909 16.132498 16.601843 14.475444 8.052228 4.6150336 5.0547247 6.4570413 6.290043
11.171692 9.075873 6.907083 10.775097 17.61027 17.6786 14.080306 11.363725 8.419226 6.862982 4.302027 1.8097458 1.5429535 1.9294994 2.1550682 0.9271532 2.6201081 2.862853 7.538898 10.65765 6.856616 8.033521 6.6389685 5.693796 5.430004 6.675317 10.438116 10.584043 8.649414 5.747791 3.0684311 1.3378948 0.6351066 0.6418041 2.0427525 6.9154797 10.792837 11.456348 12.075309 10.701105 10.154201 10.7965145 11.558671 11.066857 8.019673 3.73335 7.361985 9.578687 8.596545 10.297621 11.596727 11.004215 14.071344 15.28382 13.416799 8.746972 3.3676543 3.3358 3.1049693 4.5482917 5.547171
3.9352186 1.102552 1.0031948 13.266107 22.083223 15.730601 9.94275 7.110807 3.2995508 3.2854335 4.2942963 2.8915184 1.1472337 1.0353354 1.8092818 1.1553046 0.85771614 2.8001711 5.495749 5.423003 6.7276063 8.03867 6.854893 5.3626194 2.6491337 3.7234957 7.88522 10.1173315 10.89794 8.236381 3.083812 0.46370378 1.698537 2.1664 2.2791648 1.4522185 4.79924 8.280406 9.944209 9.8006 7.7069 6.904328 10.713627 13.064263 8.938942 4.1768904 7.526338 8.286225 6.4269533 7.039043 8.227013 8.677224 10.0306 12.061217 11.290911 6.1724367 4.9114137 5.7776246 6.8280845 9.486536 10.089505
0.010867791 0.010791567 1.2538844 14.521961 22.805449 16.519531 7.4773507 1.4171736 1.668597 0.6139673 2.7010152 3.9174545 2.77206 0.8800763 0.98222995 1.3496703 0.8736884 2.501276 2.502096 3.515962 5.7939954 5.829539 5.7362084 6.455018 5.324235 5.5756927 6.4922714 8.283624 10.74638 9.252292 3.576551 4.0494165 4.5894237 2.5373814 2.770698 3.8591232 6.1597624 8.080744 8.5775385 7.0552855 4.513245 4.6584587 8.998211 12.486133 9.82603 6.147616 6.5631413 6.566918 6.142604 5.7480216 3.6007078 4.593901 6.3246045 8.055058 8.360889 8.327713 9.591244 10.220377 11.764545 13.120282 11.086529
0.010867791 0.010845419 2.871193 14.929414 20.116732 14.571815 9.181043 6.286496 4.549091 1.7408525 2.7092855 4.388382 3.4360526 2.343233 2.645392 2.896109 3.0141184 3.9249978 2.4590344 2.5155923 2.1637754 3.2223847 7.5499477 8.441094 7.395597 7.0738735 7.741237 7.79887 7.3979506 7.356034 6.892271 9.160292 7.977503 4.7545595 3.1363468 5.94948 8.290254 7.857555 6.369264 2.4875937 4.5020275 5.6739845 6.5687847 9.298997 9.644971 6.110913 3.5623903 3.6950548 5.4725513 6.0229692 4.8648214 4.005442 6.348677 6.322881 3.500963 6.8458247 13.984495 16.176556 14.771686 11.153372 7.557283
0.010814051 0.010056022 5.989851 13.772363 14.276188 12.141256 8.222249 6.004797 6.4960423 5.743769 3.5426369 4.3227134 6.746928 5.961552 5.3365784 4.216954 3.2162838 2.8226714 3.2456536 4.4993834 4.5463166 6.5418925 8.962519 7.972934 7.8870516 7.277533 6.8815513 4.406217 2.5529583 6.5222425 11.20703 11.271245 9.972509 8.935774 6.239177 6.644249 7.7567863 8.427911 6.4908338 1.6330706 2.8898907 5.9075866 7.1380615 8.178143 8.1713705 5.622211 1.8328538 1.8340099 4.158251 4.903036 4.98918 5.1561437 7.498541 9.548129 4.4452243 4.4716597 14.177297 19.253555 15.373099 6.9808173 2.884418
0.012161877 4.3496995 11.869207 12.938229 12.115018 10.776501 6.5021105 4.2461553 6.9574804 9.747865 6.2958326 7.8654876 9.978189 7.285483 2.8801398 3.1382408 1.8993706 2.194451 2.4893632 3.1401873 4.834704 7.115184 7.6182585 5.600309 5.0489573 8.152444 6.9903755 3.6045566 5.1624317 9.189903 12.517331 11.447599 9.749809 12.053507 10.564877 7.7666388 7.9390225 10.135151 10.69908 5.7512627 0.70489484 4.5078964 7.8533 9.624116 9.191518 7.5437865 4.6092257 1.6329459 3.8871758 3.961047 2.7012517 2.59182 5.8397965 9.467058 6.4406385 2.9301984 13.328886 18.540154 15.284782 7.8670554 11.8539915
16.563011 20.68941 19.344593 12.709647 12.141717 10.1252775 5.5217624 1.9517517 2.1866233 8.2190275 11.671519 10.550166 8.154613 3.0499063 0.88582027 1.8741509 2.3981853 2.16669 0.73460764 0.75803894 2.0776806 4.182039 5.155713 3.4022455 3.8199253 7.453964 11.334078 9.352219 10.802563 9.637633 8.947105 7.512548 8.494134 9.996154 12.582412 10.324963 9.16628 9.763699 11.644512 9.4715605 4.65869 3.1467576 6.5475793 9.613503 10.731593 11.182381 9.261241 5.0964975 4.798702 5.6885986 5.8171406 6.5635276 9.154008 10.119526 6.5547285 4.0980353 12.421245 17.497948 14.403796 10.995202 14.704581
23.920084 23.247248 18.72159 17.2923 13.803838 9.609265 6.2316127 4.949957 4.399349 2.9223616 5.4621654 5.6648035 2.4217644 0.14198075 0.010024896 1.0374534 1.553161 0.5135674 0.009966612 0.010024896 0.33419758 2.888042 6.017225 8.012507 7.302182 8.20983 10.503537 11.024214 10.979768 7.7062416 4.6218534 1.4916761 6.825917 5.981076 7.8406873 11.823942 9.621676 10.390528 11.328407 10.588416 7.8180532 4.577852 5.4010067 9.608582 11.148506 12.907394 12.109254 7.6305428 4.333654 7.3570933 9.110136 11.161241 14.144736 13.461064 9.713851 6.417408 12.117924 16.820555 13.240597 13.206096 14.430376
15.625413 14.453093 14.678362 14.664436 11.371954 6.9817753 4.1558065 3.2715416 6.1651387 5.1584125 1.4256662 0.11002665 0.010845419 0.010845419 0.010845419 0.010791567 0.010791567 0.010845419 0.010845419 0.28451237 1.9881297 3.7000332 5.5663333 7.2542405 8.948325 9.251704 8.857222 9.015475 8.892019 7.5947323 2.3371263 4.3126845 7.858861 6.185672 1.7934659 5.7720613 10.475726 11.631219 12.9281225 12.17761 9.732315 5.646662 3.3396702 5.740497 8.426383 11.655445 13.605943 10.345396 4.9922633 9.783924 10.70153 12.707158 15.680602 12.65449 7.780479 5.2312884 11.235589 13.501003 10.05652 13.832041 14.656798
13.28612 9.97911 7.715724 6.6069007 5.5308113 2.83279 0.8629383 0.75648844 4.788647 4.7689037 3.6504807 4.425463 4.8817296 3.9714835 3.6393359 3.0705783 2.9276502 3.0788307 2.2137697 1.7331729 3.4012523 3.493137 3.28426 4.8969493 6.8241534 8.215774 8.269146 6.1972666 4.222523 6.403623 6.3168483 8.264949 9.799979 4.820126 2.6263893 2.637577 7.801046 12.846942 14.553538 12.918866 10.290526 8.702562 5.3608775 2.0144897 2.3684728 5.8944793 12.172147 12.688902 8.692151 9.691995 11.148246 14.274838 13.758397 8.614141 7.094923 9.9692 11.15391 7.516716 8.025527 14.061417 13.955725
10.279225 6.2738633 2.1647904 4.194768 4.887083 2.6137135 0.68540186 1.4191225 3.234191 3.8825228 6.5356364 9.7867985 11.242758 9.660387 7.0602713 5.970113 5.923914 5.284961 3.8107092 2.4598398 1.6574321 3.8380659 3.6984885 3.8130674 4.508926 5.350312 7.218801 5.7065196 5.786299 9.364084 9.335598 9.916285 6.5984845 1.1263734 0.010024896 2.3831 3.206522 12.865877 15.589432 14.403554 15.744789 16.907358 15.358502 11.346539 4.964255 1.4942132 6.292986 11.312784 10.846262 8.303412 12.838691 16.563427 11.267455 6.7823296 12.559681 12.158562 6.638441 5.7230105 11.870211 15.581204 12.8325615
7.2368665 5.031007 1.6593671 4.7812386 4.38572 1.5967064 0.5751168 0.992758 1.8554256 6.187187 10.706192 12.345107 12.846724 11.687199 7.175767 3.9410024 2.8758056 3.4803805 3.651145 2.8306048 1.2630376 2.77857 5.7704563 5.7173777 4.8654337 2.0925004 5.9537 8.196247 10.220084 12.003241 9.961348 7.2095838 1.8630906 0.07960733 0.009973596 1.9497231 0.107946545 8.43329 13.531803 16.858425 18.555962 18.9943 18.510769 17.054962 13.911573 6.065509 2.2293458 8.183051 10.422151 10.112885 15.325452 16.962458 7.4853415 9.202132 14.876472 9.324877 6.7851048 12.018616 16.229998 16.518372 12.147381
10.111058 7.249614 4.529197 6.059689 5.1500125 3.3678062 3.2485116 4.1144323 3.5257668 8.344739 10.275653 10.448068 9.854722 11.200929 9.608245 4.7255015 1.6351193 1.5993817 2.439451 2.658136 2.8165877 1.9433554 5.0204935 8.023291 5.2085805 0.77404356 5.0988073 9.299027 13.271656 12.091814 7.1174917 2.50242 0.06615887 0.010056022 0.5293001 4.8149805 4.8721566 9.088918 15.517786 17.191156 15.402346 13.820751 14.580152 15.395885 15.102381 12.13873 7.811514 6.5533137 9.522058 10.796487 15.557195 12.954477 2.3140824 11.706745 13.464107 6.063844 10.287672 14.996945 16.819529 14.328959 9.120949
9.914135 8.097239 7.024761 9.150997 9.079946 8.564788 7.697116 6.5544887 8.315462 10.711377 9.165009 6.797211 3.6746395 9.1790085 9.7019415 7.7233596 4.121766 1.0538561 1.4270765 2.1674743 3.187195 4.5431323 6.685563 7.4242926 4.019206 2.5638888 6.4148836 10.171029 13.057456 9.9570055 6.117344 5.51402 4.01217 1.3859109 5.5016923 9.453662 11.810378 15.419459 18.097263 16.98937 13.648124 12.210279 11.145993 12.3092985 14.417941 15.085711 12.073268 6.6954236 7.079044 8.6727705 11.744575 6.459526 1.2994386 10.175378 13.4970875 7.2293324 12.467034 14.5244 12.9558 7.664569 5.4169693
8.239433 8.734327 10.726606 12.65241 11.244213 9.88946 8.166569 5.576536 10.45738 11.851193 9.557305 5.998717 2.4706724 8.100868 7.2030687 5.4882603 5.43468 2.3922431 1.6343728 4.120961 3.7118537 4.736854 5.824659 4.9613004 0.8830265 3.7895372 5.0885644 8.965264 11.857403 8.314844 6.0083017 8.707146 9.756976 7.585328 9.101662 10.978904 12.749118 11.0628605 9.337621 11.756676 14.687077 13.670796 12.940634 13.12047 15.606141 15.641015 11.215955 7.109718 3.6029668 4.8049307 6.8585534 4.484703 0.5826874 6.7929087 12.038266 12.374577 14.108202 11.687147 6.517289 2.0307183 7.483823
9.01229 11.539557 12.682815 10.48485 6.655224 6.036834 6.304418 9.731166 13.907756 11.156412 8.872006 4.7205462 4.2992034 9.098346 7.876025 6.7503457 7.0730023 3.4863033 3.4846246 2.6650727 2.7981484 2.709478 3.9589846 3.2569823 1.7763537 5.066236 5.7532988 8.072302 9.108108 6.598379 6.4568515 7.0152454 8.121007 9.24165 6.382456 9.8654785 9.522481 4.4951344 3.4158287 12.143726 15.273815 15.334212 12.374343 11.936844 15.223701 14.834657 11.862387 9.582893 7.2428684 5.7439013 5.6207585 6.476127 3.8671868 1.4220256 10.082159 12.913349 10.1615305 5.1409736 1.4052517 4.1643243 10.775352
10.08156 8.232845 4.337878 0.82705724 3.9200072 5.1431212 9.253647 14.218144 13.250994 7.9555893 5.6333613 3.2420444 6.079788 10.547518 10.445524 10.431724 8.729087 6.0853467 7.552377 4.022778 0.78837645 1.2768233 3.5845187 2.153399 3.7817748 7.002579 6.10298 6.278801 5.5505514 6.1785774 7.90614 6.626252 5.409227 6.0531874 5.97047 9.273554 5.9579945 1.7521533 10.298416 15.139511 15.349058 12.547763 9.468992 10.538218 12.429048 12.508969 13.321073 14.148797 14.767546 13.998772 11.387234 8.727491 7.233779 6.447471 6.2052307 4.9277 2.713844 0.692629 0.010845419 3.6490066 12.819742
6.483526 6.125892 8.98765 11.803549 12.637309 11.420553 10.318701 12.203896 9.9241 5.6789937 5.280733 2.884903 7.546944 11.960087 12.62712 10.375783 6.15644 4.985851 8.607975 7.5239654 4.241244 2.5765362 3.3684447 2.4199212 3.282897 6.6022053 5.039522 2.500029 5.3472753 6.8841324 8.5772915 8.491448 6.614496 5.5526276 6.524024 5.876689 2.0889456 5.4197755 10.6049385 12.662514 12.137071 8.13605 7.101663 9.362556 12.539179 11.017061 12.521673 16.399927 18.283829 20.342648 21.156488 17.302021 12.7748785 9.471368 4.5699825 0.010791567 0.010867791 0.010791567 0.33182538 6.513816 16.576885
12.657645 13.35455 13.593615 12.733146 12.197618 11.463261 8.551917 6.750732 6.0888143 6.3996205 6.9192815 5.266661 9.980905 13.650941 12.706942 6.8828053 3.4376726 3.5162492 6.279527 6.920528 5.4302673 3.8042953 3.2624006 2.795508 3.1395874 7.542334 7.9836836 6.139691 6.3557367 6.822957 7.2409472 8.138353 9.033415 6.8252134 5.047723 3.6997707 1.3936675 5.199983 6.0998044 7.698268 14.029449 14.973148 12.5533085 12.451162 14.128482 11.347459 11.379804 13.668179 12.977172 15.472479 20.138288 21.483913 19.506714 15.695034 6.5466504 0.010791567 0.010845419 1.6901991 7.1091576 15.241956 19.844162
13.1407795 11.538465 10.49449 8.104271 6.2903504 8.150814 7.893142 4.333544 1.5032991 3.5669088 5.073883 8.31268 13.044175 13.585087 9.997687 5.2939744 3.3597696 3.2627933 5.582496 6.5478096 5.892602 5.1566553 5.4221196 5.491194 3.6615741 6.591429 9.133192 8.350871 8.772404 9.326136 7.8116684 6.40418 8.0509815 7.9040666 4.544579 3.116839 2.2319021 5.1108494 5.965206 3.5027618 4.0308714 9.603492 10.774229 12.551056 15.430841 14.707052 9.668861 5.5413003 3.1843178 2.7564123 8.31302 16.87564 22.056112 18.886728 7.146427 0.010845419 2.4126005 8.7846 14.867074 17.147038 17.41208
7.433066 7.3529444 7.7682033 5.56059 4.0355988 5.6762257 8.015757 6.2385974 3.0759811 2.0080688 2.6724632 10.04564 12.989387 10.689631 7.5924425 4.158955 1.8186834 2.1542904 5.6103225 6.5235863 5.977743 6.6844897 7.403769 7.0724907 4.3811407 1.310164 5.2593627 7.9262567 9.396075 9.780152 7.176604 5.407653 5.458276 6.297271 4.0014367 0.4765143 4.0657816 11.0292 12.942024 10.150033 8.854741 5.5230365 2.4731333 5.7061257 10.959993 14.254839 9.762151 9.279194 9.170392 8.75527 12.282871 18.999493 24.605795 17.365211 3.5240936 1.7617606 10.447369 16.610338 19.463167 18.165659 18.358704
5.0278535 6.78863 7.778618 4.9246264 4.030528 4.2051263 5.47115 6.4630065 3.8057113 2.4396234 6.457514 11.026209 9.929172 7.2376866 4.226922 0.93464047 0.010056022 0.23171572 3.1481605 5.632728 5.457995 6.5191154 8.188068 7.348814 5.658625 2.8940926 3.113204 6.700672 5.9907813 4.200949 4.198687 5.0032415 5.4409056 4.928726 4.930645 4.787763 9.404272 15.307009 12.375881 6.5670257 7.354433 6.31076 3.0633993 0.5553789 4.4324512 10.260111 15.639065 15.492037 11.615567 12.037462 16.608711 21.87439 20.380915 9.965708 1.2819045 10.214422 20.30145 21.20837 20.563517 19.374912 21.48512
4.0410542 5.953344 7.7792683 5.991104 4.3901696 3.631845 0.3384583 4.7983384 5.9047723 6.464226 9.500554 11.027869 7.704943 4.769992 1.6068728 0.009973596 0.010791567 0.010845419 1.9343859 4.2753315 5.2909393 6.424544 7.3735695 6.390615 5.6196256 5.358924 5.547953 3.6365724 0.7816177 3.1821826 5.491343 7.6712046 7.0764613 6.898011 7.4180665 9.13238 12.806841 13.203661 7.9391737 3.0936 3.4688084 6.835277 7.5571675 6.247345 7.428083 12.746597 17.596115 17.212282 12.808743 12.175746 16.978252 19.044464 15.083885 7.1576014 5.8997946 19.837465 20.878296 18.283495 16.786581 16.915907 17.138252
