samples/calib_slope.asc
ncols    116
nrows    138
xllcorner    345338.8722398189
yllcorner    6752439.873372113
cellsize    30.0
NODATA_value    -99999.0
[rows 54 to 80 of 138, columns 0 to 60 of 116]
3.1658707 4.8326697 6.5523477 5.984175 5.542108 5.665602 4.585991 7.135854 8.698406 9.146231 11.571257 10.549757 5.776427 2.2353568 0.7996929 0.35369006 1.4596815 2.8463638 6.5197067 9.671519 7.9186516 4.6419153 4.9244614 6.6691904 7.441485 6.328125 3.853679 2.0203736 4.5003715 7.053333 8.435553 8.921216 9.136716 10.077669 11.9357815 13.98149 13.92311 11.022066 5.408109 2.9021654 5.5376554 8.488836 11.454305 11.462206 11.242321 13.428091 17.56828 18.903505 13.27562 14.861981 19.727057 19.968506 14.605269 6.011403 15.072718 20.350075 17.094673 14.574296 12.682326 9.634921 7.6915603
2.7250514 4.1329017 5.013506 4.770344 5.511023 7.2791104 8.060629 9.459936 10.042001 10.398091 11.201437 7.214534 2.2137914 1.13296 1.6595621 3.6242096 6.1683445 8.596146 11.36053 11.132373 6.4280634 4.026991 6.3681135 8.718339 7.4801164 3.9056165 1.9420674 4.1475205 7.296287 9.654155 10.148778 9.780662 11.290827 13.907335 15.765009 15.785377 13.359998 9.117613 5.3738165 5.9474177 8.923869 10.429322 13.516025 14.655943 13.358194 14.185744 19.40576 18.576597 16.512798 22.01085 23.316195 18.085058 7.5509543 11.195534 18.016926 18.265392 15.891734 12.112975 9.940985 12.279296 16.651632
3.1933413 3.5363688 3.7330134 3.8863778 5.055487 6.9101763 9.269129 10.42031 10.472927 9.298418 7.8160396 3.0105312 0.48388645 2.7474158 5.2730145 8.400862 10.590757 12.018942 12.236937 8.536631 5.8629446 5.650322 8.919246 8.578291 4.8276258 1.4545836 1.7110405 6.1749244 9.876544 11.148564 10.181639 10.393068 14.4194565 16.318125 14.733601 13.798137 10.34081 7.364798 6.5775924 8.88973 10.286318 11.323642 11.516791 15.377769 15.461228 15.396431 18.014975 17.295933 20.316555 23.398092 21.374815 12.544164 6.4918804 14.661702 17.959177 13.803346 14.472002 19.38704 18.566076 17.26548 19.834833
2.3167057 1.4852507 2.1713765 3.3434165 4.2343345 5.790823 8.186225 9.122303 8.33998 6.65648 4.3089437 1.1911429 3.056119 6.0286636 8.126062 10.153554 9.788982 8.73344 7.4741793 4.4396133 4.6067543 5.7945642 7.447491 4.819582 1.6017054 0.7601086 5.085877 9.753991 11.925366 11.56709 10.067232 12.456765 16.357786 15.138507 12.217732 8.495968 3.7298157 3.4931228 5.3304615 7.070231 6.3426867 8.051855 7.389132 6.7181144 11.57758 15.675539 14.283919 16.368202 24.716167 26.101673 16.967916 10.739717 12.543759 13.312075 16.85448 19.728394 19.543097 21.406647 22.790056 20.277134 18.821512
0.26094186 0.67959476 0.9978777 1.5434225 3.2978718 6.3822784 8.077277 7.2425537 5.8452983 4.373935 1.8075937 2.007401 5.0865636 6.311773 8.357706 7.7352247 5.0384245 3.6087978 2.8999205 0.9601121 1.0807401 3.6133242 3.8967502 1.2437543 1.7035352 4.124217 8.260168 12.517638 13.357375 11.52262 10.85475 14.018084 15.240088 10.561645 5.22725 1.5880693 0.10132882 2.9861095 3.7770672 3.5284984 5.443793 10.764546 14.314427 11.77697 9.627366 14.056388 16.360182 18.83751 27.677391 24.436665 8.520098 7.7864747 13.441436 16.921442 18.426748 22.223614 22.15538 19.258331 21.129221 17.346088 9.463078
1.871986 0.8232789 2.3566592 2.2362652 5.2307076 8.709465 8.813297 6.2429647 4.045941 1.1805571 1.2246174 3.0263357 4.808006 6.7992635 7.61375 4.7649174 1.5487294 3.4869468 4.9974194 3.8102818 1.9335263 3.1161525 2.3572953 0.056950524 2.6196606 5.781009 10.470575 14.375718 13.570418 10.4775305 10.954883 11.677647 8.428153 4.035002 6.3070927 7.6475816 8.193295 10.882199 10.118064 8.498258 8.154818 8.437671 13.532438 17.088491 19.35991 16.75683 14.876684 19.368483 21.786661 16.929525 6.7216754 2.1731982 6.176563 10.700104 14.347114 14.792021 13.411935 9.422154 9.7831745 15.409557 22.1278
4.256826 3.4496274 1.4832841 5.5680223 8.945521 10.557534 5.427696 3.6274188 1.649783 3.4629703 3.1327157 2.344428 4.939163 6.744498 7.4529476 4.3928795 0.08248387 1.1398952 3.3522968 4.3103347 4.35505 3.8000011 2.3817174 0.95626974 5.1325746 9.197565 12.938314 13.771515 10.591227 8.58857 7.0621257 4.229543 6.799464 11.131956 12.177763 13.373 15.443704 13.40557 10.155522 4.7690973 2.2105346 3.77906 11.521786 19.263693 20.564596 19.58957 17.910063 15.801271 14.8498535 12.868701 5.95322 0.25077826 0.010845419 1.736107 5.71009 8.4495125 14.069225 17.33538 24.863352 29.671755 26.95322
6.39055 4.1835947 4.581717 8.768944 10.887059 6.670958 1.1815536 1.52988 4.9309354 5.3526254 2.406183 1.2085521 5.406123 5.887331 5.6747727 4.636703 1.5458207 0.29370824 3.1210618 5.3579273 5.1252737 3.6511207 1.0864253 4.1544333 10.329588 13.256401 12.772041 10.254775 8.2419 6.455592 3.1385205 8.918714 12.897078 12.925983 10.933225 8.859026 8.221128 5.0660844 11.368862 8.784662 9.073324 15.860225 21.863176 21.450796 20.726145 20.64123 15.998961 12.091704 11.806253 9.822654 6.5002356 2.77702 0.73822147 0.24482295 7.9996643 17.810156 22.145134 23.590933 23.363348 18.419611 13.136805
4.9975815 4.9287696 4.7813125 9.118823 8.777733 3.0060651 1.498967 3.6037383 5.2256794 2.1294196 2.5464036 0.946071 5.666296 5.1577783 4.3760276 3.7921386 2.0415876 2.5538583 5.7465434 6.570037 4.498866 1.8769968 2.130956 9.310258 14.805934 13.5896225 10.753454 9.379798 8.688011 2.9659553 5.4411254 11.011235 10.446607 6.765693 3.667451 2.9988608 5.257157 11.8848715 16.368929 15.71935 19.910522 23.192162 21.734673 19.82083 19.547338 16.735456 11.660102 8.781894 8.718847 9.2142105 8.024052 6.253325 3.18012 3.055431 12.255596 18.798706 20.446741 16.223946 11.007134 13.2998705 14.902899
5.7922363 5.6847596 5.8154716 9.928226 7.7171617 1.1874287 2.7008915 2.3150942 3.5663278 2.6179702 2.2664285 4.6387753 5.7243323 3.7539928 4.3723626 4.1155443 3.7163184 6.3829017 7.487326 6.495385 2.8757527 1.509765 6.247812 13.920448 15.639818 11.940653 11.010028 8.774208 4.31954 0.60947984 8.512541 11.013626 4.5174003 5.8087687 8.760683 8.675246 10.533845 14.831836 17.053782 18.322647 20.155018 16.500782 14.594849 13.910617 11.378858 9.92223 8.107312 7.4601145 10.24129 12.897878 12.753323 9.331541 6.932349 3.039628 13.938651 23.284689 20.174927 8.07893 9.1714325 14.403941 17.97011
12.227549 10.750679 10.770795 10.342036 5.721618 2.7889526 3.0598667 1.7014418 2.779184 5.2547626 7.0803857 8.703979 8.016619 7.257752 6.10378 5.2416687 6.873578 7.410284 5.905447 3.4006436 1.6099174 5.5992002 11.378772 16.40455 14.059039 11.423869 7.9132304 2.661239 0.010845419 1.2780012 9.4937525 10.7607765 1.7948225 9.119889 10.247095 7.2620487 7.9339204 10.947938 12.399535 15.858248 12.130804 7.579453 9.811152 9.973509 12.977077 15.434898 14.651411 13.37222 16.857563 18.942709 18.614813 16.452278 12.725121 4.25909 13.114376 24.842943 20.596703 11.526523 10.798738 12.034326 14.859179
18.903086 14.545095 12.825305 10.409686 6.3297467 5.016434 4.573662 3.132874 4.844089 9.5855465 9.760547 8.193752 6.383219 6.409246 4.8741026 4.0039964 5.6092467 4.2777066 2.2710693 2.0328596 4.795478 8.6010895 13.827511 14.751728 11.148097 7.996033 2.0696793 0.010791567 0.010845419 3.316528 11.214955 9.971608 2.730678 9.280522 11.747664 9.195309 8.790571 11.778626 14.029387 17.631681 22.176414 21.80255 23.63792 24.692284 23.947403 24.20923 23.057688 20.965708 21.282429 22.025328 22.641924 22.55364 19.628328 9.060097 9.438709 21.035467 22.092545 18.774307 14.304908 11.671919 11.009694
20.134161 16.784475 13.302648 11.701618 7.4280224 6.48252 5.9183807 5.1318245 8.46324 11.459792 6.6371083 2.3029978 3.241469 2.5836043 2.0707152 2.6093462 5.0994544 5.587884 4.6906385 4.07679 5.4305387 9.343124 11.911177 11.1474085 9.606913 4.7008996 0.010845419 0.010845419 0.010791567 6.393938 14.09034 10.35711 5.80012 10.332673 12.908359 12.099315 13.124026 17.294075 21.3927 25.30674 28.564484 29.587347 29.342516 27.424831 23.27303 22.86634 22.473486 19.249218 17.18911 18.828129 24.491955 26.872066 23.585953 15.135528 0.95718867 13.594418 20.350195 21.791382 18.013052 14.152326 14.264498
16.554085 17.181545 14.688528 11.891728 12.386995 10.85772 8.839935 9.23633 10.719381 8.294771 10.439863 12.556244 10.903872 10.872201 9.74975 8.209416 7.3799872 6.5742297 5.6787844 4.8435593 4.644203 6.8006787 9.050952 10.615501 10.41296 9.058946 5.751707 5.144003 5.136155 12.80491 16.261732 11.794273 10.143858 12.1227255 14.078286 13.078045 16.249502 19.581017 22.162273 24.362709 24.596333 23.363016 21.619497 19.46714 16.31416 14.6995 16.309076 13.693754 11.288689 14.646929 22.175108 29.536875 29.187265 20.940477 8.924313 3.8400023 11.925244 16.631565 17.777914 19.26859 21.679495
18.642994 17.555412 15.922748 14.01098 16.126339 17.043587 15.534316 16.167276 19.042727 19.237423 18.218836 16.303732 15.688297 13.257148 11.677696 7.9480686 6.952289 5.3972087 3.6227577 3.5222023 1.1415256 4.502776 8.491337 11.123296 10.809216 11.95637 12.552331 11.081299 9.727524 15.137846 16.169037 13.176318 10.605187 11.274114 14.209561 13.810114 14.22677 13.26552 12.520063 12.060039 12.619156 12.067407 13.831444 15.224793 13.136081 9.401604 10.470666 12.753091 13.074025 12.72304 16.722343 26.2774 31.759235 26.813042 15.422139 6.091241 3.5066643 8.934135 19.591085 25.35701 26.82363
20.958225 21.486702 20.6405 18.65338 17.067667 19.798906 20.208805 19.52943 21.447796 21.327923 16.548603 12.78027 12.850138 9.544415 7.459525 9.461606 8.112621 4.5069447 1.4290462 2.7461429 5.152271 6.814023 8.617047 11.053666 11.549084 10.64799 10.401772 10.903681 12.9944315 16.033535 15.351666 12.773399 7.34924 7.748269 10.838079 10.69499 6.7478666 3.5247588 2.2578146 3.670754 7.2319407 9.3506 11.688963 15.00947 13.4394045 6.7234745 5.777715 11.680446 13.667928 11.391405 14.466101 19.47724 27.890303 28.258595 19.832998 9.990326 1.8486873 8.296409 23.63701 29.326092 28.511438
16.871277 19.716816 22.185051 23.447302 19.667027 20.086325 20.847736 18.768234 16.991903 16.191002 11.21061 6.754657 8.677342 10.415502 10.245095 9.203839 6.266634 4.515046 4.18674 6.913354 7.3560205 4.6940985 6.8949757 8.759285 10.228467 8.608926 6.9557385 10.1333885 15.151069 14.80598 13.41089 10.516042 5.0525374 5.1959205 7.1959577 6.7070003 4.7148514 4.147917 3.9788687 5.7138743 6.597459 6.097133 9.663151 14.574641 14.603385 6.531842 5.468 8.815268 7.588106 12.771846 16.547243 17.94054 25.801336 30.404007 23.802761 8.159281 0.010791567 9.855318 26.239822 31.027225 29.248493
9.949704 11.74583 14.430578 19.074507 21.588346 18.99088 17.154837 15.531926 14.042282 14.644479 13.94148 11.979446 10.345878 8.7983055 8.132387 5.4226933 3.2366767 5.653765 8.246494 7.7082734 3.695581 0.73415977 3.7610343 6.2697215 7.3169503 7.335202 6.9869304 10.6571865 11.565644 10.10277 10.362166 5.840862 3.2658145 3.9743154 6.0528173 7.2165093 6.538797 4.7435083 3.972107 5.939976 5.6590743 3.7970037 6.9763803 13.195169 13.743023 7.14978 5.381526 4.3344965 5.0936136 13.814439 19.194279 21.938786 28.248709 32.712784 20.703543 2.1570954 0.010791567 10.72998 27.466127 33.94952 30.6618
8.202842 6.803127 6.8757877 7.794853 12.373132 13.963942 14.01873 13.857779 15.068247 16.667746 16.239677 12.335772 11.31161 10.657962 8.281348 5.8796973 4.6734223 5.5891113 6.594978 5.8265257 4.0294733 1.8612713 2.0454478 4.173794 5.136871 4.7135415 5.279022 7.757893 7.0002766 6.325232 5.741558 3.1666064 0.8186532 2.3876116 4.439647 6.81438 7.4158454 5.7111673 4.725632 7.1058316 6.676809 4.720395 7.631959 11.983271 10.793827 5.420561 3.6836092 0.65748996 7.052338 16.35032 21.994585 24.318178 30.223034 31.508495 13.653713 0.009966612 1.6185628 13.602707 27.77003 32.415623 28.99555
6.2960186 4.116471 3.5782762 4.9358726 7.5953608 7.468456 9.513653 12.483418 13.697253 17.044159 18.772882 14.342253 12.612377 14.811423 12.390539 7.513995 4.952336 4.8694134 5.2609234 4.685916 3.7680042 4.045496 3.633757 3.7662082 5.046628 4.091179 4.2048135 6.1711807 4.9259734 3.8775477 2.4856462 0.8096708 3.2306235 4.14564 4.3545732 6.060246 8.634651 7.781471 6.199102 7.29191 7.656303 6.7539787 8.384268 9.065074 7.0166736 4.4628477 2.1176872 4.610026 9.91457 18.68306 23.965937 26.542051 32.82694 27.542492 7.232886 0.009966612 4.2873683 14.79018 24.54348 28.141758 27.304815
9.981649 11.763957 12.263849 11.57989 11.085734 7.6631837 5.8493075 7.419372 10.227179 14.979336 19.16094 16.204653 11.960483 13.946966 13.693693 8.327788 5.4618754 6.8727584 7.0111485 5.435271 6.546261 7.920701 6.1784 4.3689327 4.9600973 4.410589 3.8739295 4.3322787 4.4438753 3.0075047 1.2116274 3.349446 5.7819524 7.3068523 7.614471 8.664568 9.088805 7.886354 5.9865193 5.763431 6.7728744 6.6635747 6.1019344 5.6062775 5.7303724 6.100406 6.144033 8.439941 13.710893 22.289907 27.419912 29.990171 32.516407 20.68737 2.1464448 0.010024896 1.6141367 11.857279 22.491945 27.041723 27.39437
13.943294 12.761286 9.900312 9.134982 6.4078326 3.069524 2.1659544 3.9776382 7.093841 11.500647 17.90478 19.387981 16.388662 14.329269 11.179965 6.2947297 3.7700827 5.650942 7.873058 8.926624 10.160488 8.333911 2.8881688 5.215847 3.9187737 2.3545983 3.5648413 3.2590942 2.9430268 3.1139717 5.2025914 7.82412 8.825656 7.952475 8.01498 7.3803096 7.0234857 6.448586 3.3891819 3.7524502 7.0009274 7.8157287 8.758381 7.698947 7.473801 8.0303 10.809524 12.986468 18.418825 26.651896 31.22696 29.508232 25.560211 12.408414 0.010791567 0.010024896 0.010791567 6.1544633 16.340971 22.706755 24.957172
12.985842 12.379651 7.5897546 2.751925 4.401518 2.0619953 1.5416182 2.3120532 5.616321 11.700742 17.596771 19.423645 17.938433 15.370518 12.045497 6.9183197 5.3562756 8.88488 9.021195 7.3639584 8.721828 7.74994 5.9197707 8.375338 4.3253336 2.308198 2.4150002 0.81013274 3.1379263 5.4751444 8.434441 9.889395 8.614839 6.5780864 6.106735 5.4753594 5.7852263 4.871626 0.54928094 3.9787114 7.2284584 8.64644 9.734533 9.54636 8.79823 9.417356 13.120769 18.955572 25.021204 30.424932 30.3408 21.377022 15.454566 8.682168 0.12216291 0.010024896 0.010791567 6.925916 16.396736 16.759607 17.270378
13.369211 14.526669 12.784885 8.525552 6.9599924 6.2839556 2.732087 3.3812132 8.297722 10.968243 11.483387 16.399275 21.177227 20.545177 12.940963 7.3986354 8.804733 9.96653 7.5377126 3.5779142 1.9865798 6.6439238 7.32181 5.2434216 1.2053258 3.3549998 1.9394809 2.5112145 3.698813 6.2621613 9.022688 9.545453 9.27096 8.414559 7.129358 5.9384255 4.1516266 1.4373567 4.593221 4.719254 4.9564314 8.131559 8.44745 9.214397 10.22825 11.052499 17.499697 26.896872 29.87808 29.26009 22.467663 13.753115 15.9216795 15.147267 4.1745644 0.009966612 2.092791 17.498692 23.802969 18.791342 13.433957
9.879471 11.301888 11.30619 7.2979975 3.719826 5.264851 6.5435886 10.292175 13.639925 13.262889 10.622201 13.419217 18.894924 19.697802 14.670329 9.33646 8.672839 9.84539 8.458823 3.6137104 0.5143761 0.51446366 2.3617306 0.010791567 0.89802647 3.2284095 2.1898189 2.4981942 5.569755 7.594832 8.37368 8.6381645 9.0680685 9.622651 9.623791 7.473055 3.20756 3.4203336 5.5289955 4.3998647 4.0008388 5.768506 7.2668586 8.19064 9.88185 14.743991 26.48422 32.922226 28.119612 19.70592 13.869591 14.019222 19.536455 22.678432 11.348538 0.36225253 14.849416 27.268246 23.887068 19.153193 14.555591
8.090045 8.794895 8.71885 7.482581 6.796886 8.613151 10.554289 13.672506 16.568928 18.200617 19.540304 18.39045 15.760676 15.163587 13.565825 11.628324 8.565418 7.4420123 8.10884 6.383987 2.6709635 1.6456672 2.135107 0.16953439 0.60353637 2.3465827 2.0539699 1.9932237 5.8383512 7.9988112 8.553109 8.051454 6.7664905 6.5240297 7.562476 8.165957 7.2805324 5.6378503 4.404378 3.2179046 1.5173707 2.5163848 5.0857406 7.301378 8.322585 20.74615 31.96683 31.45474 20.130024 15.976311 17.311457 18.995338 19.989904 25.985682 17.70822 7.5043783 21.457035 22.01975 18.5969 13.875408 14.077812
11.379171 10.5492325 7.4815955 6.2745214 9.402525 10.695153 11.86592 17.185268 21.921135 21.941463 21.06272 18.493769 13.910312 11.247261 11.569512 9.792836 7.6734233 7.7986574 6.4141006 5.9864917 5.3093123 3.3193376 3.2776115 2.1303968 0.529941 2.320103 1.9799352 0.91708505 4.6669674 8.764927 9.479201 9.391963 6.689217 3.6563716 2.7772243 8.087415 8.621968 5.9097176 5.1352553 2.256362 1.1851842 0.96912825 3.9434073 5.459282 12.195044 23.686693 30.391918 26.235949 17.33476 20.941557 25.436085 27.42497 26.526812 32.61573 19.934464 9.965373 20.415459 20.377419 21.134945 16.485058 13.988049
