samples/calib_dem.asc
ncols        116
nrows        138
xllcorner    345338.872239818913
yllcorner    6752439.873372113332
cellsize     30.000000000000
NODATA_value  -99999
[rows 100 to 119 of 138, columns 44 to 87 of 116]
480.27618408203125 489.3363037109375 498.443756103515625 509.56695556640625 518.427001953125 525.26751708984375 528.75250244140625 527.04864501953125 509.553741455078125 486.15924072265625 481.17645263671875 480.4022216796875 480.0997314453125 482.096649169921875 486.479034423828125 491.54278564453125 497.0205078125 502.94879150390625 511.08074951171875 518.43609619140625 524.22821044921875 526.40948486328125 526.00567626953125 526.41143798828125 529.60888671875 535.8992919921875 547.74151611328125 559.4625244140625 571.5804443359375 583.88604736328125 593.5535888671875 599.73626708984375 605.515625 611.86309814453125 615.22808837890625 615.7425537109375 613.94244384765625 613.15032958984375 614.68353271484375 618.8095703125 624.659912109375 631.815673828125 637.39288330078125 639.50543212890625
471.218048095703125 479.151702880859375 485.963714599609375 495.02191162109375 505.383636474609375 513.06805419921875 516.7005615234375 515.56829833984375 499.099456787109375 478.950927734375 478.699249267578125 479.72021484375 480.21942138671875 484.76715087890625 492.300750732421875 497.625732421875 501.131072998046875 503.9332275390625 509.40185546875 513.0361328125 517.3564453125 521.76959228515625 526.3726806640625 533.4666748046875 539.54669189453125 547.28765869140625 558.08221435546875 566.087158203125 576.05975341796875 586.83135986328125 595.973388671875 602.34954833984375 608.51690673828125 613.93890380859375 617.76141357421875 619.43072509765625 618.94134521484375 619.71002197265625 620.3487548828125 622.65313720703125 625.9774169921875 629.101806640625 632.6275634765625 633.99725341796875
464.95135498046875 469.64129638671875 475.731964111328125 483.794158935546875 493.729888916015625 502.518524169921875 506.54620361328125 504.872802734375 494.610931396484375 480.53424072265625 478.694000244140625 483.541046142578125 487.79541015625 495.48388671875 505.186065673828125 513.1744384765625 513.50860595703125 514.16680908203125 518.10028076171875 524.32806396484375 528.86962890625 533.41119384765625 540.9693603515625 549.73260498046875 554.45062255859375 561.1856689453125 568.44415283203125 575.5540771484375 582.72894287109375 590.872314453125 595.64373779296875 600.33709716796875 607.08258056640625 614.2813720703125 619.35186767578125 621.97222900390625 622.38262939453125 622.81256103515625 624.2767333984375 626.0833740234375 627.3753662109375 628 629.05328369140625 631.06805419921875
463.915771484375 463.802276611328125 467.685272216796875 475.164886474609375 484.281005859375 490.993072509765625 495.01446533203125 493.468841552734375 483.434326171875 474.423187255859375 478.5037841796875 489.74566650390625 499.776702880859375 511.2696533203125 522.67626953125 530.7843017578125 532.05694580078125 530.603515625 533.90325927734375 539.1387939453125 545.5054931640625 551.9232177734375 559.836669921875 566.0482177734375 571.33526611328125 579.36505126953125 586.6162109375 589.61468505859375 591.877197265625 594.00970458984375 595.74761962890625 598.7642822265625 605.90771484375 614.56573486328125 620.1475830078125 622.8121337890625 624.5535888671875 625.7230224609375 627.1744384765625 628.83404541015625 628.910400390625 628.52880859375 628.14105224609375 628.9993896484375
463.6614990234375 460.12713623046875 461.6129150390625 467.098907470703125 474.75360107421875 480.63311767578125 482.263824462890625 478.462890625 472.29266357421875 469.063690185546875 480.38580322265625 496.0494384765625 509.173828125 524.29345703125 539.57305908203125 549.701416015625 551.5069580078125 550.5772705078125 553.75421142578125 556.7958984375 561.10736083984375 567.209228515625 573.5997314453125 580.93603515625 587.18695068359375 594.10589599609375 600.27203369140625 601.91412353515625 600.93017578125 600.3221435546875 600.42230224609375 601.8695068359375 607.32647705078125 614.86737060546875 620.1197509765625 622.91119384765625 627.28326416015625 629.1181640625 630.7069091796875 631.44329833984375 631.13348388671875 630.68475341796875 628.6939697265625 626.87249755859375
461.594085693359375 458.095458984375 458.093292236328125 461.12762451171875 466.353729248046875 470.378387451171875 471.1591796875 469.774688720703125 469.0562744140625 471.302215576171875 485.95013427734375 501.649139404296875 515.2357177734375 532.68377685546875 550.428466796875 561.62921142578125 566.5970458984375 567.49029541015625 568.9808349609375 571.14410400390625 576.38763427734375 581.45556640625 587.17962646484375 592.9605712890625 598.6385498046875 602.87750244140625 607.1876220703125 607.72760009765625 606.545654296875 609.08294677734375 608.76165771484375 608.2376708984375 610.57373046875 616.22698974609375 620.45556640625 623.69476318359375 629.5677490234375 635.16650390625 637.43255615234375 636.44818115234375 634.4351806640625 632.0145263671875 629.0406494140625 625.3929443359375
458.0924072265625 458.090240478515625 458.08807373046875 458.085906982421875 458.981109619140625 461.78997802734375 464.96002197265625 467.43280029296875 471.72662353515625 478.72808837890625 492.06634521484375 505.055908203125 519.35595703125 538.68798828125 556.4327392578125 567.97509765625 575.59869384765625 582.22314453125 583.57928466796875 584.47991943359375 588.20794677734375 591.51190185546875 594.59613037109375 598.6832275390625 603.82061767578125 608.57269287109375 613.01702880859375 615.67987060546875 617.670654296875 617.0616455078125 614.6207275390625 614.5335693359375 616.2855224609375 619.72833251953125 622.54827880859375 624.915283203125 632.25341796875 639.47265625 642.27789306640625 641.54986572265625 636.72381591796875 632.7894287109375 629.40911865234375 624.261962890625
458.087158203125 458.084991455078125 458.08282470703125 458.080657958984375 458.0784912109375 458.076324462890625 462.32208251953125 468.381622314453125 475.45135498046875 485.585662841796875 498.574432373046875 510.89434814453125 525.47308349609375 544.62872314453125 561.53466796875 572.10003662109375 580.763916015625 590.02557373046875 593.9749755859375 595.1700439453125 595.837158203125 596.07073974609375 596.29241943359375 599.1500244140625 604.16558837890625 610.8953857421875 617.57025146484375 624.2034912109375 628.0955810546875 625.3621826171875 621.10833740234375 620.8046875 623.08074951171875 622.75531005859375 623.6036376953125 628.4212646484375 633.37322998046875 638.74212646484375 641.9517822265625 641.58428955078125 637.0906982421875 632.34405517578125 629.61968994140625 624.71868896484375
458.084991455078125 458.07977294921875 458.077606201171875 458.075439453125 458.073272705078125 458.071075439453125 460.378662109375 469.42718505859375 479.454681396484375 491.3746337890625 505.68463134765625 516.9888916015625 529.11273193359375 547.1536865234375 563.4267578125 573.194091796875 581.66973876953125 590.6163330078125 597.17706298828125 600.19122314453125 600.0621337890625 599.14813232421875 598.58990478515625 600.8065185546875 607.44940185546875 615.4132080078125 621.612060546875 628.25726318359375 631.736328125 630.669677734375 626.99810791015625 626.213134765625 626.894287109375 625.7039794921875 628.614501953125 634.9671630859375 638.86798095703125 639.64691162109375 638.15972900390625 638.0628662109375 635.5015869140625 632.43939208984375 629.30694580078125 626.13360595703125
458.08282470703125 458.077606201171875 458.072357177734375 458.0701904296875 458.068023681640625 458.06585693359375 459.4251708984375 470.615264892578125 483.581298828125 496.79620361328125 510.3017578125 519.41180419921875 529.9566650390625 546.3836669921875 561.776611328125 571.4697265625 581.12042236328125 591.5174560546875 598.917236328125 600.87677001953125 600.16400146484375 600.1934814453125 601.98687744140625 607.2886962890625 615.94464111328125 623.26715087890625 626.85760498046875 630.57568359375 634.7662353515625 635.33416748046875 633.48876953125 631.23760986328125 629.80609130859375 628.87335205078125 633.14080810546875 638.9774169921875 640.8133544921875 638.70404052734375 636.5 634.6646728515625 633.54595947265625 632.93310546875 631.153076171875 628.65789794921875
462.571929931640625 458.075439453125 458.0701904296875 458.06494140625 458.062774658203125 458.06060791015625 458.552581787109375 470.7276611328125 485.960418701171875 499.793731689453125 511.521484375 521.05914306640625 531.28643798828125 544.40985107421875 557.8397216796875 569.55145263671875 582.28607177734375 593.3935546875 600.10943603515625 601.52203369140625 600.323974609375 602.33795166015625 605.77142333984375 611.70465087890625 620.1314697265625 625.79461669921875 627.75238037109375 631.47540283203125 634.4130859375 637.2437744140625 638.4825439453125 637.202880859375 635.0634765625 635.1741943359375 637.84033203125 640.5247802734375 640.05780029296875 637.7833251953125 635.77069091796875 634.67742919921875 633.16357421875 631.95751953125 631.2813720703125 629.45416259765625
469.826568603515625 464.7916259765625 460.52777099609375 458.12725830078125 458.05755615234375 458.055389404296875 458.284912109375 470.098663330078125 485.802276611328125 500.177276611328125 511.807891845703125 520.61383056640625 531.06634521484375 542.06671142578125 554.29803466796875 567.2703857421875 580.42974853515625 591.63897705078125 598.20220947265625 601.19293212890625 601.8734130859375 604.38641357421875 607.79217529296875 612.04833984375 618.156494140625 623.3638916015625 626.58636474609375 629.9747314453125 633.3819580078125 636.734619140625 639.7894287109375 641.5093994140625 641.32659912109375 640.8841552734375 640.77276611328125 640.97198486328125 638.385498046875 635.0733642578125 634.25213623046875 634.69012451171875 633.18804931640625 630.9820556640625 629.3397216796875 627.48858642578125
473.2239990234375 470.253173828125 465.602935791015625 461.03851318359375 458.05230712890625 458.050140380859375 458.202911376953125 469.45257568359375 484.223968505859375 500.236175537109375 511.961761474609375 520.28070068359375 530.3094482421875 539.77142333984375 551.19171142578125 564.65289306640625 576.82537841796875 586.8336181640625 596.0416259765625 600.95220947265625 603.21807861328125 606.0921630859375 608.59326171875 611.5389404296875 615.3455810546875 619.54852294921875 623.71905517578125 627.16790771484375 631.47137451171875 635.08209228515625 639.0252685546875 641.4730224609375 642 640.91357421875 639.49957275390625 637.7806396484375 635.488037109375 633.200439453125 633.251220703125 634.025634765625 632.83074951171875 630.0330810546875 627.2431640625 624.62408447265625
474.432464599609375 471.8985595703125 466.916534423828125 462.214935302734375 458.175811767578125 458.044921875 458.063751220703125 466.862213134765625 480.489166259765625 498.901947021484375 512.74200439453125 520.783447265625 528.9390869140625 537.88983154296875 549.56512451171875 563.93060302734375 575.6729736328125 585.4019775390625 596.02008056640625 602.82293701171875 605.46044921875 607.74908447265625 609.18280029296875 611.04833984375 613.9307861328125 617.365966796875 621.4603271484375 624.97283935546875 628.61834716796875 631.3585205078125 634.73846435546875 637.52362060546875 638.61968994140625 638.89093017578125 637.8939208984375 634.38336181640625 631.705810546875 630.4017333984375 631.3394775390625 631.8572998046875 630.00616455078125 627.61395263671875 625.88916015625 623.67510986328125
474.255157470703125 471.172088623046875 466.1065673828125 463.925140380859375 461.592193603515625 458.0396728515625 458.09149169921875 463.2845458984375 474.49652099609375 494.226959228515625 511.55767822265625 519.9249267578125 527.16558837890625 535.60009765625 547.24188232421875 560.3665771484375 572.20562744140625 583.3497314453125 596.4188232421875 603.755859375 606.8763427734375 608.0838623046875 608.42364501953125 609.80999755859375 613.3060302734375 616.45367431640625 618.56884765625 620.85394287109375 622.72283935546875 625.82806396484375 629.03533935546875 631.8826904296875 634.20318603515625 636.51202392578125 634.919921875 630.59307861328125 628.56494140625 626.51580810546875 625.94000244140625 627.66241455078125 627.80120849609375 625.72882080078125 624.09014892578125 623.35772705078125
474.261962890625 471.62823486328125 468.8284912109375 467.219451904296875 464.595367431640625 460.317657470703125 457.3048095703125 459.719024658203125 469.706695556640625 487.532989501953125 505.373046875 516.49993896484375 524.83489990234375 532.6983642578125 543.5677490234375 554.3232421875 565.3807373046875 577.53033447265625 590.1190185546875 599.16510009765625 603.4349365234375 604.60223388671875 604.48223876953125 606.60845947265625 610.00811767578125 612.74847412109375 614.6669921875 615.53570556640625 615.921875 618.552978515625 622.76953125 627.0625 629.45001220703125 630.79962158203125 630.80169677734375 628.79681396484375 626.62872314453125 624.36419677734375 623.29443359375 624.17138671875 626.48370361328125 626.47161865234375 624.33575439453125 623.62445068359375
476.3857421875 474.434600830078125 472.228607177734375 470.034423828125 465.588348388671875 459.791656494140625 455.628143310546875 456.957550048828125 467.855682373046875 482.29364013671875 500.465972900390625 513.33087158203125 522.06024169921875 530.184814453125 539.6192626953125 549.7041015625 559.72259521484375 571.17962646484375 582.017822265625 592.0384521484375 596.1959228515625 596.8336181640625 598.40087890625 602.94683837890625 606.56854248046875 609.61639404296875 612.0418701171875 613.161376953125 613.3106689453125 614.27960205078125 618.0501708984375 621.97601318359375 623.8206787109375 624.836669921875 626.712890625 627.30059814453125 624.885986328125 623.93310546875 622.27984619140625 623.5267333984375 626.0654296875 627.8385009765625 626.68267822265625 625.7965087890625
480.901336669921875 476.20379638671875 472.99609375 471.258087158203125 466.38690185546875 459.642120361328125 455.6229248046875 456.4744873046875 465.78448486328125 478.142822265625 497.2186279296875 511.497314453125 519.6339111328125 527.52545166015625 535.20111083984375 543.8480224609375 552.76104736328125 562.56597900390625 573.2564697265625 583.37799072265625 588.80584716796875 589.302734375 592.64410400390625 598.4111328125 603.29241943359375 607.24481201171875 610.529541015625 612.11614990234375 612.2872314453125 611.90045166015625 614.59417724609375 617.96063232421875 619.8795166015625 620.10162353515625 621.98004150390625 623.08782958984375 621.894775390625 620.8297119140625 620.72015380859375 623.6622314453125 626.27752685546875 627.870361328125 628.7454833984375 627.57086181640625
486.01171875 478.641326904296875 472.833160400390625 471.348785400390625 468.515411376953125 462.363861083984375 456.821533203125 455.615509033203125 461.35968017578125 473.1173095703125 490.735748291015625 505.985870361328125 516.2198486328125 524.041015625 530.9202880859375 536.7388916015625 543.017578125 550.84600830078125 561.58770751953125 572.3084716796875 579.39154052734375 582.62005615234375 586.4171142578125 592.19952392578125 598.2969970703125 602.86566162109375 605.79168701171875 606.7176513671875 607.27850341796875 607.91015625 611.025390625 614.38079833984375 615.4149169921875 616.0792236328125 617.6708984375 617.69256591796875 616.59234619140625 616.8919677734375 620.69085693359375 626.72314453125 628.78594970703125 629.64410400390625 629.41827392578125 627.2725830078125
487.908294677734375 479.17840576171875 470.919097900390625 470.22454833984375 471.48773193359375 466.7471923828125 459.11248779296875 454.638824462890625 457.026336669921875 468.091827392578125 484.224822998046875 497.1019287109375 509.30322265625 518.38531494140625 525.99822998046875 530.15655517578125 534.21466064453125 540.7073974609375 550.15643310546875 560.41302490234375 568.35284423828125 574.3353271484375 578.97381591796875 584.29052734375 589.465576171875 593.2000732421875 594.15716552734375 593.51959228515625 594.59637451171875 598.66656494140625 605.1483154296875 608.75018310546875 609.58062744140625 610.0423583984375 612.39495849609375 612.6651611328125 612.65631103515625 614.3636474609375 621.40667724609375 629.3111572265625 632.0093994140625 631.29779052734375 629.51318359375 626.39068603515625
