samples/calib_slope.asc
ncols    311
nrows    375
xllcorner    347528.8722398189
yllcorner    6714069.873372113
cellsize    30.0
NODATA_value    -1.0
[rows 171 to 189 of 375, columns 0 to 43 of 311]
8.47871314708616 12.260147486012336 14.621143938770764 13.42150913297746 10.759583898850556 10.555380466061173 12.260147486012336 14.24415761739711 14.15548761586253 11.309932474020213 10.388857815469612 11.309932474020213 12.364552990274646 10.176527410054078 8.735690934280582 9.64622531297678 13.42150913297746 16.91651608571675 18.456418645243215 20.155422119735228 19.370844026969944 15.36952380130432 9.462322208025617 7.825525624597575 6.654425046006596 7.594643368591445 6.654425046006596 6.0172848640320336 10.21937711459359 11.795709540896548 7.416536974278209 5.385977098599754 6.853224835121291 8.47871314708616 9.321835749415003 13.640311227766055 19.310287408745566 24.168813435810108 25.34952033151192 17.083143246452856 13.069151942759001 9.736776915732772 8.735690934280582 10.046788047511114
8.47871314708616 11.499465999742789 11.348119585994183 10.759583898850556 9.508656426564368 10.176527410054078 12.04828213833979 12.772578169490428 11.461836902818334 12.260147486012336 13.16632060042364 15.84516718027127 15.179705807856672 15.36952380130432 17.571258778322424 20.607120971804857 24.38870074689113 26.269553396535294 26.880307851328986 29.63417437185607 30.347789794448904 25.363232718381973 19.610609129170935 18.62703081108459 16.69924423399362 15.81919394750014 15.042369244334242 14.066164922222868 15.042369244334248 13.262676008304846 10.999158271052183 9.321835749415003 9.321835749415003 8.159014354942736 10.046788047511114 16.253917058152773 22.37384427402494 25.197913740371355 21.18915910142139 13.515781057664528 10.555380466061173 11.038532615965035 13.036578496913089 18.19662752273151
9.508656426564368 10.555380466061171 10.759583898850556 6.09147800207977 6.91817481667161 9.736776915732772 11.348119585994183 11.348119585994183 10.176527410054078 14.15548761586253 19.610609129170935 22.684823831912848 21.135527342306382 20.99158237694124 21.260377126997216 24.634322367669885 25.635076100950123 24.168813435810108 23.97577371272972 23.674161365449706 25.239401820678914 26.360054096082706 25.14243049054343 23.810592639509235 20.30750022192804 17.66231893216494 16.796238729882134 15.81919394750014 14.506372352544124 12.260147486012336 9.736776915732772 8.104435709194412 8.47871314708616 12.604382648379184 16.527811501531776 19.51118046928032 21.55942138371082 22.862089144234925 18.130932944052343 11.648634944412734 10.678414922779547 16.228736705934203 21.242603631151898 24.168813435810108
9.508656426564368 11.461836902818334 10.555380466061171 6.721369339369456 6.853224835121291 8.735690934280582 11.348119585994183 14.036243467926477 16.601549599020238 21.18915910142139 25.197913740371355 23.567234622032583 23.810592639509235 21.260377126997216 17.775317038209 17.775317038209 15.042369244334248 13.915808695897177 13.069151942759001 13.069151942759001 14.066164922222868 18.370345512861498 21.6115960987222 21.31357434104547 18.64821573021375 16.2287367059342 14.506372352544124 12.364552990274646 10.555380466061171 10.176527410054078 8.104435709194412 8.104435709194412 13.515781057664528 18.64821573021375 18.94158858012096 18.434948822922014 19.12710170142385 20.07880037349212 15.042369244334242 14.302914425322811 19.82702865340817 21.869859308909426 22.813941739617725 23.930893411419156
11.90468811284812 13.036578496913089 10.999158271052183 8.159014354942736 9.462322208025618 12.638224684699054 16.428860704621638 21.33126583595921 24.46133251877165 24.805474401698426 21.611596098722195 16.796238729882134 18.370345512861498 18.174763056324142 15.042369244334242 11.038532615965035 10.759583898850556 10.21937711459359 11.386165083355712 11.795709540896548 10.555380466061171 13.262676008304846 16.453666886955713 17.011979932422005 17.387333467314576 15.896959679954522 12.604382648379184 11.038532615965035 8.582483688827132 7.6530487205434135 8.104435709194412 13.824682316158707 20.99158237694124 20.53277178648843 21.18915910142139 20.43931757325825 20.809718579598222 17.66231893216494 13.42150913297746 21.31357434104547 23.3822424378352 19.51118046928032 20.662644004781907 23.567234622032576
17.456590925928477 18.262020066776483 17.011979932422005 15.42324502154344 17.456590925928477 17.75279016194668 21.260377126997213 24.242444512172103 21.97197083681397 18.174763056324142 13.640311227766055 11.309932474020213 12.225122675735754 16.228736705934203 16.2287367059342 15.042369244334242 14.24415761739711 14.621143938770764 15.42324502154344 13.069151942759001 10.555380466061171 12.225122675735753 13.640311227766055 15.81919394750014 17.03574212804197 17.775317038209 17.775317038209 14.763132623631554 11.461836902818334 7.2338446967252255 11.976725812374069 19.51118046928032 20.809718579598222 20.99158237694124 21.55942138371082 20.846265656650555 21.18915910142139 16.601549599020238 15.179705807856672 21.55942138371082 22.619864948040426 20.07880037349212 22.489134862284534 20.699546585586496
21.680889149080848 22.989767773608857 23.021526638116168 23.397741000263863 22.862089144234925 21.18915910142139 21.33126583595921 20.30750022192805 15.99993592924168 11.499465999742789 9.870926939134984 10.388857815469612 11.461836902818334 15.179705807856672 16.796238729882134 18.456418645243215 17.294448528580087 17.03574212804197 12.772578169490428 9.64622531297678 7.825525624597575 8.582483688827132 8.984876931685683 11.795709540896548 12.604382648379184 13.42150913297746 18.174763056324142 18.541977963997237 14.621143938770764 10.430760195064721 16.428860704621638 19.51118046928032 18.96231828867539 20.07880037349212 18.434948822922014 18.19662752273151 17.775317038209 15.60952586912567 17.387333467314576 20.699546585586496 21.55942138371082 24.805474401698426 22.29097037475897 13.036578496913089
24.38870074689113 24.8479801794304 24.38870074689113 25.14243049054343 23.97577371272972 21.6115960987222 18.541977963997237 17.035742128041974 14.036243467926477 11.348119585994183 10.555380466061173 12.364552990274646 14.036243467926477 13.16632060042364 13.134022306396323 13.262676008304846 13.42150913297746 9.64622531297678 7.594643368591445 6.654425046006596 5.788832299437197 4.857533338413092 4.262693045214654 6.721369339369456 7.416536974278209 8.104435709194412 11.90468811284812 17.775317038209 18.541977963997237 18.520635899770767 19.82702865340817 19.51118046928032 20.07880037349212 19.51118046928032 16.428860704621638 15.99993592924168 17.011979932422005 18.96231828867539 25.635076100950123 25.91570359318582 26.334247846853142 22.619864948040426 14.24415761739711 12.772578169490428
28.987578250072634 29.421439641486938 26.113233272206745 22.29097037475897 19.610609129170935 17.66231893216494 16.453666886955713 15.503408837548553 13.262676008304846 11.348119585994183 12.260147486012336 12.225122675735754 12.260147486012336 9.321835749415003 6.91817481667161 3.931095784160226 3.016961309815993 3.016961309815993 3.931095784160226 4.763641690726177 5.710593137499643 4.857533338413092 4.044691235386269 5.385977098599754 6.379370208442804 7.594643368591445 9.508656426564368 15.179705807856672 20.439317573258243 23.44414611986146 23.628423517864423 23.069045509039658 22.140679470491683 18.96231828867539 17.083143246452856 18.305448954250746 22.140679470491683 27.613098503754813 30.20546681961666 30.103052462896233 25.915703593185818 16.723558006484023 15.84516718027127 20.07880037349212
29.538782259558097 29.421439641486938 25.14243049054343 14.036243467926477 10.759583898850556 11.461836902818334 12.772578169490428 11.795709540896548 10.046788047511114 11.348119585994183 10.678414922779547 6.853224835121291 5.5507182121273235 7.6530487205434135 5.128711509483251 1.9091524329963763 2.1342998941463125 4.044691235386269 5.128711509483251 7.825525624597575 9.508656426564368 8.735690934280582 9.870926939134984 8.735690934280582 9.508656426564368 10.430760195064721 12.772578169490428 16.051123667414398 20.155422119735228 23.021526638116168 25.14243049054343 23.885886734419245 21.18915910142139 18.19662752273151 17.224372940700082 20.662644004781907 26.334247846853142 29.833768779920437 29.538782259558097 28.496793922074417 23.567234622032583 21.6115960987222 23.490416068641593 25.03089023333195
24.862123938667224 23.42869280874541 20.155422119735228 13.42150913297746 6.721369339369456 6.853224835121291 8.47871314708616 7.6530487205434135 8.735690934280582 9.462322208025618 5.5507182121273235 1.9091524329963763 3.016961309815993 6.91817481667161 6.0172848640320336 3.4389123953782974 5.385977098599754 9.368915578454837 12.604382648379184 14.763132623631554 15.84516718027127 15.84516718027127 16.91651608571675 17.083143246452856 15.84516718027127 16.051123667414398 17.842681707487124 18.370345512861498 20.439317573258243 21.6115960987222 20.53277178648843 20.250651404968387 17.5484006137923 16.228736705934203 17.93200256558677 23.021526638116168 29.118936488427924 29.51750907883067 25.486125594093767 21.04572088407583 20.30750022192804 23.195068590140778 23.021526638116168 20.99158237694124
18.96231828867539 16.601549599020238 13.16632060042364 12.225122675735754 11.90468811284812 8.582483688827132 6.09147800207977 5.385977098599754 7.416536974278209 6.379370208442804 2.1342998941463125 0.9548412538721887 1.3502244696996157 4.262693045214654 6.853224835121291 8.530765609948133 13.42150913297746 17.224372940700082 18.94158858012096 17.842681707487124 17.775317038209 20.99158237694124 19.370844026969944 21.135527342306382 19.370844026969944 18.520635899770767 18.370345512861498 18.64821573021375 18.96231828867539 17.93200256558677 16.72355800648402 14.24415761739711 13.069151942759001 15.042369244334248 17.75279016194668 23.750100573474082 27.613098503754813 23.490416068641593 17.224372940700082 13.326469949385988 15.06995574963759 17.03574212804197 17.387333467314576 18.19662752273151
18.434948822922014 15.793169048263966 10.759583898850556 8.735690934280582 12.260147486012336 11.461836902818334 6.721369339369456 5.128711509483251 6.379370208442804 4.262693045214654 2.1342998941463125 0.9548412538721887 1.9091524329963763 4.763641690726177 9.508656426564368 15.60952586912567 20.43931757325825 21.242603631151898 17.775317038209 16.72355800648402 17.5484006137923 19.310287408745566 20.30750022192804 17.93200256558677 17.083143246452856 16.723558006484023 18.370345512861498 18.64821573021375 17.93200256558677 16.051123667414398 13.42150913297746 8.984876931685683 10.999158271052183 13.326469949385988 15.84516718027127 21.242603631151898 23.42869280874541 18.96231828867539 13.42150913297746 11.386165083355712 10.21937711459359 10.046788047511114 13.326469949385988 18.262020066776483
22.862089144234925 19.451200005616776 15.36952380130432 13.640311227766055 11.348119585994183 11.038532615965035 9.321835749415003 6.379370208442804 6.853224835121291 7.416536974278209 6.721369339369456 6.654425046006596 8.104435709194412 11.038532615965035 13.824682316158707 18.19662752273151 18.94158858012096 18.174763056324142 17.03574212804197 18.96231828867539 19.451200005616776 17.775317038209 20.439317573258243 20.250651404968387 21.135527342306382 21.954998832237578 23.397741000263863 21.83567219571615 19.47122063449069 16.723558006484023 11.461836902818334 9.64622531297678 10.759583898850556 10.759583898850556 14.273571375658685 20.07880037349212 19.451200005616776 14.036243467926477 14.15548761586253 11.348119585994187 7.653048720543413 9.508656426564368 14.15548761586253 15.36952380130432
22.07341542334565 19.610609129170935 16.91651608571675 17.66231893216494 17.775317038209 16.228736705934203 13.42150913297746 12.225122675735754 14.036243467926477 14.621143938770764 14.15548761586253 16.723558006484023 17.083143246452856 17.294448528580087 17.03574212804197 16.723558006484023 17.224372940700082 18.64821573021375 22.68482383191284 23.885886734419245 22.40687120493745 21.135527342306382 21.818550314312215 25.915703593185818 27.33604368814356 27.432940772267944 25.363232718381973 20.30750022192804 16.723558006484023 15.06995574963759 12.225122675735754 9.462322208025617 7.2338446967252255 7.825525624597575 14.15548761586253 17.775317038209 14.15548761586253 12.260147486012336 14.273571375658685 13.036578496913089 10.21937711459359 11.038532615965035 15.179705807856672 16.91651608571675
16.796238729882134 14.959246786437891 13.262676008304846 14.763132623631554 18.96231828867539 22.22435314380804 21.41941890898412 23.810592639509235 22.090258704050036 19.74869565807571 18.96231828867539 21.135527342306382 22.765646640754476 21.954998832237578 21.260377126997216 20.53277178648843 21.242603631151898 23.750100573474082 26.577778623734847 26.842795672040804 25.363232718381973 23.567234622032583 22.684823831912848 24.22774531795417 24.242444512172106 22.619864948040426 17.66231893216494 13.42150913297746 11.038532615965035 11.499465999742789 10.759583898850556 6.379370208442804 2.1342998941463125 3.931095784160226 13.640311227766055 16.228736705934203 15.288517970232027 14.763132623631554 17.75279016194668 15.99993592924168 11.795709540896548 12.364552990274646 15.042369244334242 15.896959679954522
9.462322208025617 9.462322208025617 9.64622531297678 12.772578169490428 17.75279016194668 20.43931757325825 21.31357434104547 23.021526638116168 21.135527342306382 17.93200256558677 17.294448528580087 19.18841875693642 21.41941890898412 22.765646640754476 25.239401820678914 25.688903331931808 25.197913740371355 26.113233272206745 26.56505117707799 26.628589703310887 27.432940772267944 24.22774531795417 21.80140948635181 19.310287408745566 19.47122063449069 15.60952586912567 12.604382648379184 9.736776915732772 7.416536974278209 8.47871314708616 8.984876931685683 6.654425046006596 6.09147800207977 5.128711509483251 11.348119585994183 15.288517970232027 17.011979932422005 16.428860704621638 17.456590925928477 18.94158858012096 16.453666886955713 14.066164922222868 11.348119585994187 11.795709540896548
2.698950908923438 3.016961309815993 5.5507182121273235 11.499465999742789 14.621143938770764 13.515781057664528 12.04828213833979 10.21937711459359 10.555380466061171 10.759583898850556 14.24415761739711 17.387333467314576 21.31357434104547 25.889184557134527 29.346331162468683 29.20593224739942 25.889184557134527 24.8479801794304 25.849324896740104 25.67546321497188 22.8781056322946 22.8781056322946 21.260377126997216 19.47122063449069 18.370345512861498 15.503408837548553 13.326469949385988 10.759583898850556 8.582483688827132 9.870926939134984 11.038532615965035 12.772578169490428 10.21937711459359 9.508656426564368 12.604382648379184 15.042369244334248 14.592550602033427 15.81919394750014 17.5484006137923 18.64821573021375 19.451200005616776 16.2287367059342 11.038532615965035 9.462322208025618
6.0172848640320336 4.763641690726178 5.710593137499643 10.176527410054078 12.53638838286113 10.388857815469612 8.582483688827132 7.653048720543413 6.09147800207977 8.735690934280582 15.179705807856672 24.168813435810108 30.806981117105185 33.3982497427651 31.7353754997287 28.855167513744334 25.849324896740104 25.915703593185818 25.955401413885546 20.809718579598222 14.506372352544124 15.922779458176539 17.083143246452856 17.294448528580087 15.99993592924168 15.288517970232027 13.824682316158707 14.15548761586253 15.06995574963759 14.763132623631554 16.527811501531776 16.428860704621638 12.604382648379184 11.348119585994187 13.069151942759001 14.592550602033427 15.42324502154344 16.796238729882134 16.2287367059342 16.72355800648402 19.451200005616776 18.174763056324142 12.638224684699054 10.759583898850556
