samples/calib_slope.asc
ncols    311
nrows    375
xllcorner    347528.8722398189
yllcorner    6714069.873372113
cellsize    30.0
NODATA_value    -1.0
[rows 57 to 75 of 375, columns 0 to 43 of 311]
21.260377126997216 21.260377126997216 22.07341542334565 22.40687120493745 20.07880037349212 18.19662752273151 17.75279016194668 22.619864948040426 31.244175851188178 34.83870551117362 32.31153323742385 27.897311656033175 17.66231893216494 9.870926939134984 13.036578496913089 19.370844026969944 23.42869280874541 20.607120971804857 14.93141717813755 14.302914425322811 18.64821573021375 19.82702865340817 20.097992628721148 20.699546585586496 20.699546585586496 23.490416068641593 23.195068590140778 18.520635899770767 17.294448528580087 18.174763056324142 18.94158858012096 19.310287408745566 17.294448528580087 16.72355800648402 18.64821573021375 17.842681707487124 14.24415761739711 8.582483688827132 3.016961309815993 2.1342998941463125 6.09147800207977 10.21937711459359 12.04828213833979 15.503408837548553
19.610609129170935 18.77467605427877 19.610609129170935 19.451200005616776 20.097992628721148 19.12710170142385 17.66231893216494 22.37384427402494 30.588958163975438 34.753761862720346 32.96351159099253 28.40597188009524 20.99158237694124 19.370844026969944 23.069045509039658 27.505240762859906 26.930191000928776 20.07880037349212 15.793169048263966 13.262676008304846 14.273571375658685 17.5484006137923 15.179705807856672 12.53638838286113 15.922779458176539 24.242444512172106 25.849324896740104 21.135527342306382 18.77467605427877 20.250651404968387 20.43931757325825 17.93200256558677 17.775317038209 18.96231828867539 18.64821573021375 16.2287367059342 9.462322208025617 6.09147800207977 6.09147800207977 2.8624052261117474 3.4389123953782974 8.049466975528398 11.348119585994183 13.824682316158707
22.40687120493745 20.439317573258243 21.260377126997216 20.53277178648843 20.53277178648843 20.699546585586496 19.51118046928032 21.55942138371082 28.888369805687372 34.15444974731139 33.89536963300801 28.665750219765908 22.68482383191284 23.97577371272972 29.854639278457544 30.020661922564646 26.967504073598892 22.29097037475897 21.938008256074177 21.55942138371082 23.765245108071557 21.680889149080848 17.456590925928477 15.793169048263966 20.097992628721148 25.849324896740104 25.915703593185818 21.04572088407583 20.809718579598222 22.619864948040426 21.611596098722195 19.370844026969944 17.75279016194668 15.42324502154344 14.066164922222868 11.386165083355712 8.935631425418535 8.47871314708616 8.47871314708616 6.91817481667161 1.3502244696996157 5.385977098599754 9.321835749415003 14.066164922222868
23.628423517864423 22.22435314380804 20.607120971804857 20.82800310374709 20.699546585586496 20.155422119735228 21.472069143359253 22.37384427402494 25.91570359318582 32.167104228386144 34.74601766541864 30.010334187691758 27.17735741799749 29.88589573021274 32.0579456412382 29.854639278457544 25.849324896740104 25.197913740371355 25.915703593185818 26.628589703310887 26.91773442777563 25.197913740371355 22.862089144234925 21.31357434104547 22.423358559286118 28.002640063185417 23.3822424378352 17.842681707487124 18.62703081108459 21.80140948635181 21.86985930890943 17.93200256558677 12.53638838286113 7.594643368591445 7.2338446967252255 10.046788047511114 9.368915578454837 8.47871314708616 10.176527410054078 8.935631425418535 4.763641690726178 3.4389123953782974 11.461836902818334 15.81919394750014
22.862089144234925 21.83567219571615 18.96231828867539 18.96231828867539 20.809718579598222 20.30750022192805 19.63041481502353 22.140679470491683 24.591248866909307 28.82189836411544 32.63194030642942 29.249259042905386 28.11888767128317 30.568994594623472 29.927479327463576 28.732851681077435 25.197913740371355 26.91773442777563 27.613098503754813 27.613098503754813 26.628589703310887 25.376933525152303 23.97577371272972 23.810592639509235 24.168813435810108 22.813941739617725 16.453666886955713 12.53638838286113 14.066164922222868 21.260377126997216 23.674161365449706 17.93200256558677 11.795709540896548 10.21937711459359 8.935631425418535 7.6530487205434135 8.47871314708616 7.6530487205434135 8.159014354942736 9.462322208025618 8.47871314708616 0.9548412538721887 10.555380466061171 18.520635899770767
21.938008256074177 19.68967329725291 17.75279016194668 18.96231828867539 19.370844026969944 19.82702865340817 18.94158858012096 19.310287408745566 21.242603631151898 25.03089023333195 28.222814437179903 25.67546321497188 24.22774531795417 26.360054096082706 27.226347381898254 25.376933525152303 24.904481044556743 26.880307851328993 27.613098503754813 26.360054096082706 24.168813435810108 23.132182561931252 22.619864948040426 23.810592639509235 22.40687120493745 14.763132623631554 11.90468811284812 11.461836902818334 12.53638838286113 19.370844026969944 21.818550314312215 16.453666886955713 12.260147486012336 10.21937711459359 10.759583898850556 10.21937711459359 8.735690934280582 9.368915578454837 9.462322208025618 8.984876931685683 9.508656426564368 4.044691235386269 9.870926939134984 18.62703081108459
19.51118046928032 16.527811501531776 15.042369244334248 17.387333467314576 18.64821573021375 18.64821573021375 19.451200005616776 17.294448528580087 16.228736705934203 20.43931757325825 23.930893411419156 22.668609279892426 21.86985930890943 23.750100573474082 22.668609279892426 21.611596098722195 24.475819581509896 26.577778623734847 24.46133251877165 22.090258704050036 20.250651404968387 20.53277178648843 19.74869565807571 18.96231828867539 17.594079543115168 14.066164922222868 10.21937711459359 11.90468811284812 14.506372352544124 17.775317038209 17.66231893216494 13.42150913297746 10.999158271052183 9.321835749415003 8.935631425418535 10.046788047511114 9.368915578454837 8.735690934280582 11.386165083355712 14.066164922222868 13.640311227766055 5.5507182121273235 12.260147486012336 19.18841875693642
19.18841875693642 16.91651608571675 14.036243467926477 15.922779458176539 17.571258778322424 16.796238729882134 18.77467605427877 17.93200256558677 14.506372352544124 15.06995574963759 17.083143246452856 18.64821573021375 18.520635899770767 18.174763056324142 17.224372940700082 19.82702865340817 24.168813435810108 23.765245108071557 19.310287408745566 17.03574212804197 18.96231828867539 18.96231828867539 16.72355800648402 13.640311227766055 14.959246786437891 14.959246786437891 13.16632060042364 11.499465999742789 12.225122675735754 14.066164922222868 15.06995574963759 14.273571375658685 13.42150913297746 10.555380466061173 7.416536974278209 8.159014354942736 8.47871314708616 8.735690934280582 12.260147486012336 16.796238729882134 15.042369244334242 6.0172848640320336 9.736776915732772 19.47122063449069
18.77467605427877 18.77467605427877 18.130932944052343 17.387333467314576 15.42324502154344 14.302914425322811 16.69924423399362 16.91651608571675 13.42150913297746 11.90468811284812 10.21937711459359 9.321835749415003 9.508656426564368 10.21937711459359 14.036243467926477 19.63041481502353 21.260377126997213 18.64821573021375 16.228736705934203 18.174763056324142 20.846265656650555 18.370345512861498 15.179705807856672 14.506372352544124 16.051123667414398 15.84516718027127 15.81919394750014 14.302914425322811 10.176527410054078 8.104435709194412 11.461836902818334 12.772578169490428 13.069151942759001 11.499465999742789 8.935631425418535 8.735690934280582 9.462322208025617 11.461836902818334 14.302914425322811 14.959246786437891 13.16632060042364 5.788832299437197 9.462322208025617 19.310287408745566
20.43931757325825 19.310287408745566 18.64821573021375 19.310287408745566 16.527811501531776 13.326469949385988 13.640311227766055 14.959246786437891 13.16632060042364 12.225122675735754 9.736776915732772 4.044691235386269 2.1342998941463125 6.654425046006596 14.506372352544124 19.451200005616776 18.541977963997237 15.179705807856672 15.288517970232027 18.434948822922014 17.775317038209 15.179705807856672 14.15548761586253 16.453666886955713 16.051123667414398 16.723558006484023 15.84516718027127 14.036243467926477 13.134022306396323 10.759583898850556 10.046788047511114 10.555380466061173 9.64622531297678 9.508656426564368 10.430760195064721 11.348119585994187 11.461836902818334 11.648634944412734 11.309932474020213 13.16632060042364 13.262676008304846 6.654425046006596 8.530765609948133 18.520635899770767
19.370844026969944 18.19662752273151 19.310287408745566 21.55942138371082 17.224372940700082 12.04828213833979 10.046788047511114 14.506372352544124 19.74869565807571 20.07880037349212 16.228736705934203 13.134022306396323 10.176527410054078 11.795709540896548 17.594079543115168 20.155422119735228 18.520635899770767 14.506372352544124 13.036578496913089 13.515781057664528 11.348119585994183 8.47871314708616 10.176527410054078 11.795709540896548 12.772578169490428 14.066164922222868 12.53638838286113 11.309932474020213 14.036243467926477 15.84516718027127 15.06995574963759 13.515781057664528 13.326469949385988 11.976725812374069 10.046788047511114 10.176527410054078 11.461836902818334 9.64622531297678 10.430760195064721 13.134022306396323 14.036243467926477 8.104435709194412 7.825525624597575 16.453666886955713
19.82702865340817 18.19662752273151 21.242603631151898 21.954998832237578 14.763132623631554 10.046788047511114 10.678414922779547 18.19662752273151 25.526884054256257 24.691575152551952 18.96231828867539 17.775317038209 16.723558006484023 17.011979932422005 20.607120971804857 21.260377126997216 19.47122063449069 15.922779458176539 13.134022306396323 12.260147486012336 8.530765609948133 5.128711509483251 5.5507182121273235 8.47871314708616 9.368915578454837 9.508656426564368 10.176527410054078 10.555380466061171 12.225122675735754 16.051123667414398 15.179705807856672 13.42150913297746 12.260147486012336 10.21937711459359 8.735690934280582 8.735690934280582 10.176527410054078 11.038532615965035 10.555380466061173 12.53638838286113 16.051123667414398 8.984876931685683 8.735690934280582 17.011979932422005
17.083143246452856 18.64821573021375 22.37384427402494 19.370844026969944 13.326469949385988 11.499465999742789 15.288517970232027 24.74862531519583 30.82665955230447 25.267001648248186 16.228736705934203 13.640311227766055 16.527811501531776 20.001783914715944 22.22435314380804 22.22435314380804 20.607120971804857 17.294448528580087 14.506372352544124 12.225122675735754 10.555380466061173 7.2338446967252255 5.788832299437197 9.508656426564368 10.176527410054078 6.91817481667161 8.735690934280582 10.555380466061171 10.999158271052183 10.555380466061173 9.64622531297678 8.984876931685683 7.416536974278209 7.416536974278209 6.721369339369456 8.159014354942736 10.999158271052183 11.386165083355712 10.555380466061173 12.225122675735754 14.302914425322811 10.555380466061171 6.91817481667161 15.84516718027127
17.93200256558677 19.370844026969944 20.82800310374709 17.775317038209 14.592550602033427 15.84516718027127 23.750100573474082 31.519914374536718 31.993934384330498 20.699546585586496 11.648634944412734 10.678414922779547 17.294448528580087 20.212632236452095 21.135527342306382 21.045720884075834 20.001783914715944 17.842681707487124 14.621143938770764 13.515781057664528 12.260147486012336 10.759583898850556 8.984876931685683 12.225122675735753 12.364552990274646 5.385977098599754 6.654425046006596 7.2338446967252255 7.6530487205434135 4.763641690726178 5.128711509483251 5.128711509483251 6.09147800207977 6.721369339369456 6.721369339369456 8.47871314708616 9.64622531297678 9.462322208025617 9.508656426564368 10.388857815469612 13.134022306396323 12.260147486012336 4.262693045214654 11.348119585994183
16.527811501531776 18.19662752273151 19.310287408745566 17.387333467314576 17.224372940700082 22.423358559286118 28.987578250072634 31.993934384330498 25.267001648248186 15.896959679954522 9.64622531297678 11.795709540896548 18.62703081108459 21.045720884075834 21.954998832237578 19.47122063449069 17.03574212804197 18.19662752273151 15.503408837548553 14.036243467926477 12.772578169490428 12.260147486012336 12.772578169490428 14.066164922222868 13.134022306396323 6.721369339369456 3.016961309815993 3.4389123953782974 3.4389123953782974 3.4389123953782974 4.044691235386269 4.763641690726178 7.416536974278209 6.721369339369456 6.09147800207977 4.262693045214654 6.0172848640320336 8.935631425418535 10.999158271052183 13.42150913297746 15.60952586912567 14.506372352544124 6.0172848640320336 4.262693045214654
15.503408837548553 17.93200256558677 18.541977963997237 19.68967329725291 23.273326481355983 27.432940772267944 28.084099366691156 25.486125594093767 20.07880037349212 15.36952380130432 13.036578496913089 15.81919394750014 20.439317573258243 20.809718579598222 21.31357434104547 20.097992628721148 15.99993592924168 18.96231828867539 18.305448954250746 15.288517970232027 13.824682316158707 13.069151942759001 14.302914425322811 16.051123667414398 14.066164922222868 6.721369339369456 2.1342998941463125 1.9091524329963763 2.8624052261117474 4.262693045214654 4.262693045214654 5.128711509483251 5.5507182121273235 4.763641690726178 2.698950908923438 0.9548412538721887 3.016961309815993 6.379370208442804 9.321835749415003 13.036578496913089 16.601549599020238 16.601549599020238 10.999158271052183 2.8624052261117474
18.174763056324142 19.63041481502353 20.30750022192805 24.168813435810108 26.967504073598892 25.486125594093767 22.619864948040426 22.668609279892426 20.30750022192805 12.53638838286113 13.915808695897173 19.68967329725291 22.29097037475897 21.472069143359253 21.97197083681397 23.021526638116168 17.75279016194668 16.527811501531776 20.155422119735228 18.94158858012096 15.60952586912567 14.302914425322811 14.302914425322811 16.2287367059342 15.60952586912567 8.159014354942736 4.262693045214654 4.044691235386269 4.857533338413092 4.763641690726177 2.8624052261117474 3.931095784160226 6.0172848640320336 3.931095784160226 1.3502244696996157 1.3502244696996157 2.8624052261117474 4.763641690726177 5.788832299437197 8.984876931685683 14.763132623631554 17.03574212804197 13.915808695897177 6.379370208442804
22.40687120493745 20.846265656650555 20.53277178648843 22.668609279892426 23.132182561931252 20.607120971804857 18.77467605427877 20.001783914715944 16.453666886955713 4.262693045214654 10.999158271052183 15.81919394750014 20.30750022192805 21.33126583595921 21.97197083681397 24.38870074689113 21.680889149080848 15.042369244334248 16.601549599020238 21.04572088407583 18.77467605427877 14.066164922222868 13.262676008304846 14.302914425322811 14.621143938770764 10.678414922779547 6.853224835121291 6.721369339369456 7.416536974278209 6.721369339369456 5.5507182121273235 5.5507182121273235 7.416536974278209 7.416536974278209 5.128711509483251 4.262693045214654 4.763641690726178 5.128711509483251 5.788832299437197 7.594643368591445 11.461836902818334 15.60952586912567 14.24415761739711 9.462322208025618
21.86985930890943 21.6115960987222 19.787913812706318 18.62703081108459 18.130932944052343 18.174763056324142 20.846265656650555 22.090258704050036 16.228736705934203 7.6530487205434135 6.0172848640320336 11.348119585994187 15.06995574963759 17.03574212804197 18.174763056324142 21.18915910142139 23.021526638116168 18.64821573021375 16.796238729882134 20.155422119735228 20.30750022192804 15.81919394750014 12.364552990274646 11.309932474020213 10.759583898850556 8.935631425418535 6.721369339369456 7.6530487205434135 8.935631425418535 8.159014354942736 7.2338446967252255 7.2338446967252255 9.736776915732772 8.935631425418535 8.104435709194412 6.379370208442804 6.721369339369456 7.2338446967252255 7.825525624597575 7.825525624597575 10.555380466061173 13.824682316158707 14.763132623631554 11.499465999742789
