samples/calib_slope.asc
ncols    116
nrows    138
xllcorner    345338.8722398189
yllcorner    6752439.873372113
cellsize    30.0
NODATA_value    -99999.0
[rows 81 to 107 of 138, columns 0 to 60 of 116]
11.946236 10.593584 7.629084 8.068171 9.99965 12.870654 18.083372 23.140682 23.397287 18.451796 14.383672 13.815491 13.07633 11.490436 10.917858 7.6055684 7.6116595 7.7299585 6.382406 7.9314613 7.252263 3.4147282 2.8667173 3.1675415 0.64333373 1.7278568 2.2464404 0.9211246 5.108574 8.094514 8.553754 8.00577 7.6080723 5.0780964 1.2891754 7.7479186 10.041911 6.7391667 5.2538548 3.039219 1.4575169 2.6520255 1.6578913 4.710502 13.1450815 19.362776 26.76692 28.188293 23.214043 22.462812 25.715933 25.586273 37.495724 42.030235 20.703283 9.866483 20.912064 24.985987 26.547052 25.739986 19.200287
10.894688 10.25668 9.551407 9.531771 11.355562 17.130743 23.187048 23.413877 18.372969 13.4251995 10.139738 9.598737 12.650746 12.224046 9.235317 6.632099 9.315039 9.565318 8.205201 8.513091 5.670975 1.3589813 3.7982006 3.2525287 0.7385472 1.6945341 1.8525901 1.7530278 4.984516 5.86971 7.8475585 9.328231 8.370287 6.7812276 6.109488 7.114274 11.997299 9.545998 6.4557185 3.948574 1.4802597 0.7186589 2.3005688 5.602273 9.64997 12.337729 19.81796 26.143589 25.660416 22.564146 17.461868 17.074697 39.825607 45.015884 26.073448 0.79877126 15.259526 25.08848 29.519506 28.659767 25.221392
9.457265 8.617149 8.492804 10.446458 13.892277 20.173592 24.108444 19.62309 13.401001 10.544078 9.74472 8.7447 10.203633 11.27021 10.749037 10.279784 11.31349 9.98294 7.928792 6.8625903 3.0458248 0.41777855 3.7101505 3.9819214 1.0487219 2.4262834 1.8130685 2.7930644 5.2023687 6.4389796 7.932536 11.5512085 11.898103 11.737724 10.336962 10.572812 13.615309 12.637259 9.548062 6.2648067 4.822501 5.405913 7.365996 6.7226076 4.6994357 6.917755 11.319946 16.842785 19.519726 17.546257 15.889559 23.506844 36.377403 38.760654 30.412895 15.286391 6.957 22.791397 29.899097 28.210482 25.523682
7.603235 7.260144 8.3245125 12.924756 17.491816 22.853716 21.939844 14.489122 9.798941 9.221386 9.635774 9.237181 8.318306 9.446159 10.934527 10.796525 11.831228 8.369614 5.878693 2.1434834 3.1673741 2.7135997 3.7440445 4.9049706 2.052662 2.729433 4.1882153 3.5759375 7.305242 8.401539 10.569825 13.277994 14.3310175 14.982754 11.446266 13.74748 16.188553 16.661167 14.109807 12.170222 13.055816 15.377534 14.301519 8.175513 5.2179847 5.840202 6.1177897 5.3903837 7.8564405 12.902522 22.661713 29.42943 32.53601 29.642412 26.032387 22.737555 5.316378 20.316038 28.338243 28.505651 24.413223
12.959186 10.239381 10.941067 14.396032 17.628576 21.784107 19.27137 12.05264 8.335737 8.932366 8.676374 8.109046 9.036363 8.82392 6.325023 7.660126 7.185161 3.2889395 0.4131199 2.3286748 4.2029524 5.766548 4.3820925 3.461443 2.3292005 1.9645936 3.4337049 7.245426 9.705787 10.882356 12.3589325 12.264996 15.410643 16.141096 12.277053 14.605769 17.120998 18.88823 18.436491 20.537598 24.866476 21.59928 16.186783 9.96586 8.619883 11.522706 10.971878 8.558418 12.156964 22.251772 28.957571 30.237083 30.92792 30.475874 26.87507 21.593214 6.745362 17.096684 26.738882 28.095621 25.185482
17.939356 16.240517 14.498318 14.762275 16.136387 19.221767 18.496044 11.3130665 7.2877736 8.040139 7.456232 6.769009 8.663816 8.461438 5.7641034 3.6359715 1.2754058 1.6425989 3.5561054 4.277367 4.768211 5.5085254 4.938334 2.6813276 3.6515326 4.0176444 4.52373 8.378693 9.483144 10.569248 9.596568 9.156363 16.3908 18.7161 13.470647 17.222115 21.186047 20.678558 20.40996 24.792967 26.632215 20.828823 15.26393 10.017287 8.366407 10.539069 10.2117 11.951684 16.381653 25.494202 27.896372 26.90095 33.518307 35.41402 26.608686 17.382662 3.9347417 13.505589 23.442574 27.008572 24.891518
16.17103 17.29305 18.565466 19.026901 18.661287 19.297089 16.330061 10.151596 7.0027347 6.7605276 6.628682 7.1790586 7.9538474 8.669822 8.572998 6.909281 4.2043266 5.061683 6.1119046 6.353197 6.0238442 5.4576106 5.7344875 4.44069 7.613698 7.9745593 8.101196 9.5258665 10.977623 9.791032 5.987529 10.41819 19.79022 22.01877 18.141665 17.728716 21.816925 22.176285 20.263115 20.430367 15.101215 21.146898 19.200266 9.5035715 9.47333 11.675862 9.810685 9.610491 17.145267 26.449749 27.343744 30.298784 40.24633 38.34304 22.431028 12.592256 4.9277015 17.198837 24.388754 25.736437 22.165907
12.705421 13.396672 16.896404 20.846416 23.619093 21.897095 15.250977 10.15821 7.016682 4.446077 3.5424566 6.257123 7.7734723 7.077779 7.636694 7.7257795 5.8103075 8.3210745 9.7182455 9.809362 8.521882 6.8306065 6.267398 7.7200484 12.792264 11.191804 13.043144 14.475139 15.438136 12.417329 10.684492 13.338606 23.92228 26.482368 22.239094 15.96044 16.633244 20.938406 19.873096 14.011156 8.534861 17.918978 20.948296 11.6350155 15.561839 15.147807 10.565548 10.530694 22.56474 29.39224 27.306747 34.183056 45.989834 33.888615 17.025904 9.545431 13.976037 22.05916 24.978077 22.9392 19.351833
11.987772 11.6600485 13.135249 19.71557 25.354929 24.622341 18.550508 11.813698 6.2244368 3.4080548 2.6160066 4.2748227 5.9183984 5.2062426 5.425383 5.6158385 6.672097 10.356922 10.315866 9.801899 8.526557 7.7605853 8.101994 14.331301 16.378504 13.542119 14.938001 18.62074 19.026821 16.892536 18.30477 20.73968 26.372665 30.251217 23.218367 19.002596 18.924673 21.231676 21.561283 16.246767 14.22039 15.94762 17.953691 20.114487 21.458565 16.157272 13.722215 14.615971 26.030577 27.593414 23.010714 39.992577 46.047615 20.609486 11.865021 12.379671 18.271862 22.574131 22.768682 23.160631 20.140268
14.124893 15.762841 17.538996 22.385553 27.269796 26.372799 19.28378 10.487077 3.7643232 1.9744123 2.4164855 2.8470323 4.068361 5.2862926 4.22412 3.9223423 8.778055 10.039847 7.8601737 7.061367 7.667557 9.318003 12.674705 19.699743 18.89683 17.596468 18.814457 22.320883 20.610125 20.590942 22.238535 24.908455 29.302324 29.202515 25.754917 21.010162 22.66184 21.542645 20.488466 18.829432 19.061905 18.558935 19.550396 29.142696 24.047987 18.385456 17.695126 15.707147 24.291122 26.120892 29.865118 40.795845 37.033543 13.974548 8.227444 13.732713 19.273762 22.585331 22.33137 24.926394 22.472866
18.905287 18.70877 20.809671 24.27302 27.369484 23.627745 15.210456 5.8580465 0.22620855 0.48896754 1.8845311 2.4483974 3.9900157 5.6374044 4.3150225 5.792612 10.015683 10.226792 8.790987 8.312549 10.039207 13.18423 17.583063 21.52445 20.109077 20.46799 22.954863 24.00654 22.164457 23.188269 22.837107 25.73346 27.956594 27.113295 24.835032 16.961811 19.792732 19.370378 19.273441 17.788267 17.68969 20.482447 28.281784 29.952145 25.35289 22.276808 21.430696 16.739529 21.54296 29.743725 30.820236 32.1283 27.982428 15.595569 4.0932136 14.474352 21.969849 22.197876 21.899376 25.640112 25.329231
20.33969 18.846632 18.292307 21.73083 23.34548 17.566628 9.370628 2.7260056 1.1135443 0.7007977 0.82266885 2.8680782 4.523377 5.85726 6.0755744 7.6425757 11.78719 13.280975 13.129287 13.196929 14.789978 18.525343 21.462975 20.929493 18.034052 18.000101 21.073055 21.393047 21.476429 22.408138 21.196232 22.980602 24.230135 24.423538 19.601076 13.166031 13.378679 17.264755 19.152142 17.465776 16.308716 22.28253 29.239994 26.381498 23.675692 21.330133 21.601675 19.314198 18.307592 26.758759 28.779284 29.255856 24.497293 16.512362 6.776203 9.429328 20.479872 23.722631 24.123999 26.800816 25.465971
19.633377 19.259905 20.017138 22.483168 21.157644 12.814752 3.3342605 3.0221577 2.2098863 1.0672979 1.3725284 3.571452 5.3913655 7.1174817 7.3741703 10.777172 15.3048315 15.013866 14.351295 15.743052 18.407938 20.96275 21.26169 17.98347 14.39595 14.070624 16.828573 17.23989 17.559715 17.055117 18.590645 21.66745 23.730944 21.95074 14.714257 11.670276 6.956143 14.580701 17.766447 18.287603 19.555267 26.595648 26.22384 23.173212 23.869286 19.475416 15.987321 15.09083 11.358815 20.39021 25.201223 26.240105 27.864498 22.333288 9.828785 5.6170106 13.820307 20.037153 23.63298 29.738947 28.361546
20.151058 19.645279 20.841145 23.255615 19.41612 10.201857 6.5072527 5.1378675 5.0722265 5.0467844 5.0934496 6.5416393 7.663198 10.214864 12.489597 16.017231 17.383135 13.88514 12.392863 14.243498 16.788988 16.158474 14.856077 12.929613 11.170142 12.335055 16.51176 17.563988 16.44365 15.369165 18.436459 22.014807 21.485184 15.893991 13.917156 9.723827 6.736353 11.362337 14.967735 19.34387 23.43198 27.366272 25.593863 19.37345 23.861399 22.112951 16.14926 10.857839 3.2267525 17.986065 21.536478 22.474495 31.250748 30.087523 12.971225 4.8249 9.721285 15.158497 18.244894 26.686415 32.992466
18.398289 16.643047 16.353134 20.68976 21.434216 16.82187 14.94655 12.246369 11.408982 11.957882 10.633223 10.8139925 11.95648 15.044894 19.397413 20.30385 17.730646 12.832093 11.372337 10.9682865 10.563677 9.256769 7.3051596 7.773997 8.993043 14.718078 21.13416 20.505297 17.889542 17.81723 19.243402 19.365273 14.752724 10.000417 11.061776 10.642181 10.437717 12.481998 15.342117 20.613111 23.850683 23.552973 20.594223 19.336039 20.851643 25.251787 23.355234 16.845236 5.2307196 14.127758 21.435928 21.096207 31.541368 37.74537 21.336859 3.6579943 6.6219587 12.213528 16.294483 20.63221 30.662397
13.826633 12.601802 12.780084 17.475634 22.232155 20.848888 18.729153 18.116812 17.497421 17.059343 16.366322 16.345161 17.591883 20.23619 22.126408 21.446476 18.149324 14.09523 10.015906 6.45396 5.5565305 6.6785235 7.506046 7.9146886 11.368601 20.774605 24.3469 19.450617 16.963968 17.486845 18.14432 16.032558 12.223696 9.899447 11.342043 12.226446 12.667453 15.659685 18.203327 21.97199 23.29789 20.157919 16.397459 20.485071 21.86849 24.335766 27.511318 24.74744 17.867624 5.0274587 15.03514 17.760668 25.881042 37.169704 28.703722 10.557338 8.1453 10.212547 16.565962 22.438217 28.456314
18.295631 15.958013 14.521999 15.882307 18.443556 17.43715 14.964898 15.498602 15.7545395 17.052076 18.09926 19.038954 20.82649 21.400812 19.652163 18.430258 15.823568 14.057661 8.151826 5.330728 5.7103047 9.140754 11.325881 11.9589405 17.489773 25.955292 23.276659 17.428455 15.909287 16.302252 16.04989 14.413751 14.287513 14.187218 15.310912 14.51959 14.488667 16.150877 17.416166 20.768217 21.588152 18.903595 18.186338 18.85875 24.538626 25.107542 25.902918 26.506817 23.111265 14.686536 6.088886 19.350018 28.395046 27.973988 25.303171 21.120651 11.653931 6.179006 14.64957 21.629736 27.937574
21.69601 20.192371 17.41353 15.6073065 15.587756 13.257338 8.48354 5.8478026 4.7732625 8.924817 11.197921 15.0057955 17.313208 15.817867 13.784889 12.03662 10.205127 9.481221 7.7306256 6.59929 10.575355 14.573632 15.583804 17.422972 23.248451 27.033752 21.62525 19.383083 18.371586 17.19467 16.563395 15.911289 16.471684 17.945404 18.920385 16.76689 15.082469 13.924247 14.735251 17.524117 17.08773 18.23119 19.320848 19.710434 22.388374 26.76447 25.696388 25.02516 24.380987 20.344164 15.626623 23.470484 31.75669 30.89869 27.156845 18.566248 6.7693734 6.2874084 11.370611 14.002473 22.397423
22.93703 22.825203 20.231419 17.640558 16.185337 13.567194 9.207467 8.33151 5.942928 6.664414 5.6463766 10.852122 11.023292 8.276027 6.709333 2.9967487 5.401524 7.622735 3.346143 5.3590317 12.5558605 16.047699 17.03573 21.432291 26.659184 25.90393 24.472315 23.856178 21.23852 20.072075 20.094374 18.938467 17.746773 17.824755 18.558565 15.375028 14.12277 12.540554 14.063123 15.794474 15.777456 18.13375 20.450123 20.167416 21.238905 25.233503 28.058401 26.17666 25.433918 24.37656 22.41177 26.265009 33.38375 35.058765 24.765104 11.965786 2.3462071 5.200841 8.489812 9.303695 13.768038
24.071947 23.956905 21.872574 19.977337 19.160048 18.783743 16.258123 9.814526 6.6855755 9.814885 12.471261 14.431952 10.310422 5.235528 0.06467946 6.6486874 10.82929 10.455307 5.9483995 10.140227 14.486358 15.012613 17.678715 24.129719 26.081358 26.463877 28.974337 24.08689 19.491385 19.468746 20.222628 19.536963 17.156775 13.801133 10.523523 6.6716647 7.3641415 8.428546 11.386385 14.150439 15.063683 15.395995 14.290417 17.92009 21.859886 23.47751 27.945778 29.107246 27.151186 24.96261 23.056234 25.989225 37.916363 32.671524 12.789087 4.467442 1.8338013 6.5645905 10.431532 11.736868 11.713345
26.07255 25.520777 25.030981 23.496704 22.07278 21.725502 16.285261 7.830364 1.4153779 8.708847 16.969212 17.767645 10.855108 3.2036884 5.848921 10.987898 12.63192 9.377298 6.4759116 13.741323 20.06943 17.613754 20.185427 24.72264 24.716618 26.642944 25.827477 17.019909 15.854688 17.359247 17.446873 15.880682 12.658881 5.2625155 3.0025787 9.305795 8.868433 5.333157 8.837004 12.343553 9.689387 8.321802 6.2821183 7.852774 18.882523 22.296421 24.786867 28.273046 27.012299 22.951405 20.427519 25.261028 33.39084 19.427322 2.480233 3.3266406 8.720247 16.727848 20.723413 21.276407 16.395098
23.065857 25.072313 29.859983 28.460697 23.198072 19.776915 16.19036 13.016881 9.606011 16.367567 22.52108 19.343708 11.439067 6.619541 10.188641 12.35079 8.294058 3.2603402 4.318018 13.383278 20.223497 23.341333 25.001032 24.469662 24.173994 25.358631 20.437115 12.18862 16.291002 17.527374 13.58477 6.0069356 6.5656486 13.20192 19.227772 21.024872 17.574247 16.165174 18.391903 21.82457 21.033148 18.840107 17.067905 8.037876 7.862254 17.360146 21.07101 24.068525 25.182991 23.046297 19.979168 22.71456 25.75275 15.4192 2.874933 12.7171955 20.903078 27.848133 30.364256 29.673813 27.28
21.255507 23.229242 28.412941 28.307722 25.269545 24.314142 19.496815 16.361828 17.895824 22.58248 24.99759 19.854227 13.741616 13.131069 14.593772 16.712715 17.640713 16.124987 19.725595 20.149477 21.819077 28.224466 28.006386 24.994812 22.237658 21.096067 19.822039 16.656233 16.228369 13.813488 7.612519 11.033966 21.278606 25.795185 26.399511 22.136726 17.303596 14.86551 16.694464 22.035248 23.458424 21.801619 21.443386 17.539728 6.6463065 9.679309 16.807262 21.422052 22.384272 22.110079 22.136707 25.669853 26.05872 11.754873 14.409147 22.357254 26.821735 31.523508 33.383827 32.150932 32.34661
21.627832 20.985348 24.30236 27.403503 24.952871 25.970446 24.542929 21.517616 25.409115 27.657328 27.708025 23.525192 19.008728 19.469294 19.906778 20.540436 23.902304 27.221394 27.590006 27.776745 29.19233 29.319601 24.930944 23.095976 19.841383 18.577396 19.644178 19.574574 13.091043 6.726693 13.784282 22.287521 26.191568 24.921991 20.175594 16.66108 17.291021 12.430577 11.914803 14.377968 16.606026 19.14404 20.512505 20.076775 13.602544 5.770502 11.179469 17.769066 20.52461 20.085878 21.763367 23.192509 15.976152 8.226128 25.012392 27.438288 28.219427 31.788137 32.092125 28.86432 29.935637
22.272018 21.748472 22.31542 26.002232 25.803595 24.905178 25.412563 24.940151 26.619324 29.812586 31.016993 26.99334 23.439451 23.117702 22.55639 21.456316 22.193727 26.427496 25.301395 25.841318 27.37421 23.117838 20.042187 19.515106 18.578625 20.28966 21.220957 18.347055 10.620212 4.203476 18.62984 26.227118 24.395681 18.551651 12.052452 6.1256866 14.787703 14.669737 11.41134 12.0195265 16.628317 20.071331 22.201895 22.25771 14.684768 3.8618424 4.43116 11.517066 16.948763 17.957716 16.09667 10.600062 1.5552272 17.97208 28.455652 27.051296 28.562605 32.36297 29.174307 22.129774 22.452398
17.78034 18.73544 20.382645 24.329803 25.823431 24.937181 25.453157 23.333021 23.66475 29.690119 32.710903 28.799936 24.315315 22.858295 21.850012 19.538433 17.519571 18.197536 17.846964 17.734758 17.709038 15.413026 16.992292 16.546097 17.575556 20.719843 21.79291 16.427284 7.2565646 6.3901224 20.029001 27.470007 23.728014 15.37427 10.409408 4.766705 7.822332 15.0301075 14.403311 16.272242 18.641262 21.447714 26.627367 24.839764 9.121705 0.010818487 0.010818487 3.0292103 8.5927725 12.842082 9.912369 6.5682178 12.206886 22.500963 25.949146 25.651197 30.36722 32.99259 27.566236 20.001242 18.514378
15.178053 18.780413 20.95835 23.107025 24.159443 23.922909 22.870407 21.77039 23.131405 33.904095 34.949677 29.515278 27.85781 24.679405 21.107311 15.33581 10.365565 8.468822 9.721576 12.304002 12.389467 13.533452 14.21441 13.7092085 16.30659 22.04584 22.17291 13.214969 4.0007777 8.8571615 21.713825 27.341408 21.764404 13.44093 10.69378 10.246636 6.9036417 8.731006 17.760405 21.348942 19.582508 25.134275 31.09022 19.634073 2.2436535 0.010818487 0.010818487 0.010818487 0.8668641 5.3724318 10.6452675 12.480162 17.449724 23.713873 25.594414 26.125448 30.339716 31.689764 25.2889 18.370386 17.50676
