samples/calib_dem.asc
ncols        311
nrows        375
xllcorner    347528.872239818913
yllcorner    6714069.873372113332
cellsize     30.000000000000
NODATA_value -1
[rows 168 to 209 of 375, columns 0 to 94 of 311]
99 101 103 105 107 108 110 111 116 118 117 117 116 116 118 120 120 122 124 127 133 138 143 146 148 149 149 151 155 160 164 166 165 161 158 158 161 166 173 184 193 201 209 217 221 224 226 230 238 244 252 258 260 258 255 254 250 247 246 246 247 248 248 249 248 247 250 256 261 266 271 278 284 286 285 281 274 265 259 253 248 242 237 233 229 226 224 221 215 208 205 204 203 200 197
101 103 106 109 110 113 113 115 118 121 121 122 122 121 123 124 124 123 124 125 128 132 136 138 137 137 138 139 142 149 155 156 156 154 154 158 162 167 174 185 194 201 208 214 220 223 224 231 240 252 261 266 267 265 264 264 262 262 261 261 262 262 263 263 262 261 263 270 274 280 285 289 292 293 291 286 277 268 261 255 251 245 239 234 229 225 222 217 208 200 194 190 187 185 185
105 106 109 112 115 117 119 121 123 125 126 126 125 125 125 125 125 125 125 126 127 129 133 133 133 133 133 133 135 141 146 149 151 153 156 161 166 174 183 195 200 205 210 214 219 222 227 235 246 258 267 271 272 270 269 270 271 273 272 272 272 273 275 276 275 275 278 283 286 291 294 297 299 300 298 291 283 273 265 259 255 249 242 236 231 226 222 213 203 193 183 178 175 173 172
110 112 117 119 120 122 125 129 131 131 131 131 131 129 127 127 129 130 132 131 131 133 135 133 133 133 133 133 135 142 146 148 150 154 158 163 172 182 195 204 207 209 212 215 220 226 231 240 252 264 272 275 276 275 273 274 277 281 280 280 281 283 284 283 282 285 288 292 296 299 302 305 306 308 304 295 286 277 269 262 257 251 244 238 233 229 224 216 204 192 180 172 167 162 160
113 117 123 126 126 127 130 135 138 137 137 138 138 135 134 135 139 143 145 148 148 145 143 141 140 141 140 139 141 147 151 153 155 157 160 165 175 188 201 209 213 214 217 221 227 232 238 246 256 267 274 278 280 281 279 280 284 287 289 288 290 291 292 291 292 294 297 300 305 308 311 313 314 314 309 300 290 281 272 264 258 251 245 239 236 232 228 221 211 196 182 171 163 157 154
114 119 125 130 130 132 135 140 143 144 145 148 147 145 146 149 155 159 162 165 166 161 156 153 151 150 149 148 149 152 156 157 159 161 165 172 181 193 205 212 217 220 224 232 238 243 249 255 262 269 275 282 286 289 289 292 295 299 303 303 303 303 304 304 306 308 312 312 317 321 325 327 327 324 317 308 297 287 276 268 260 253 246 241 238 236 233 226 216 203 187 172 164 158 154
114 119 126 130 133 136 139 144 148 152 158 163 161 158 157 161 166 169 171 174 176 173 170 167 162 160 158 156 156 158 160 161 163 169 174 179 186 196 206 212 221 230 237 244 252 258 263 267 272 277 283 290 295 298 302 306 310 316 320 320 318 317 319 320 321 325 328 329 335 337 340 341 340 336 330 320 309 298 285 274 265 257 249 244 239 237 234 227 217 206 191 174 165 159 155
115 121 127 131 134 139 144 152 159 165 171 174 173 168 165 166 169 173 175 178 181 180 179 175 170 167 164 161 160 162 164 165 171 178 183 188 193 202 207 215 229 238 245 254 263 267 273 279 287 291 297 301 305 308 314 319 325 330 332 331 328 328 331 333 333 336 340 346 353 355 356 355 352 350 342 332 322 311 297 284 273 261 250 245 241 236 232 225 216 206 190 174 163 158 154
118 126 132 135 139 145 151 162 172 177 180 181 180 176 173 172 175 178 182 185 187 187 187 183 179 176 170 167 165 165 168 174 182 188 195 199 204 209 212 220 233 244 253 263 270 273 280 289 295 299 306 312 315 318 323 330 336 341 341 341 341 342 345 345 344 346 353 360 368 373 375 372 368 364 353 342 332 322 308 295 282 267 256 248 242 236 231 224 217 206 192 177 165 158 153
125 135 143 146 150 154 160 169 178 183 185 186 185 184 182 182 183 187 190 191 192 193 193 190 187 184 181 176 172 169 173 181 189 197 204 209 214 218 219 226 236 247 261 269 273 279 289 297 302 305 313 319 323 329 336 343 351 356 357 357 359 361 361 360 360 364 371 376 383 387 387 383 382 379 367 352 341 332 318 305 292 277 266 257 246 237 230 225 219 209 198 183 166 159 153
131 144 155 160 163 166 169 175 182 187 190 192 192 192 191 192 193 195 195 195 195 196 196 194 191 189 188 185 179 176 181 188 195 204 211 216 221 225 229 235 244 256 264 270 277 287 296 304 310 315 320 326 333 342 350 357 366 374 375 374 377 377 377 377 377 386 392 393 398 399 394 389 387 387 379 363 351 340 327 314 301 287 276 264 252 239 231 227 222 214 203 184 165 159 151
133 149 165 173 176 177 178 182 187 192 195 199 200 198 196 196 197 197 198 198 198 198 197 195 193 192 193 193 190 189 191 197 204 211 217 223 230 237 246 251 257 262 267 273 283 292 300 308 318 325 331 341 349 356 363 371 378 384 387 388 388 390 394 395 396 404 407 406 407 406 399 392 389 387 383 370 358 346 332 319 305 292 281 266 254 243 234 228 222 213 201 182 164 156 148
140 155 172 182 184 185 186 189 192 196 201 204 205 201 198 196 196 198 199 200 201 201 199 198 197 197 198 201 201 202 206 210 215 220 225 231 241 252 261 268 271 271 277 285 293 301 309 317 326 337 346 355 363 368 376 385 392 395 396 398 398 401 407 410 412 413 412 408 407 403 396 390 386 384 381 371 360 346 333 319 304 292 282 267 253 244 233 224 216 207 195 178 160 151 145
149 160 173 182 187 189 191 193 195 200 203 205 205 202 198 196 196 200 203 206 208 207 207 204 203 203 206 210 212 214 218 222 225 228 232 239 251 265 276 282 283 285 289 296 302 310 319 327 335 349 360 366 370 376 386 397 405 407 409 414 416 416 419 417 413 411 409 404 400 394 387 383 380 378 374 365 353 341 328 316 301 289 279 265 251 240 228 217 206 197 186 171 156 149 146
157 165 173 179 185 191 194 196 198 202 204 204 204 203 200 199 200 205 211 215 218 218 217 216 214 214 216 220 223 225 227 231 233 236 241 248 262 275 284 290 293 296 300 304 310 321 329 338 349 361 374 383 386 389 400 412 422 425 432 434 431 428 424 415 407 402 399 394 389 382 377 373 370 368 363 354 342 330 320 309 295 285 275 261 247 237 225 210 197 187 176 163 154 149 147
162 168 174 177 183 190 195 197 200 203 204 204 204 204 204 205 209 215 221 224 227 230 228 227 224 223 225 229 232 233 235 236 238 242 247 255 267 279 287 293 298 302 306 313 320 329 339 348 358 370 386 397 402 409 420 433 437 441 440 440 432 424 416 405 396 389 383 379 374 371 367 363 360 357 352 342 330 319 310 300 289 279 268 256 242 233 222 205 190 180 167 155 151 149 149
173 177 180 181 184 189 195 198 201 204 206 205 206 208 210 215 220 225 228 232 236 239 239 235 232 232 235 239 242 242 241 240 243 247 252 260 272 280 287 295 299 303 309 318 325 333 341 349 358 373 392 405 415 428 438 443 446 444 441 434 424 415 405 394 385 378 373 366 363 361 358 354 351 349 343 333 320 311 303 294 283 272 261 250 237 227 215 200 186 176 163 152 149 149 151
186 188 190 191 192 194 199 200 204 209 211 211 212 215 217 222 227 233 238 243 247 249 250 248 247 247 250 252 253 251 247 246 247 249 255 264 274 279 285 292 297 301 308 317 326 333 338 344 355 372 392 410 423 436 443 446 445 441 435 424 415 406 394 382 374 370 364 359 356 352 347 344 342 340 334 323 312 303 295 286 277 265 255 244 233 220 207 195 183 171 160 152 149 150 153
197 198 198 200 203 205 208 210 213 218 221 223 224 226 227 230 235 242 251 257 260 262 263 264 263 263 263 261 260 257 253 250 250 249 254 263 270 273 279 288 293 299 306 315 322 329 337 345 357 372 388 408 426 438 443 444 441 433 425 415 405 395 384 375 368 362 357 353 349 343 338 334 331 327 322 314 303 295 287 277 268 257 249 239 227 214 202 192 179 167 157 152 150 154 156
204 204 204 206 212 218 222 226 227 229 231 234 237 239 240 243 247 254 264 272 275 275 275 275 274 272 269 266 264 261 256 252 249 248 251 257 261 266 273 282 291 299 306 311 317 325 334 344 356 369 384 402 421 435 443 442 434 424 416 406 395 386 377 370 362 355 348 342 337 333 329 325 320 316 311 304 295 289 280 268 258 250 242 233 221 209 199 189 176 164 157 154 154 157 160
207 208 208 211 218 225 230 235 236 237 239 243 247 251 255 258 261 266 275 285 291 289 287 285 284 279 275 270 266 261 256 250 245 244 246 250 254 260 269 278 288 298 305 309 313 321 329 339 350 364 379 397 414 429 440 438 428 416 405 392 384 377 371 364 356 347 337 329 326 323 320 316 312 306 299 293 286 282 272 258 248 240 234 227 218 207 196 185 172 163 159 157 158 161 166
206 207 209 213 219 226 230 235 238 240 245 251 259 267 273 276 275 278 286 296 300 300 298 296 293 286 280 273 265 258 252 244 240 238 239 243 249 258 267 275 284 295 302 305 309 317 325 335 345 358 374 390 408 423 436 435 425 414 399 386 379 372 365 359 351 340 329 321 316 312 309 305 301 295 286 280 274 268 258 249 241 233 226 221 214 203 190 179 167 162 161 160 161 165 172
201 204 208 215 221 225 229 236 240 243 251 266 279 288 291 291 290 293 298 303 306 306 305 303 298 289 282 272 260 252 245 237 233 232 233 238 247 258 265 272 281 290 296 300 304 311 321 332 342 353 368 385 400 418 433 433 424 411 396 385 378 368 361 354 347 337 326 316 307 303 299 296 293 284 274 268 259 249 245 241 234 225 217 211 205 193 182 172 165 162 163 164 165 171 176
198 201 209 216 221 225 231 239 243 250 265 285 297 302 304 303 301 304 306 307 310 310 309 306 299 289 280 269 255 246 238 230 226 225 226 234 247 258 264 269 276 283 290 294 299 307 316 326 336 348 360 378 396 412 423 423 417 405 391 380 371 363 354 346 339 330 321 309 298 294 289 286 280 271 263 254 242 234 233 230 225 217 208 199 191 182 174 168 163 163 166 168 172 178 182
194 200 207 213 219 225 232 239 246 258 275 292 305 309 311 309 309 310 310 311 312 311 309 303 294 285 277 265 253 243 234 226 222 221 223 231 243 254 259 264 270 277 284 289 295 302 309 318 329 340 354 372 389 404 411 412 409 401 386 374 364 356 347 338 331 323 314 303 291 285 277 270 261 251 243 233 223 220 220 217 212 205 197 187 180 174 168 165 163 164 169 173 178 183 188
191 198 203 208 215 222 229 237 245 256 272 289 303 311 314 314 312 312 312 313 313 310 305 299 288 279 270 259 249 241 233 226 221 219 222 228 236 245 250 254 259 266 275 282 290 297 303 312 324 335 347 365 379 393 401 401 398 388 375 364 356 349 340 331 323 313 304 295 285 273 265 255 242 233 225 212 208 206 205 204 200 194 188 180 176 170 166 165 165 168 172 178 182 187 195
183 192 198 203 210 217 224 235 242 249 261 278 293 302 307 310 311 310 310 311 310 305 301 294 281 271 262 253 244 238 232 225 218 216 220 224 229 235 238 241 246 255 266 275 285 294 300 308 319 331 343 357 369 380 388 389 382 370 360 351 343 337 331 324 315 304 295 285 272 259 250 239 228 218 209 202 196 194 194 194 191 186 182 178 177 172 169 168 168 170 177 183 187 192 204
178 187 193 198 205 211 219 229 238 240 246 261 276 285 292 299 304 304 304 303 302 300 296 287 275 262 252 244 237 233 228 221 214 211 215 219 223 226 230 232 237 246 259 269 279 289 296 304 315 326 338 351 359 367 373 372 366 355 345 338 331 326 321 315 305 294 285 274 258 245 235 224 215 207 199 195 191 187 187 187 185 183 183 183 183 181 177 175 173 175 182 190 193 198 210
172 181 187 193 199 204 210 220 229 232 235 243 256 267 277 285 292 295 296 296 295 293 287 279 266 251 239 231 228 227 224 217 210 206 210 213 217 221 225 228 233 240 251 260 271 281 290 298 308 319 333 345 352 356 358 357 354 345 336 328 321 314 308 301 291 281 273 261 244 234 225 215 207 201 199 200 197 193 190 188 188 188 188 190 189 187 183 181 179 182 189 197 200 205 215
163 171 177 182 189 195 202 212 220 223 224 230 240 252 263 270 273 278 283 283 283 280 275 267 255 237 227 223 220 218 216 212 206 202 203 205 209 213 217 221 227 234 241 250 261 274 283 291 300 312 325 337 345 348 349 349 345 337 328 320 312 303 293 283 276 269 259 247 235 227 217 212 211 212 215 215 213 211 206 202 203 204 204 201 197 193 189 189 188 191 199 205 209 213 221
150 156 162 167 173 182 191 199 206 211 215 222 231 240 247 249 251 258 264 266 266 265 261 254 242 226 217 214 209 206 205 205 200 193 191 195 198 201 206 211 219 227 234 242 253 266 277 285 294 306 318 331 339 344 346 345 338 329 321 312 302 291 279 270 264 256 246 238 232 228 222 220 221 222 224 224 223 222 221 218 220 220 218 214 210 207 200 198 200 203 206 210 214 222 234
138 143 146 151 157 167 177 181 187 194 203 207 213 222 229 232 234 240 244 245 245 246 245 239 228 215 206 200 195 193 193 193 190 183 182 185 187 188 193 201 211 223 231 239 249 260 272 282 293 303 313 326 333 340 344 340 331 322 313 303 293 280 268 259 252 246 242 237 235 235 235 234 234 233 234 235 231 228 230 227 227 227 225 223 221 218 212 210 212 213 214 215 220 233 246
127 133 136 136 141 148 155 161 169 178 186 190 197 204 211 215 218 219 219 222 223 224 222 216 210 203 194 186 182 180 181 180 177 175 175 177 179 180 185 195 209 223 233 240 249 262 274 284 293 301 312 324 331 337 340 334 323 314 304 294 285 272 259 251 246 243 245 245 243 246 249 250 250 249 247 246 244 247 245 243 242 238 236 234 232 228 222 220 220 220 220 222 227 240 254
117 124 127 126 128 130 133 143 153 159 164 173 185 193 198 200 201 200 201 201 203 205 203 197 192 187 181 177 172 169 168 167 166 166 169 173 175 178 185 197 213 226 235 241 252 268 282 290 296 304 316 326 332 335 335 328 318 309 299 290 282 268 258 253 251 252 254 256 256 259 259 260 260 258 255 254 256 259 261 261 257 251 247 242 239 236 232 229 228 228 228 229 232 243 256
112 116 118 119 121 121 123 128 134 140 147 161 176 184 187 189 188 188 187 186 186 187 186 182 178 174 170 167 162 159 157 157 156 158 167 174 177 181 187 199 214 228 236 243 253 271 288 295 300 310 322 329 334 334 330 324 317 307 297 288 282 273 266 264 265 266 268 268 268 269 268 268 266 264 264 264 266 267 267 267 265 260 254 247 243 240 238 238 239 239 237 235 236 244 258
108 110 110 111 113 113 116 120 123 130 138 150 162 170 174 177 177 176 175 174 171 170 170 168 165 163 160 156 153 149 148 149 149 154 167 177 182 185 189 199 215 229 237 245 257 273 288 297 304 314 325 331 333 332 327 320 313 304 295 288 283 280 278 278 280 283 285 284 283 281 279 279 277 275 273 272 271 271 270 270 268 265 261 256 250 248 247 249 250 249 247 244 244 250 261
103 105 106 106 107 109 111 113 118 123 130 138 148 158 163 164 165 163 162 162 161 159 158 157 155 154 152 149 145 141 141 144 149 158 173 180 186 190 195 205 220 232 239 246 259 273 286 295 302 312 322 328 331 329 323 316 309 302 295 290 288 287 288 289 291 293 296 297 297 295 292 291 289 286 284 282 280 278 277 274 271 267 266 265 264 262 259 258 258 256 253 254 255 258 265
99 103 106 106 107 109 111 113 115 118 122 129 137 145 148 147 149 148 148 149 150 148 147 146 146 147 146 143 140 137 138 144 152 165 178 185 191 196 204 214 226 235 241 248 259 272 285 294 300 309 318 324 328 327 321 314 309 304 298 295 294 293 295 297 298 299 300 302 304 303 301 301 298 295 293 293 293 290 286 281 277 275 274 275 275 276 274 272 269 264 261 262 263 265 269
98 103 106 107 109 109 110 113 115 117 119 122 127 133 136 137 138 139 140 141 142 142 140 138 139 141 138 136 135 137 140 147 156 171 183 190 197 205 214 224 232 237 244 253 263 275 287 295 301 307 315 320 324 324 320 313 310 307 303 300 300 299 301 304 305 306 308 310 310 308 308 309 305 301 300 302 303 300 295 291 288 284 280 279 280 282 282 281 280 277 276 274 271 269 271
97 102 105 107 109 110 110 112 115 117 117 118 121 126 129 130 131 132 134 135 136 137 136 134 135 136 133 132 134 138 144 154 166 178 190 199 206 215 224 231 236 240 247 261 272 281 289 297 301 305 311 315 320 320 317 313 311 309 307 308 308 309 310 315 319 321 322 321 319 316 314 316 314 311 313 315 314 312 306 301 298 293 288 286 286 285 284 285 286 286 286 285 280 276 277
94 99 102 105 107 108 107 110 113 114 113 114 118 121 122 123 124 126 129 131 133 133 132 131 130 128 128 128 131 139 149 161 174 186 196 206 215 224 230 235 240 244 251 266 279 285 290 296 299 301 305 309 313 314 315 316 316 316 316 317 318 320 323 328 334 337 338 335 334 331 329 332 333 333 335 334 329 325 317 312 310 304 301 299 295 291 290 290 292 292 292 291 289 285 284
89 94 97 99 102 103 103 105 108 109 109 111 114 116 117 119 121 122 127 130 131 130 129 128 126 124 126 125 131 141 151 163 179 190 201 215 225 231 235 239 247 254 263 273 282 286 290 293 294 295 298 302 307 312 317 322 324 326 328 329 329 332 334 339 345 348 349 350 351 350 351 352 354 355 354 350 344 339 333 327 321 316 315 312 308 304 299 298 299 297 296 295 294 294 294
