samples/calib_dem.asc
ncols        116
nrows        138
xllcorner    345338.872239818913
yllcorner    6752439.873372113332
cellsize     30.000000000000
NODATA_value  -99999
[rows 60 to 79 of 138, columns 44 to 87 of 116]
582.18011474609375 571.9566650390625 561.4024658203125 554.19451904296875 547.38385009765625 539.5555419921875 533.7568359375 533.49652099609375 533.49432373046875 533.4921875 533.49432373046875 536.576904296875 542.28570556640625 549.60272216796875 555.55535888671875 568.32232666015625 580.66107177734375 589.09368896484375 595.63885498046875 598.4801025390625 602.39593505859375 609.2216796875 615.7796630859375 620.892822265625 627.56512451171875 632.27862548828125 635.57989501953125 638.422607421875 639 638.143310546875 638.12335205078125 637.7200927734375 636.796142578125 632.9658203125 627.5458984375 621.933837890625 618.0792236328125 615.88250732421875 611.9527587890625 608.580810546875 605.64208984375 601.7896728515625 600.01776123046875 600.0198974609375
577.432861328125 567.21319580078125 557.395751953125 551.42529296875 545.37799072265625 539.052734375 535.0643310546875 533.49432373046875 533.48907470703125 533.4869384765625 533.7452392578125 541.11212158203125 550.2874755859375 560.63519287109375 570.41143798828125 579.93438720703125 587.927978515625 593.55078125 595.6463623046875 597.465576171875 602.162841796875 609.02001953125 616.0767822265625 623.1324462890625 630.64306640625 635.34442138671875 637.94219970703125 638.96612548828125 638.59808349609375 637.60760498046875 638.787841796875 640.55047607421875 639.54351806640625 638.00750732421875 634.69244384765625 626.576171875 619.44647216796875 614.5543212890625 609.8681640625 607.03076171875 603.5872802734375 600.344970703125 600.01251220703125 600.01470947265625
570.4862060546875 561.49932861328125 554.56842041015625 549.634521484375 545.33233642578125 540.79803466796875 537.73681640625 535.9437255859375 534.26739501953125 533.481689453125 537.0938720703125 546.4715576171875 556.9525146484375 566.38287353515625 572.8563232421875 577.93780517578125 583.9290771484375 588.85394287109375 590.80596923828125 593.2789306640625 600.6126708984375 607.135986328125 616.4744873046875 626.91253662109375 636.46319580078125 639.96893310546875 640.34442138671875 638.49505615234375 635.3533935546875 633.61126708984375 636.45062255859375 639.03106689453125 639.8487548828125 639.35699462890625 636.26995849609375 628.869140625 619.8277587890625 612.96697998046875 607.3507080078125 603.99212646484375 600.95953369140625 600.005126953125 600.00726318359375 600.01251220703125
564.34344482421875 558.72119140625 553.8551025390625 550.6439208984375 547.94390869140625 545.13897705078125 541.99078369140625 539.0789794921875 535.73663330078125 531.98089599609375 534.80975341796875 545.885009765625 560.48236083984375 567.837890625 568.7725830078125 571.071044921875 576.27398681640625 581.1634521484375 584.269287109375 589.4808349609375 597.5989990234375 607.56341552734375 616.797607421875 628.98187255859375 637.3931884765625 641.042724609375 638.86822509765625 636.05792236328125 631.259521484375 628.869140625 632.5660400390625 637.72430419921875 638.5914306640625 637.4024658203125 633.7548828125 627.99005126953125 619.86407470703125 612.0347900390625 605.911865234375 600.6431884765625 599.9976806640625 599.9998779296875 600.005126953125 600.0103759765625
565.578369140625 561.891357421875 557.36309814453125 554.8099365234375 554.6708984375 553.18084716796875 549.8900146484375 543.56549072265625 535.95166015625 530.43341064453125 531.76177978515625 543.70654296875 558.97552490234375 564.431640625 563.724609375 564.47711181640625 567.2900390625 572.01361083984375 579.8492431640625 588.02215576171875 597.2078857421875 607.5657958984375 621.095703125 631.57623291015625 637.65447998046875 638.54315185546875 637.39874267578125 635.04132080078125 629.63043212890625 625.51055908203125 628.50274658203125 633.57708740234375 634.96063232421875 633.16571044921875 630.3804931640625 626.375 619.5943603515625 612.700439453125 605.9815673828125 599.99029541015625 599.99249267578125 599.9976806640625 600.0029296875 600.0081787109375
576.75164794921875 573.10675048828125 567.85205078125 564.65081787109375 566.0516357421875 565.16888427734375 559.76629638671875 550.0181884765625 539.07281494140625 530.42816162109375 530.426025390625 540.31219482421875 551.59930419921875 556.56103515625 557.32843017578125 558.78704833984375 562.25201416015625 567.9376220703125 577.22528076171875 588.529296875 598.911865234375 609.962646484375 622.632568359375 630.69970703125 633.4521484375 634.08441162109375 633.51397705078125 631.73236083984375 627.36431884765625 624.2059326171875 623.73480224609375 625.6697998046875 627.02935791015625 625.7730712890625 624.2655029296875 622.97760009765625 619.12249755859375 612.735107421875 605.52740478515625 599.98504638671875 600.15423583984375 600.81866455078125 600.005126953125 600.0103759765625
591.81610107421875 587.3577880859375 581.46246337890625 577.72998046875 578.0369873046875 576.6253662109375 569.8101806640625 557.44781494140625 544.561279296875 534.52874755859375 530.4207763671875 534.53466796875 540.8341064453125 544.857177734375 548.588134765625 553.10223388671875 560.0419921875 568.2413330078125 578.55657958984375 590.21673583984375 600.74578857421875 611.64068603515625 620.38818359375 624.85235595703125 626.41815185546875 626.7327880859375 627.20001220703125 624.18914794921875 620.65966796875 618.35992431640625 616.901123046875 616.75518798828125 617.228515625 615.61309814453125 615.4156494140625 618.15863037109375 616.943359375 612.20733642578125 606.2252197265625 601.30059814453125 599.9776611328125 602.0167236328125 602.5819091796875 602.11181640625
601.2939453125 596.19500732421875 590.72894287109375 585.3209228515625 584.579345703125 583.90045166015625 579.24285888671875 566.954345703125 551.75897216796875 538.392578125 531.428466796875 530.20855712890625 531.8836669921875 533.86102294921875 539.64593505859375 548.902587890625 560.3814697265625 572.35260009765625 582.772705078125 592.5938720703125 603.23748779296875 611.9638671875 617.1724853515625 617.88616943359375 619.4610595703125 622.809814453125 624.65875244140625 619.591064453125 613.53070068359375 609.84246826171875 607.30377197265625 606.90924072265625 606.14208984375 603.598876953125 605.04010009765625 608.86309814453125 610.35821533203125 609.04852294921875 605.36712646484375 600.33734130859375 598.39666748046875 602.26727294921875 607.4173583984375 609.818115234375
604.5655517578125 599.025390625 595.2447509765625 590.9931640625 589.9293212890625 591.3707275390625 587.44207763671875 577.459228515625 562.09710693359375 545.19873046875 535.08905029296875 530.533203125 528.7003173828125 528.7025146484375 536.59368896484375 549.9432373046875 564.40277099609375 578.672607421875 588.23828125 595.92535400390625 604.11773681640625 612.62713623046875 617.42584228515625 615.42529296875 617.296142578125 621.24920654296875 622.265625 618.2706298828125 611.494140625 605.4158935546875 600.792236328125 598.0689697265625 595.46197509765625 592.90228271484375 594.64227294921875 599.48382568359375 602.20111083984375 602.6591796875 600.447998046875 598.24774169921875 598.6748046875 603.9068603515625 612.09295654296875 617.1685791015625
605.2412109375 599.633056640625 598.37353515625 597.81744384765625 598.50799560546875 597.21710205078125 590.70672607421875 582.29180908203125 570.16619873046875 552.18353271484375 539.10186767578125 530.63385009765625 528.695068359375 528.697265625 537.44427490234375 554.83563232421875 570.133056640625 585.70013427734375 595.1307373046875 600.0311279296875 605.39276123046875 611.41607666015625 612.7718505859375 610.76171875 611.86279296875 615.80523681640625 617.54742431640625 616.119140625 611.7431640625 602.76239013671875 595.2835693359375 591.252685546875 587.52734375 584.1328125 584.382080078125 588.6495361328125 595.11871337890625 597.54986572265625 597.302734375 598.24713134765625 601.6273193359375 606.91937255859375 614.462158203125 619.5792236328125
606.89373779296875 600.718505859375 601.03790283203125 603.396484375 604.5078125 600.6053466796875 591.54583740234375 582.7872314453125 572.19140625 553.8658447265625 537.06817626953125 528.68768310546875 528.6898193359375 528.6920166015625 539.11328125 558.16290283203125 574.87542724609375 590.22711181640625 600.51202392578125 605.5263671875 608.061767578125 609.41741943359375 607.90185546875 604.779296875 604.284912109375 609.1029052734375 613.0498046875 612.87677001953125 608.01806640625 598.8343505859375 591.37109375 587.98974609375 582.69647216796875 582.6943359375 582.69647216796875 584.7493896484375 590.72637939453125 594.928955078125 598.3096923828125 604.24908447265625 607.5848388671875 611.7479248046875 615.21636962890625 620.34521484375
609.190673828125 603.22540283203125 603.45452880859375 606.45111083984375 605.99786376953125 601.33599853515625 591.25787353515625 580.62158203125 567.9410400390625 549.75006103515625 530.944580078125 528.68243408203125 528.68463134765625 528.686767578125 539.92938232421875 559.69256591796875 580.17376708984375 594.803466796875 603.04815673828125 606.38409423828125 606.86669921875 605.42657470703125 601.61016845703125 596.6304931640625 596.43878173828125 601.3839111328125 606.06231689453125 606.4931640625 602.11700439453125 594.52691650390625 590.455078125 588.69342041015625 582.69122314453125 582.6890869140625 582.69122314453125 586.66217041015625 591.11590576171875 595.50213623046875 602.06341552734375 610.652587890625 615.78118896484375 615.30426025390625 617.10089111328125 622.1048583984375
609.8072509765625 605.59112548828125 605.67919921875 607.16656494140625 606.0692138671875 599.975341796875 588.86248779296875 576.43341064453125 562.906982421875 543.0743408203125 528.67938232421875 528.67718505859375 528.67938232421875 530.37255859375 542.48834228515625 561.6322021484375 580.580078125 594.55450439453125 600.32196044921875 602.155029296875 600.85968017578125 597.23138427734375 594.7022705078125 590.28277587890625 589.99224853515625 593.5400390625 597.0191650390625 598.45257568359375 595.1251220703125 589.2891845703125 587.44677734375 586.32086181640625 582.8668212890625 582.683837890625 586.31634521484375 589.89617919921875 595.36248779296875 600.26666259765625 607.53851318359375 617.96734619140625 621.6790771484375 618.91363525390625 618.83648681640625 622.4208984375
609.5792236328125 607.1463623046875 606.9814453125 605.8836669921875 604.1585693359375 597.62457275390625 585.50360107421875 572.78076171875 557.50579833984375 536.2867431640625 528.67413330078125 528.6719970703125 528.67413330078125 533.17010498046875 544.51580810546875 560.49151611328125 575.4996337890625 588.421875 593.5162353515625 594.60125732421875 591.0928955078125 586.7596435546875 586.91802978515625 585.18316650390625 584.497314453125 586.2501220703125 588.5743408203125 589.7708740234375 587.64593505859375 583.309326171875 582.6051025390625 582.5550537109375 581.4842529296875 584.539794921875 592.24237060546875 598.61309814453125 604.29144287109375 608.83111572265625 615.46099853515625 623.3406982421875 625.6563720703125 622.1546630859375 623.013916015625 624.38653564453125
610.82806396484375 609.48748779296875 607.50347900390625 603.2374267578125 599.60601806640625 591.99786376953125 579.16058349609375 565.741455078125 550.0057373046875 530.91552734375 528.66888427734375 528.666748046875 528.66888427734375 530.35748291015625 540.433349609375 553.26690673828125 567.18878173828125 579.24737548828125 584.3790283203125 584.89752197265625 580.89569091796875 577.25274658203125 578.330810546875 578.9554443359375 579.5115966796875 580.61456298828125 581.59844970703125 581.39996337890625 579.59429931640625 579.6719970703125 580.32391357421875 580.3492431640625 581.5572509765625 588.6201171875 600.22796630859375 609.29058837890625 613.50225830078125 617.01324462890625 621.284912109375 627.4158935546875 628.02581787109375 628.724609375 629.27679443359375 630.6248779296875
614.1207275390625 612.62982177734375 608.61016845703125 601.77398681640625 594.77996826171875 583.95269775390625 568.78466796875 554.0980224609375 541.69146728515625 528.66583251953125 528.66363525390625 528.6614990234375 528.66363525390625 528.66583251953125 534.906982421875 545.58734130859375 558.416748046875 569.6448974609375 575.2423095703125 575.25897216796875 571.5467529296875 569.45355224609375 570.9005126953125 572.92919921875 575.60699462890625 578.038330078125 579.26123046875 579.2664794921875 579.271728515625 579.27691650390625 580.60272216796875 580.331298828125 582.928955078125 589.78729248046875 604.5703125 614.63671875 619.671630859375 622.52764892578125 627.38543701171875 633.28497314453125 633.6734619140625 632.6903076171875 631.4901123046875 630.59716796875
618.03106689453125 615.9129638671875 611.16265869140625 602.79840087890625 590.56988525390625 576.79644775390625 558.3782958984375 545.26983642578125 536.71429443359375 528.78375244140625 528.658447265625 528.65625 528.658447265625 528.66058349609375 535.62353515625 544.45526123046875 553.01214599609375 562.8624267578125 567.661376953125 567.5560302734375 565.2080078125 565.027099609375 567.24749755859375 571.1651611328125 576.7060546875 580.3411865234375 581.59130859375 580.25543212890625 579.27386474609375 580.058837890625 581.5146484375 581.59332275390625 582.6263427734375 589.654052734375 600.50030517578125 610.9620361328125 619.10992431640625 622.75335693359375 627.3817138671875 632.22100830078125 633.88079833984375 632.80242919921875 629.77264404296875 628.42413330078125
622.47967529296875 619.8311767578125 613.468017578125 600.9915771484375 584.37774658203125 569.62298583984375 553.31268310546875 545.02813720703125 539.853271484375 533.03033447265625 528.6531982421875 528.6510009765625 528.6531982421875 530.81231689453125 542.79595947265625 550.498779296875 555.392822265625 560.9090576171875 564.04638671875 565.01446533203125 565.01971435546875 565.139892578125 567.2198486328125 574.16363525390625 581.61614990234375 584.86572265625 583.7783203125 581.802490234375 580.55828857421875 581.73504638671875 583.2169189453125 583.5076904296875 584.449951171875 588.21368408203125 595.20355224609375 603.95806884765625 611.7425537109375 617.7386474609375 624.095703125 628.7510986328125 630.3450927734375 627.6956787109375 625.15008544921875 623.706298828125
627.8843994140625 623.406005859375 612.8785400390625 593.8494873046875 576.27789306640625 563.95263671875 555.0941162109375 551.14385986328125 548.9212646484375 540.54693603515625 528.64794921875 528.64581298828125 529.02716064453125 541.22296142578125 553.3135986328125 560.52117919921875 562.862060546875 563.714111328125 565.81396484375 568.76416015625 570.799560546875 570.93377685546875 573.483642578125 580.7445068359375 588.491943359375 590.40130615234375 587.3873291015625 584.06683349609375 584.1199951171875 585.32318115234375 588.1336669921875 588.50152587890625 590.760498046875 592.19232177734375 596.887939453125 601.3463134765625 606.21881103515625 613.15081787109375 621.49578857421875 626.5201416015625 626.731201171875 622.7476806640625 618.69781494140625 617.47552490234375
631.70831298828125 624.7451171875 608.98699951171875 587.9677734375 572.79150390625 566.0074462890625 560.75653076171875 558.6783447265625 558.3187255859375 547.78155517578125 530.4901123046875 528.64056396484375 538.3939208984375 549.9591064453125 561.062255859375 569.02178955078125 570.64129638671875 571.50189208984375 573.146240234375 576.72125244140625 580.00177001953125 580.39739990234375 583.6126708984375 590.18670654296875 596.703857421875 597.99737548828125 594.9569091796875 591.69403076171875 590.82183837890625 593.27032470703125 597.42401123046875 600.75384521484375 604.23736572265625 605.9619140625 604.99609375 604.2734375 605.58935546875 611.38385009765625 618.88555908203125 624.30426025390625 624.54364013671875 618.14080810546875 612.50384521484375 609.86016845703125
