samples/calib_catcha.asc
ncols        116
nrows        138
xllcorner    345338.872239999997
yllcorner    6752439.873370000161
cellsize     30.000000000000
NODATA_value  -99999
[rows 38 to 75 of 138, columns 0 to 84 of 116]
1800 900 2700 2700 11700 1800 900 900 1800 8100 2700 1800 4500 5400 43200 60300 62100 63000 63900 64800 153900 2700 3600 2700 3600 2700 900 8100 2700 2700 900 900 900 1800 900 1800 1800 2700 3600 4500 5400 8100 783000 3600 900 4500 1800 900 900 1800 2700 2700 1800 2700 1800 513900 5400 3600 900 900 4500 3600 5400 7200 3600 9000 1800 900 900 1800 1800 900 2700 900 6300 4500 8100 2700 121500 1800 900 900 1800 4500 25200
2700 900 1800 1800 1800 9000 900 900 900 1800 27900 28800 29700 36900 900 900 1800 2700 18900 69300 1800 900 1800 1800 2700 1800 900 6300 1800 900 900 900 900 900 900 900 1800 900 1800 2700 140400 900 9900 797400 1800 7200 1800 900 900 1800 2700 3600 3600 5400 2700 522900 2700 1800 900 900 6300 9900 8100 4500 9900 900 900 900 900 3600 2700 900 1800 3600 1800 7200 20700 125100 2700 900 1800 2700 5400 26100 900
1800 1800 900 900 900 900 7200 900 900 5400 9000 2700 6300 2700 7200 9900 12600 15300 1800 47700 900 900 900 900 1800 900 1800 3600 900 900 900 900 1800 4500 900 900 129600 131400 132300 136800 5400 154800 900 900 798300 9900 3600 1800 900 900 3600 3600 8100 9000 527400 3600 1800 900 900 900 8100 18900 5400 10800 1800 1800 1800 900 1800 4500 4500 900 900 2700 7200 9900 31500 143100 17100 12600 9900 6300 27000 900 12600
900 900 900 900 1800 4500 6300 900 3600 3600 4500 1800 2700 1800 3600 1800 1800 1800 900 4500 41400 900 900 900 900 900 1800 900 900 900 1800 1800 3600 4500 27000 128700 900 1800 3600 4500 8100 900 161100 165600 167400 799200 14400 3600 900 900 900 4500 12600 539100 1800 900 900 900 900 1800 9900 19800 17100 2700 2700 2700 900 1800 2700 5400 6300 900 900 1800 900 1800 175500 900 115200 114300 113400 112500 84600 82800 63000
900 900 900 900 900 1800 900 900 900 1800 3600 900 1800 900 2700 900 900 900 1800 1800 1800 37800 1800 1800 900 900 900 1800 2700 4500 1800 2700 900 17100 63000 36900 900 900 3600 5400 1800 900 3600 2700 2700 172800 987300 900 6300 900 900 1800 558900 2700 1800 900 900 900 1800 1800 12600 20700 20700 3600 3600 1800 900 2700 3600 6300 8100 900 1800 900 2700 302400 124200 122400 6300 5400 4500 3600 2700 1800 6300
1800 900 900 1800 1800 900 900 900 900 900 1800 900 900 1800 1800 2700 3600 900 900 900 16200 34200 7200 1800 900 900 900 1800 2700 3600 9000 14400 15300 62100 31500 900 3600 2700 2700 1800 900 2700 1800 1800 1800 900 4500 993600 7200 2700 900 900 565200 2700 1800 900 900 1800 1800 4500 13500 42300 447300 442800 5400 2700 900 3600 22500 11700 2700 900 2700 310500 308700 2700 1800 900 33300 28800 20700 19800 18900 18000 900
2700 900 900 1800 4500 1800 1800 2700 2700 1800 900 900 900 900 900 4500 6300 10800 11700 15300 2700 3600 3600 2700 900 900 2700 3600 4500 5400 11700 59400 61200 24300 6300 900 2700 1800 1800 900 1800 900 900 900 900 1800 900 900 1001700 3600 3600 900 567900 1800 900 900 900 1800 2700 7200 507600 450900 2700 900 432900 430200 423000 413100 389700 380700 379800 376200 373500 58500 57600 56700 55800 54900 16200 3600 7200 5400 2700 900 17100
900 900 900 1800 7200 2700 2700 9900 3600 2700 1800 900 900 1800 2700 900 900 1800 900 1800 1800 2700 1800 900 900 900 900 1800 2700 5400 42300 4500 900 23400 2700 1800 1800 900 900 900 900 1800 2700 3600 4500 5400 6300 8100 1002600 8100 2700 900 568800 1800 900 900 1800 1800 5400 522000 6300 5400 2700 900 1800 2700 3600 5400 6300 1800 2700 1800 900 900 900 4500 3600 2700 1800 15300 2700 900 1800 900 5400
1800 1800 900 3600 8100 24300 18000 7200 6300 4500 1800 900 900 900 900 900 900 2700 900 900 900 900 900 900 900 900 1800 900 1800 25200 16200 3600 900 5400 16200 1800 900 900 900 900 900 900 1800 2700 3600 30600 900 900 1019700 4500 900 900 1800 573300 900 1800 2700 2700 528300 2700 1800 900 1800 1800 900 1800 2700 4500 5400 900 1800 900 900 900 7200 900 4500 2700 1800 900 14400 1800 900 900 1800
2700 2700 72900 71100 64800 28800 6300 2700 1800 900 1800 900 900 1800 1800 1800 2700 4500 900 900 900 900 1800 900 900 2700 4500 2700 24300 12600 2700 2700 900 3600 13500 1800 900 900 900 1800 1800 3600 4500 22500 26100 2700 35100 900 1026000 3600 900 900 1800 2700 577800 2700 3600 3600 529200 6300 2700 1800 900 900 900 900 1800 3600 3600 900 900 1800 900 3600 8100 18000 6300 3600 1800 900 9000 4500 3600 1800 900
81900 78300 900 1800 2700 2700 18900 2700 900 900 900 900 900 1800 2700 2700 5400 6300 1800 1800 1800 2700 1800 900 900 2700 5400 20700 4500 7200 1800 1800 2700 5400 6300 900 900 900 2700 8100 11700 13500 17100 2700 1800 3600 4500 36900 1031400 900 1800 900 2700 3600 585000 900 8100 900 564300 27900 19800 15300 5400 4500 3600 2700 900 2700 1800 900 900 900 3600 8100 31500 4500 5400 5400 2700 900 4500 3600 1800 900 900
6300 3600 3600 900 1800 1800 9900 8100 900 1800 1800 900 900 1800 4500 10800 6300 9000 2700 2700 3600 2700 1800 900 900 1800 3600 6300 3600 6300 900 900 1800 4500 4500 900 900 2700 3600 900 900 2700 1800 900 2700 2700 7200 49500 1033200 900 900 1800 900 1800 587700 1800 9900 573300 8100 3600 3600 3600 9000 3600 2700 1800 1800 900 900 900 900 900 1800 2700 46800 3600 3600 4500 4500 1800 1800 1800 900 900 900
1800 1800 2700 2700 900 900 3600 5400 7200 5400 900 900 1800 1800 900 900 18000 12600 3600 8100 3600 2700 1800 900 900 900 1800 5400 2700 2700 2700 900 1800 1800 2700 900 900 900 900 900 900 900 900 1800 1800 2700 3600 900 1084500 900 900 900 1800 2700 591300 12600 581400 7200 3600 3600 2700 2700 2700 4500 1800 900 900 900 900 900 900 1800 2700 900 54000 3600 2700 2700 3600 3600 900 900 900 900 1800
900 900 900 1800 1800 900 1800 2700 1800 900 900 900 1800 2700 2700 2700 18900 26100 9000 900 3600 2700 900 1800 900 900 900 3600 1800 1800 1800 900 900 900 900 900 900 900 1800 2700 900 900 900 900 1800 1800 3600 900 1086300 900 900 900 900 1800 594000 598500 3600 3600 2700 2700 2700 1800 1800 1800 1800 900 900 900 900 1800 1800 1800 3600 56700 900 2700 2700 1800 1800 2700 2700 1800 900 900 900
3600 2700 1800 900 900 900 900 1800 900 900 900 1800 3600 6300 12600 22500 27000 7200 6300 4500 3600 6300 4500 1800 900 900 1800 900 900 900 900 900 900 900 900 900 1800 1800 5400 3600 1800 1800 900 900 900 900 900 5400 1088100 3600 900 900 2700 3600 1202400 5400 2700 2700 2700 1800 1800 1800 900 900 900 1800 900 900 1800 1800 4500 2700 61200 12600 1800 900 1800 1800 900 900 1800 900 900 900 1800
3600 2700 1800 900 900 900 900 900 900 900 1800 1800 900 1800 37800 27900 53100 45000 44100 43200 27900 11700 5400 4500 3600 1800 900 900 900 900 900 900 1800 1800 1800 1800 1800 2700 3600 13500 2700 3600 900 900 900 900 1800 2700 6300 1092600 900 900 900 900 1205100 1800 1800 1800 1800 1800 900 900 900 900 900 2700 1800 900 3600 2700 5400 64800 18900 2700 9900 5400 1800 900 900 1800 2700 1800 900 900 1800
4500 3600 2700 1800 1800 900 900 900 1800 1800 1800 2700 2700 900 141300 74700 15300 12600 8100 1800 10800 9000 5400 4500 3600 1800 900 900 900 1800 1800 1800 1800 2700 2700 2700 2700 2700 900 900 14400 7200 1800 1800 900 1800 900 4500 3600 7200 1096200 900 1800 1208700 1800 900 900 900 900 900 900 900 900 1800 900 4500 2700 1800 4500 3600 100800 29700 900 2700 1800 3600 2700 900 900 900 1800 6300 900 900 1800
5400 4500 3600 2700 1800 900 900 1800 1800 2700 2700 8100 146700 142200 900 5400 1800 3600 3600 1800 900 9900 8100 3600 1800 900 900 900 1800 1800 2700 2700 2700 2700 3600 3600 3600 6300 1800 900 1800 22500 2700 2700 900 1800 2700 900 6300 4500 1105200 900 1211400 3600 2700 1800 900 900 900 900 900 900 2700 2700 1800 900 8100 2700 124200 118800 12600 2700 9000 2700 1800 900 2700 1800 900 1800 2700 9900 900 900 1800
4500 1800 900 900 2700 1800 1800 900 2700 2700 3600 12600 153000 5400 900 4500 900 2700 1800 900 900 9000 1800 1800 900 900 900 1800 1800 2700 2700 3600 3600 3600 3600 8100 4500 7200 2700 900 1800 2700 26100 3600 1800 900 2700 3600 4500 7200 1110600 900 1217700 1800 900 900 1800 900 900 2700 1800 1800 3600 3600 2700 1800 148500 136800 8100 900 6300 2700 1800 5400 1800 900 1800 900 900 1800 2700 3600 11700 900 1800
900 900 900 1800 3600 900 4500 900 4500 900 3600 174600 4500 2700 2700 1800 1800 900 900 900 900 5400 1800 900 900 900 900 1800 2700 2700 3600 3600 4500 4500 4500 17100 22500 8100 900 4500 250200 255600 260100 290700 2700 1800 900 900 2700 5400 1118700 1220400 900 900 900 900 3600 1800 1800 3600 2700 2700 4500 175500 171000 161100 8100 3600 3600 3600 2700 2700 1800 900 4500 900 900 900 1800 2700 3600 7200 11700 24300 1800
900 900 2700 2700 900 4500 1800 5400 1800 6300 900 176400 900 900 1800 1800 900 900 900 900 900 2700 900 900 900 900 1800 1800 2700 3600 3600 4500 4500 9900 193500 200700 205200 230400 239400 244800 2700 900 1800 3600 295200 3600 3600 900 900 4500 1129500 1221300 1800 900 900 2700 4500 2700 2700 4500 194400 188100 180900 900 4500 900 2700 7200 2700 2700 2700 1800 1800 900 2700 900 3600 4500 5400 6300 7200 8100 9000 9900 35100
900 900 900 4500 3600 1800 7200 6300 900 254700 244800 3600 2700 1800 900 900 900 1800 1800 900 2700 1800 1800 900 900 1800 1800 2700 2700 3600 4500 4500 9900 178200 3600 6300 3600 1800 1800 1800 1800 900 900 900 1800 297900 4500 4500 900 312300 1442700 1222200 4500 900 1800 3600 220500 212400 211500 200700 1800 1800 1800 1800 1800 1800 1800 3600 2700 1800 1800 1800 900 900 1800 2700 900 2700 5400 6300 7200 8100 9000 900 1800
1800 900 900 900 5400 4500 14400 7200 258300 1800 900 63000 6300 5400 1800 900 900 12600 9900 6300 2700 900 900 900 900 1800 2700 2700 6300 9900 14400 159300 164700 2700 2700 1800 2700 900 900 900 900 900 900 900 1800 900 299700 305100 310500 900 8100 1451700 1227600 900 233100 226800 1800 900 2700 1800 1800 900 900 900 900 900 900 900 2700 1800 900 900 900 900 900 900 900 1800 1800 3600 4500 900 900 9900 900
1800 900 900 1800 1800 8100 287100 271800 2700 900 900 55800 1800 900 2700 1800 900 18000 4500 3600 1800 900 900 900 1800 1800 2700 3600 900 900 139500 2700 1800 1800 1800 900 900 900 900 900 900 900 1800 1800 900 2700 3600 4500 5400 6300 212400 225900 2906100 236700 1800 900 3600 1800 900 900 900 900 900 900 5400 4500 3600 2700 1800 1800 900 900 900 900 900 900 900 900 900 900 1800 7200 1800 1800 10800
1800 900 900 2700 5400 301500 1800 1800 900 900 900 53100 43200 3600 2700 1800 25200 6300 3600 1800 900 900 900 1800 1800 2700 2700 3600 4500 136800 900 1800 900 900 900 900 900 900 900 1800 1800 1800 1800 2700 2700 4500 5400 6300 109800 211500 9900 2700 900 3143700 4500 3600 1800 900 900 900 900 900 2700 6300 900 3600 2700 1800 900 900 900 900 1800 3600 1800 900 900 900 900 1800 2700 3600 11700 2700 2700
1800 900 900 900 1800 305100 900 900 900 900 900 7200 2700 38700 35100 32400 4500 1800 1800 900 900 900 900 1800 2700 2700 3600 3600 109800 20700 1800 900 900 900 900 900 1800 1800 1800 1800 2700 2700 2700 5400 86400 90000 95400 102600 100800 9000 1800 900 1800 3151800 1800 900 900 900 900 2700 1800 3600 7200 11700 9900 5400 4500 3600 1800 900 900 1800 3600 8100 1800 900 900 1800 1800 2700 3600 4500 5400 20700 158400
1800 900 900 1800 2700 306000 900 900 3600 1800 900 1800 1800 1800 2700 1800 1800 1800 900 900 900 900 1800 1800 2700 3600 10800 56700 45000 18000 1800 900 900 1800 3600 5400 7200 9900 12600 45900 59400 63000 69300 77400 2700 4500 6300 99900 6300 1800 900 2700 3600 3158100 1800 900 900 900 1800 3600 6300 8100 17100 4500 3600 2700 1800 900 900 900 900 900 900 15300 1800 900 900 1800 2700 900 1800 2700 3600 183600 503100
900 1800 1800 2700 3600 307800 1800 8100 3600 2700 900 900 900 900 900 900 900 900 900 900 900 1800 1800 4500 7200 3600 45000 26100 18000 15300 1800 900 900 2700 4500 7200 10800 26100 30600 4500 6300 2700 3600 3600 1800 3600 5400 99000 5400 900 1800 2700 6300 3165300 6300 3600 1800 900 2700 10800 32400 23400 5400 4500 3600 2700 1800 900 900 1800 900 1800 1800 16200 2700 1800 1800 2700 3600 900 900 1800 2700 690300 900
2700 900 2700 3600 312300 14400 11700 2700 1800 900 900 900 900 900 900 900 900 900 900 900 1800 1800 4500 5400 6300 40500 900 24300 17100 12600 4500 1800 900 900 1800 2700 14400 3600 3600 2700 2700 1800 2700 2700 900 2700 4500 98100 4500 900 1800 2700 3600 7200 3179700 900 900 4500 11700 33300 9900 9000 8100 3600 2700 1800 900 900 1800 2700 900 1800 4500 17100 3600 2700 2700 3600 5400 900 900 900 1800 2700 692100
1800 3600 900 316800 15300 900 900 900 900 900 900 1800 2700 900 1800 1800 2700 1800 1800 900 900 3600 6300 9900 12600 26100 2700 20700 16200 7200 2700 1800 900 900 1800 10800 2700 2700 2700 1800 1800 900 1800 1800 1800 1800 1800 97200 3600 900 1800 2700 2700 900 4500 3186000 1800 5400 56700 10800 10800 9900 6300 3600 2700 1800 900 1800 5400 900 900 2700 5400 22500 4500 3600 3600 4500 6300 1800 1800 900 900 900 698400
4500 900 318600 900 17100 1800 900 2700 1800 900 1800 2700 3600 1800 2700 5400 6300 3600 900 1800 900 1800 2700 1800 2700 9900 1800 19800 12600 2700 3600 1800 900 900 1800 8100 1800 1800 1800 900 900 900 900 900 900 900 6300 90000 2700 900 1800 1800 1800 2700 900 5400 3194100 79200 16200 15300 3600 2700 2700 5400 2700 1800 900 8100 1800 900 900 900 1800 6300 23400 9000 4500 5400 9000 900 2700 1800 900 709200 8100
1800 319500 900 1800 19800 1800 900 3600 2700 1800 2700 3600 6300 900 26100 17100 9900 9000 8100 5400 900 1800 900 1800 5400 3600 900 18900 9000 2700 1800 2700 900 900 1800 5400 900 900 900 900 900 1800 2700 3600 4500 5400 87300 1800 1800 900 900 900 900 1800 2700 900 900 3279600 4500 3600 2700 1800 1800 1800 1800 900 900 9000 3600 900 1800 900 900 2700 7200 24300 9900 10800 14400 4500 2700 900 738900 27900 8100
2700 320400 3600 20700 900 2700 1800 4500 5400 3600 4500 50400 43200 40500 12600 10800 900 900 900 1800 1800 900 900 1800 2700 2700 14400 3600 5400 2700 1800 900 1800 900 1800 2700 900 1800 900 900 1800 2700 4500 5400 6300 81900 4500 900 900 900 1800 2700 3600 4500 5400 6300 900 3285000 4500 3600 2700 1800 900 900 900 900 900 10800 5400 2700 900 900 1800 1800 5400 13500 48600 11700 772200 756900 744300 742500 2700 900 18000
3600 321300 4500 22500 900 3600 7200 6300 4500 58500 53100 1800 900 900 900 900 9000 6300 1800 900 900 900 900 1800 1800 2700 10800 2700 2700 1800 1800 900 900 900 1800 1800 2700 3600 6300 8100 9900 900 900 1800 2700 72000 2700 900 900 1800 2700 3600 4500 5400 6300 900 3293100 6300 5400 4500 1800 900 900 900 900 900 1800 12600 9000 1800 900 900 1800 2700 900 900 50400 12600 783900 4500 9000 5400 2700 1800 900
322200 900 5400 23400 20700 15300 7200 5400 59400 900 900 900 900 900 2700 1800 900 900 2700 1800 900 900 900 900 1800 2700 5400 1800 1800 1800 900 900 900 900 900 900 1800 2700 900 900 1800 10800 900 900 1800 69300 900 900 900 1800 2700 3600 4500 5400 6300 14400 3303900 3600 2700 900 1800 900 1800 900 900 2700 900 15300 11700 900 1800 1800 900 5400 1800 900 900 848700 900 6300 3600 2700 1800 1800 900
136800 135000 128700 103500 77400 74700 72000 62100 1800 1800 1800 1800 1800 4500 900 900 900 900 6300 5400 4500 2700 900 900 1800 2700 900 900 900 900 900 900 1800 900 900 900 900 900 3600 1800 2700 2700 11700 13500 54000 14400 900 900 900 900 900 900 900 1800 2700 18000 3306600 1800 900 900 900 2700 900 900 1800 4500 1800 16200 12600 1800 2700 2700 900 7200 2700 1800 854100 3600 2700 2700 2700 2700 1800 900 900
3600 1800 900 1800 2700 1800 1800 3600 2700 2700 2700 2700 9900 4500 3600 1800 1800 7200 900 3600 2700 1800 900 900 900 900 900 900 900 900 900 900 1800 2700 1800 1800 1800 1800 1800 6300 25200 30600 36000 39600 12600 900 900 2700 1800 1800 1800 1800 1800 2700 900 3326400 900 1800 900 1800 3600 1800 900 1800 2700 5400 2700 17100 13500 2700 3600 3600 1800 8100 912600 860400 3600 2700 1800 1800 1800 1800 1800 900 1800
900 900 900 900 900 900 900 900 3600 46800 43200 39600 28800 27900 27000 26100 23400 15300 11700 4500 1800 900 900 900 900 900 900 7200 1800 2700 900 900 1800 5400 2700 900 2700 5400 8100 18000 1800 1800 2700 7200 4500 900 12600 13500 3600 2700 2700 2700 5400 9000 900 3329100 900 12600 9900 7200 2700 1800 900 2700 3600 6300 3600 31500 985500 981900 976500 975600 926100 923400 900 48600 2700 1800 900 900 900 900 900 900 900
