samples/calib_catcha.asc
ncols        116
nrows        138
xllcorner    345338.872239999997
yllcorner    6752439.873370000161
cellsize     30.000000000000
NODATA_value  -99999
[rows 76 to 113 of 138, columns 0 to 84 of 116]
900 900 900 900 900 900 900 4500 50400 2700 1800 900 900 2700 1800 900 2700 1800 1800 2700 1800 900 900 900 2700 900 3600 900 9900 900 5400 900 2700 900 9000 900 1800 2700 9000 900 900 1800 3600 2700 3600 10800 900 1800 14400 4500 8100 11700 70200 82800 92700 3422700 14400 1105200 1104300 1098900 1094400 2700 900 3600 4500 1032300 1021500 989100 2700 900 900 1800 43200 5400 900 14400 30600 1800 900 900 900 900 900 900 900
1800 1800 900 1800 2700 1800 5400 139500 86400 84600 8100 7200 5400 1800 900 5400 1800 900 900 900 1800 900 900 2700 3600 900 900 3600 5400 10800 1800 9900 900 1800 9900 900 1800 900 3600 900 900 2700 1800 2700 9900 1800 2700 900 2700 18000 18900 57600 11700 1800 900 3423600 1125000 4500 1800 4500 3600 1089000 1084500 1083600 1075500 33300 26100 8100 6300 900 900 1800 19800 15300 4500 4500 9000 27900 5400 3600 1800 1800 1800 900 900
10800 8100 6300 3600 163800 161100 149400 3600 1800 900 75600 58500 11700 10800 9900 3600 2700 1800 900 900 900 1800 3600 900 8100 900 900 900 900 9900 21600 2700 14400 900 10800 3600 900 900 1800 900 1800 900 1800 9000 900 900 1800 5400 7200 8100 37800 10800 900 1800 5400 4551300 1800 900 1800 900 3600 2700 3600 3600 4500 6300 15300 1800 900 5400 900 11700 7200 14400 3600 3600 2700 5400 21600 12600 7200 4500 1800 900 900
203400 202500 190800 167400 2700 1800 5400 5400 2700 900 1800 14400 45900 26100 2700 1800 900 4500 3600 1800 900 900 900 6300 10800 1800 900 900 2700 900 3600 26100 44100 900 11700 5400 3600 1800 900 900 900 900 7200 900 900 1800 2700 3600 16200 28800 7200 2700 900 900 1800 4561200 1800 900 900 900 2700 1800 2700 2700 3600 5400 12600 1800 900 4500 5400 5400 6300 13500 2700 2700 1800 1800 2700 8100 4500 3600 2700 900 900
1800 900 10800 22500 1800 900 900 4500 4500 1800 900 2700 10800 18900 22500 20700 18000 12600 5400 4500 2700 900 900 2700 22500 1800 900 900 900 1800 900 1800 2700 60300 6300 8100 3600 2700 1800 900 900 5400 900 900 1800 2700 8100 11700 11700 3600 2700 1800 900 1800 5400 4563000 900 2700 900 900 1800 900 1800 1800 2700 4500 9900 1800 900 3600 4500 4500 5400 12600 1800 1800 900 900 1800 1800 5400 1800 900 900 900
8100 2700 1800 9900 19800 11700 10800 2700 3600 3600 900 1800 2700 7200 18000 900 1800 900 6300 3600 1800 900 900 900 26100 1800 900 900 900 1800 6300 8100 9000 9900 77400 1800 900 2700 1800 900 900 1800 900 900 1800 4500 2700 2700 8100 2700 1800 900 1800 2700 900 4576500 3600 900 3600 1800 900 900 900 900 1800 3600 7200 1800 900 2700 3600 3600 4500 9900 1800 900 900 900 900 900 900 900 1800 900 900
12600 4500 900 900 9000 7200 3600 7200 1800 2700 2700 900 1800 2700 3600 17100 7200 4500 1800 1800 900 900 1800 2700 31500 1800 900 900 2700 3600 900 900 1800 900 88200 900 3600 900 900 900 900 900 900 900 1800 1800 1800 1800 5400 1800 900 900 900 1800 6300 900 4582800 8100 3600 2700 1800 900 900 900 900 2700 2700 3600 900 1800 2700 2700 3600 6300 2700 900 900 1800 900 900 900 900 2700 1800 900
1800 11700 2700 1800 900 8100 2700 2700 6300 900 1800 1800 900 1800 2700 6300 2700 1800 1800 900 900 900 900 1800 32400 900 900 900 1800 900 1800 900 4500 2700 90000 7200 1800 1800 1800 1800 900 900 900 1800 900 900 900 1800 2700 900 900 1800 2700 3600 3600 4500 4599900 3600 2700 1800 900 1800 1800 900 1800 900 1800 1800 2700 900 1800 1800 2700 5400 1800 900 3600 4500 7200 1800 2700 1800 3600 900 3600
900 900 10800 8100 1800 900 7200 1800 1800 5400 3600 900 900 900 1800 3600 1800 1800 900 900 900 900 900 1800 36900 2700 900 900 900 2700 900 2700 900 6300 93600 8100 2700 2700 2700 900 1800 1800 1800 2700 900 900 900 900 900 900 900 900 1800 2700 900 1800 4605300 2700 1800 900 2700 2700 1800 5400 2700 1800 900 900 900 1800 900 900 1800 4500 900 1800 1800 2700 3600 11700 14400 5400 900 5400 4500
900 1800 900 1800 5400 1800 900 6300 900 900 900 2700 1800 900 900 1800 900 900 900 900 1800 1800 900 900 900 40500 1800 900 1800 1800 3600 1800 2700 14400 100800 9000 9900 3600 900 1800 2700 2700 5400 900 900 2700 900 900 900 900 1800 1800 900 900 900 900 4607100 5400 4500 3600 6300 2700 9000 2700 1800 900 3600 2700 1800 900 900 900 900 2700 900 900 900 1800 2700 3600 4500 15300 22500 6300 900
2700 900 1800 900 900 2700 1800 900 5400 4500 3600 2700 1800 900 900 900 900 900 900 900 3600 3600 900 900 1800 42300 900 2700 1800 2700 5400 9900 10800 900 117000 19800 2700 1800 900 2700 3600 9000 2700 900 900 4500 1800 1800 900 1800 1800 2700 2700 1800 2700 900 4636800 22500 21600 20700 13500 12600 2700 1800 900 7200 2700 1800 900 900 900 900 900 900 900 900 1800 2700 3600 4500 5400 10800 34200 7200 252000
12600 10800 8100 7200 6300 5400 4500 3600 2700 1800 900 900 900 1800 1800 900 900 900 1800 1800 1800 8100 1800 900 1800 45000 900 1800 3600 2700 900 900 1800 2700 3600 137700 3600 900 1800 3600 13500 3600 1800 900 900 1800 5400 4500 900 1800 2700 2700 3600 9000 900 3600 4663800 26100 25200 24300 15300 14400 13500 12600 11700 3600 2700 1800 900 2700 900 1800 1800 900 900 900 900 900 1800 2700 3600 900 36000 260100 900
61200 33300 32400 31500 30600 29700 28800 27900 25200 22500 9000 7200 5400 2700 1800 1800 900 900 3600 2700 2700 9000 2700 900 1800 47700 1800 900 2700 7200 1800 900 900 900 3600 142200 4500 4500 900 4500 18000 3600 900 900 900 3600 6300 900 5400 1800 2700 3600 7200 17100 1800 4668300 11700 10800 9900 900 8100 7200 6300 5400 4500 3600 2700 1800 900 4500 900 2700 2700 1800 1800 1800 900 1800 2700 3600 900 5400 42300 261900 78300
1800 27000 20700 9000 8100 7200 6300 3600 1800 1800 12600 10800 7200 6300 3600 900 900 1800 5400 3600 3600 12600 900 900 3600 48600 2700 900 4500 8100 2700 900 1800 1800 900 147600 5400 10800 5400 18900 4500 900 1800 900 1800 4500 7200 900 1800 6300 2700 3600 4500 22500 4671000 15300 2700 1800 900 8100 7200 6300 5400 4500 3600 2700 1800 900 900 900 6300 3600 3600 2700 2700 2700 900 1800 900 900 5400 6300 311400 87300 900
2700 900 5400 10800 7200 4500 1800 1800 2700 900 900 900 2700 1800 900 900 900 1800 8100 4500 4500 13500 900 1800 5400 49500 900 3600 6300 9000 3600 900 1800 2700 900 149400 155700 11700 19800 5400 1800 2700 900 1800 2700 5400 8100 900 1800 2700 7200 3600 900 45900 4733100 900 2700 1800 900 900 900 900 900 900 900 900 900 900 900 1800 8100 4500 4500 3600 3600 3600 1800 900 2700 4500 900 1800 405900 900 7200
900 1800 1800 2700 2700 1800 1800 900 900 1800 900 900 900 900 900 900 1800 3600 9000 5400 5400 14400 900 1800 8100 50400 900 5400 7200 9900 4500 900 1800 2700 6300 8100 900 169200 195300 2700 3600 900 900 3600 3600 6300 9000 900 3600 7200 15300 19800 20700 900 900 4737600 900 2700 1800 1800 1800 1800 900 900 6300 3600 1800 2700 900 900 2700 13500 5400 4500 4500 4500 2700 1800 900 1800 5400 414900 900 5400 3600
1800 900 900 900 1800 1800 900 900 900 900 1800 1800 1800 1800 900 900 1800 6300 9900 6300 900 20700 900 1800 10800 51300 900 7200 8100 10800 5400 900 1800 2700 900 900 10800 900 900 198900 4500 1800 1800 4500 4500 7200 9900 1800 900 1800 2700 3600 4500 5400 7200 4746600 7200 3600 2700 900 900 4500 1800 8100 900 900 3600 900 3600 900 900 3600 19800 5400 5400 5400 3600 2700 900 900 2700 426600 5400 4500 4500
4500 3600 2700 1800 900 900 900 1800 1800 900 900 4500 4500 1800 900 900 1800 9000 10800 7200 900 22500 1800 900 13500 900 52200 1800 16200 11700 6300 900 1800 5400 900 900 900 13500 15300 17100 204300 2700 2700 5400 5400 21600 13500 2700 900 5400 7200 8100 9000 9900 10800 4754700 1800 900 900 1800 6300 2700 30600 21600 19800 18000 13500 1800 5400 900 900 1800 4500 26100 6300 9900 900 900 4500 1800 431100 900 5400 4500 3600
7200 3600 2700 1800 900 900 900 4500 1800 900 900 1800 9900 2700 900 1800 1800 2700 20700 900 8100 24300 2700 1800 900 14400 1800 53100 2700 17100 12600 7200 1800 8100 900 1800 900 900 2700 4500 22500 230400 3600 39600 27900 5400 3600 1800 2700 900 900 1800 4500 7200 18900 4757400 900 900 3600 10800 3600 31500 6300 5400 3600 900 900 9900 900 900 900 4500 5400 27000 7200 10800 1800 6300 900 2700 443700 9000 8100 4500 3600
900 2700 1800 900 1800 900 1800 5400 2700 1800 900 1800 12600 3600 1800 900 2700 2700 3600 21600 23400 32400 60300 900 2700 1800 15300 2700 54000 3600 18000 13500 8100 10800 1800 2700 900 900 900 900 900 900 274500 900 900 900 900 900 900 900 900 1800 1800 1800 4500 4782600 900 5400 11700 43200 42300 9000 900 900 900 900 900 900 900 900 2700 900 10800 588600 553500 552600 527400 508500 506700 503100 5400 2700 1800 2700 3600
900 900 900 2700 1800 900 2700 6300 3600 2700 1800 900 2700 17100 2700 1800 3600 3600 4500 900 900 1800 900 61200 1800 3600 2700 16200 3600 54900 4500 32400 900 9000 11700 5400 1800 1800 900 900 1800 1800 275400 2700 900 900 900 900 900 900 900 900 900 900 900 900 4785300 63900 45900 1800 900 900 900 900 900 900 900 900 900 900 3600 900 603900 2700 900 5400 8100 9900 5400 900 53100 4500 900 900 1800
1800 1800 3600 2700 1800 900 3600 7200 4500 3600 2700 1800 3600 18000 3600 2700 4500 4500 6300 900 900 900 2700 1800 62100 2700 4500 19800 900 4500 55800 37800 1800 900 9900 18000 2700 2700 1800 1800 2700 2700 276300 4500 1800 1800 1800 1800 1800 900 900 900 900 900 900 900 4787100 67500 2700 1800 900 900 1800 1800 1800 900 1800 900 1800 4500 5400 611100 6300 4500 900 4500 7200 3600 900 2700 43200 9000 2700 1800 900
2700 4500 3600 2700 1800 4500 900 13500 5400 4500 3600 900 6300 18900 4500 3600 5400 12600 900 900 1800 1800 1800 3600 2700 63000 3600 25200 900 1800 5400 56700 40500 1800 900 28800 3600 3600 900 4500 3600 3600 277200 5400 4500 2700 2700 2700 1800 900 900 1800 1800 4500 1800 2700 4788000 71100 2700 1800 900 1800 7200 2700 900 1800 2700 900 1800 5400 619200 1800 900 900 3600 3600 6300 900 1800 1800 7200 35100 8100 3600 2700
5400 4500 3600 2700 5400 18000 16200 900 900 3600 9000 13500 15300 26100 5400 27000 15300 900 900 900 4500 2700 2700 7200 900 900 63900 29700 1800 900 2700 6300 98100 2700 1800 33300 900 4500 900 1800 9000 4500 278100 6300 11700 3600 3600 2700 1800 900 1800 900 3600 900 5400 4791600 72000 16200 15300 14400 13500 10800 2700 1800 900 2700 900 4500 8100 633600 13500 12600 1800 900 2700 2700 3600 1800 900 900 6300 23400 10800 3600 2700
5400 4500 3600 27000 20700 1800 900 900 900 900 900 1800 2700 16200 62100 2700 1800 900 900 3600 4500 9900 3600 3600 9000 1800 64800 30600 2700 1800 3600 7200 99000 900 5400 39600 1800 5400 1800 2700 900 9900 283500 18900 900 4500 3600 2700 1800 900 2700 900 1800 7200 6300 4792500 72900 860400 843300 837000 836100 834300 1800 900 1800 3600 736200 734400 720900 67500 66600 59400 9900 1800 900 1800 1800 2700 900 900 4500 11700 10800 9900 3600
5400 4500 27900 3600 2700 1800 900 900 900 900 900 900 900 81900 1800 900 1800 900 900 900 3600 5400 17100 21600 26100 9900 2700 96300 3600 900 6300 170100 270000 281700 283500 288000 332100 341100 347400 351900 361800 364500 378000 682200 5400 900 7200 2700 1800 900 3600 900 1800 16200 4793400 73800 872100 10800 2700 5400 900 900 830700 824400 794700 755100 13500 900 1800 17100 6300 6300 58500 7200 1800 900 900 900 1800 900 2700 10800 6300 3600 5400
5400 35100 6300 1800 900 900 1800 900 900 1800 1800 1800 2700 84600 900 900 900 900 900 900 900 900 900 900 5400 33300 45000 145800 151200 153900 155700 3600 9000 900 900 3600 3600 6300 1800 5400 900 900 2700 2700 693000 8100 900 7200 1800 900 4500 900 2700 19800 4794300 952200 5400 7200 1800 900 3600 4500 900 27000 35100 4500 4500 7200 900 2700 7200 5400 5400 57600 4500 3600 2700 1800 900 900 1800 9900 1800 3600 2700
38700 2700 1800 900 1800 2700 1800 900 900 1800 2700 4500 88200 1800 1800 1800 900 900 900 1800 900 900 1800 2700 900 900 900 900 900 900 900 2700 2700 1800 900 1800 2700 5400 900 2700 1800 1800 1800 900 900 703800 8100 900 2700 900 5400 900 900 21600 5748300 900 4500 4500 1800 900 2700 3600 4500 21600 34200 3600 3600 900 5400 1800 900 5400 4500 4500 56700 18900 3600 2700 1800 900 900 3600 5400 900 2700
900 900 900 2700 3600 2700 1800 900 1800 900 2700 8100 89100 4500 2700 900 1800 1800 1800 2700 900 1800 900 1800 2700 3600 900 1800 2700 2700 1800 900 1800 1800 900 900 1800 4500 1800 900 900 900 900 900 900 705600 9900 3600 1800 900 6300 900 900 5771700 2700 1800 900 3600 3600 900 1800 2700 3600 20700 30600 2700 2700 2700 2700 1800 900 4500 3600 3600 7200 29700 14400 3600 2700 1800 900 2700 1800 2700 1800
3600 1800 3600 4500 3600 2700 900 1800 2700 900 4500 9000 90000 5400 4500 900 2700 2700 2700 3600 900 1800 2700 900 900 900 4500 900 1800 9000 2700 1800 900 900 900 900 900 2700 900 900 1800 2700 900 3600 4500 706500 27000 16200 9900 900 7200 1800 900 5784300 8100 2700 1800 900 2700 2700 900 1800 2700 19800 20700 9000 1800 1800 1800 1800 900 3600 2700 2700 6300 10800 18000 9900 8100 1800 900 1800 900 1800 900
900 4500 5400 4500 3600 1800 900 2700 900 3600 6300 9900 90900 10800 1800 900 3600 3600 3600 900 4500 1800 2700 3600 5400 7200 9000 14400 2700 14400 4500 3600 2700 1800 900 900 900 900 1800 2700 3600 4500 8100 9000 5400 739800 5400 3600 900 8100 2700 900 900 5790600 4500 4500 3600 2700 1800 1800 1800 900 1800 4500 14400 19800 8100 900 900 900 900 2700 1800 1800 5400 9900 9900 7200 900 5400 1800 900 900 900 900
5400 6300 5400 4500 2700 1800 900 3600 900 1800 10800 101700 11700 2700 1800 900 4500 4500 4500 900 1800 5400 2700 3600 900 1800 2700 3600 36000 4500 3600 2700 1800 900 1800 900 900 900 900 1800 2700 3600 4500 14400 747000 900 900 900 900 5400 1800 900 900 5806800 15300 3600 2700 1800 900 900 900 900 900 1800 1800 13500 18900 7200 6300 5400 2700 1800 900 900 4500 9000 900 8100 6300 1800 2700 900 900 900 1800
6300 7200 10800 3600 2700 1800 900 4500 900 1800 13500 114300 3600 2700 1800 5400 900 900 5400 5400 1800 2700 6300 3600 4500 900 1800 2700 69300 27900 22500 4500 3600 2700 1800 2700 900 900 900 1800 2700 3600 4500 5400 763200 900 900 900 900 6300 900 900 5811300 1800 900 14400 7200 6300 5400 4500 3600 2700 1800 900 900 12600 8100 9900 5400 1800 1800 1800 900 900 2700 3600 4500 7200 1800 1800 900 900 1800 900 900
900 8100 11700 12600 5400 2700 900 900 5400 7200 16200 115200 7200 2700 6300 1800 900 900 1800 11700 900 2700 3600 7200 4500 5400 900 78300 5400 2700 4500 17100 9000 8100 5400 1800 900 900 1800 2700 3600 4500 5400 19800 789300 900 1800 1800 1800 7200 900 5825700 10800 9900 9000 900 6300 5400 4500 3600 2700 1800 900 900 11700 5400 1800 1800 1800 2700 900 900 900 900 900 2700 3600 4500 1800 900 900 900 1800 5400 6300
6858900 12600 18000 17100 2700 1800 900 900 1800 2700 27000 116100 138600 14400 4500 1800 900 1800 2700 12600 1800 900 3600 11700 900 5400 85500 2700 1800 1800 1800 3600 7200 2700 1800 900 900 900 1800 2700 3600 4500 12600 900 14400 807300 900 2700 2700 8100 900 5836500 9900 9000 900 7200 6300 5400 4500 3600 2700 1800 900 900 10800 1800 2700 900 900 900 1800 900 1800 900 900 900 2700 2700 900 900 900 900 900 900 1800
6883200 20700 1800 900 900 900 900 900 1800 900 900 27900 139500 3600 2700 1800 900 2700 3600 13500 2700 900 1800 16200 900 1800 97200 2700 1800 900 900 900 2700 3600 1800 900 900 2700 4500 5400 6300 7200 900 12600 900 7200 817200 824400 900 900 5849100 2700 1800 900 7200 6300 5400 4500 3600 2700 1800 900 1800 900 3600 6300 900 1800 900 900 900 2700 900 900 900 900 900 900 900 900 900 2700 1800 900 1800
6885000 900 900 900 900 2700 1800 1800 2700 5400 900 900 171900 900 900 900 1800 3600 4500 14400 900 3600 3600 17100 900 100800 900 1800 900 900 900 900 900 900 900 900 900 900 1800 2700 3600 8100 10800 900 6300 900 900 900 827100 5868900 18000 17100 16200 15300 14400 13500 12600 11700 10800 9900 9000 8100 5400 3600 1800 2700 5400 4500 3600 1800 3600 1800 1800 1800 900 900 900 900 900 900 1800 4500 2700 900 900
6895800 900 900 900 2700 3600 900 2700 2700 900 9900 900 900 174600 2700 900 2700 4500 900 5400 15300 1800 8100 900 19800 101700 3600 900 900 1800 1800 900 900 900 900 1800 1800 900 900 1800 3600 1800 2700 3600 900 900 16200 17100 18000 6727500 12600 11700 10800 9900 9000 8100 7200 6300 5400 4500 3600 2700 1800 900 900 900 1800 900 8100 7200 2700 2700 2700 1800 1800 900 1800 900 1800 1800 3600 8100 900 900 1800
