samples/calib_twi.asc
ncols    116
nrows    138
xllcorner    345338.87224
yllcorner    6752439.87337
cellsize    30.0
NODATA_value    -2147483648.0
[rows 27 to 53 of 138, columns 0 to 60 of 116]
4.021876 4.135321 3.6167257 3.5000718 3.5670774 3.5219653 3.93957 3.4239235 3.245082 3.5944371 4.1172075 5.372678 4.5416975 4.1973834 4.0580773 4.0755463 4.1683955 4.423807 4.4020095 4.3018103 4.9702086 5.676545 4.8473396 4.4542484 4.88039 5.5758624 4.8390946 4.367068 4.1459064 3.8653638 3.685988 3.63189 3.6723957 3.8063376 4.8978863 4.163381 3.8951774 4.6594315 6.581838 4.4281435 3.7721057 3.678049 3.7298062 4.180304 4.774022 4.3602123 4.0064454 3.6709905 3.6108983 3.864565 3.7534165 3.4956434 3.722738 4.0661755 3.8624353 3.4820738 3.346531 3.5576208 3.9622166 4.152557 4.3055797
3.784455 3.7031627 3.5356417 3.5171738 3.8995242 4.2047706 3.6331165 3.2446518 3.4840615 3.7665958 4.3414493 6.2890964 5.5589404 4.931402 4.620904 4.601209 4.4621387 4.3991666 4.0040293 3.9421327 4.3844614 4.9642086 4.832783 4.9387746 5.8523755 5.466124 4.604387 4.4698358 4.4304185 4.1003323 3.9301496 3.6865 3.5221508 3.8002205 4.3447824 3.85007 4.226081 4.9797463 4.1807323 3.697667 3.582969 3.635539 3.7082114 3.8799171 4.023136 4.0918546 3.9096544 3.5785806 3.3520188 3.4060965 3.4160197 3.5004416 4.0005627 4.057185 3.5361228 3.3039143 3.4065557 3.7284112 3.9186356 4.032596 4.0283155
3.5992122 3.395481 3.4336271 3.6782877 5.060719 4.1653595 3.4001849 3.3743815 3.5349529 3.9603107 4.5081444 4.807064 4.80506 4.699809 4.409035 4.4801908 4.511004 4.5455904 4.0314107 3.6979575 3.8903167 4.561216 5.150364 4.8015833 4.939751 4.918602 4.241535 4.222751 4.7853208 4.591522 4.164442 3.881837 3.8313024 3.9591 3.8558671 3.6127021 3.7832532 3.7259927 3.5451498 3.5299852 3.7211416 3.725917 3.8031216 3.8609262 3.936535 4.0456014 3.9235177 3.6211965 3.3365006 3.250092 3.3223023 3.526506 3.719225 3.6237357 3.334504 3.310953 3.6495485 4.0300474 4.054911 4.077102 4.0965953
3.5445132 3.390453 3.472351 4.095544 4.0897255 3.4817684 3.3713439 3.4603457 3.7142198 4.039984 4.4747615 4.629029 4.632084 4.639359 4.5182347 4.9606714 5.3999004 6.062453 4.3796725 3.6572409 3.7994523 4.4866195 4.385045 4.3763237 4.2914524 4.3033996 3.9880455 3.964036 4.4175158 5.027588 4.6403213 4.5430155 4.966823 4.671333 4.0707197 3.593249 3.5141156 3.5213733 3.4897513 3.672374 3.831881 3.731316 3.7807794 3.91607 4.1095996 4.402952 4.1011696 3.763341 3.571827 3.4140568 3.4827862 3.6211941 3.446167 3.3801854 3.3498962 3.493853 4.0950236 4.65557 4.5642405 4.3179927 4.3443894
3.7616174 3.9736345 4.25006 3.7986429 3.2872932 3.283166 3.5226982 3.7441354 4.0498657 4.256522 4.7259965 5.591614 5.7506475 5.5276904 5.417345 6.2576823 5.222197 5.133644 4.1616673 3.8098567 4.257458 4.0973787 4.289988 4.444614 4.4923015 4.2844834 3.8311367 3.8169446 4.022507 4.435122 5.0643063 5.892741 6.633234 6.622836 5.4707713 4.248834 3.7969592 3.7358031 3.681702 3.8056939 3.8593006 3.7966106 3.7266722 3.7712817 4.0991254 4.868039 4.185665 3.9187825 4.028728 3.8449807 3.7232955 3.7770982 3.523361 3.4370117 3.5728507 4.0111246 4.971226 4.980736 5.052468 4.6701813 4.4708443
4.8153 6.0853596 6.1793065 3.58456 3.0419195 3.4067526 3.8807702 4.220723 4.9916673 4.995957 4.7277994 5.123684 6.0458245 6.1479406 5.59187 6.0388474 6.3350434 5.1557736 4.480206 4.493598 4.2766156 4.0967298 4.2577114 4.50485 5.2111883 4.8706856 4.1162395 3.863013 3.7870378 4.0721197 5.0593057 6.9445004 5.654866 5.4121094 5.361447 5.81105 4.6163025 4.066718 3.8806202 3.8954506 4.139382 4.2504625 3.8044975 3.6004384 3.9890804 4.7555842 4.163353 4.066006 4.3226986 4.2309623 4.0732727 4.01925 3.8717976 3.6829042 3.750731 4.363396 4.593115 4.429915 4.2616644 3.9286244 3.8658235
10.286804 10.291408 5.957329 3.4905047 3.006203 3.3551528 4.1699533 5.8353906 5.6726003 6.66678 5.191807 4.819832 5.1658587 6.3094726 6.2003093 5.884012 6.316711 5.26857 5.2682424 4.9280972 4.427069 4.420917 4.437151 4.3183084 4.5120673 4.465689 4.3125095 4.066324 3.801374 3.9540627 4.9109955 4.7866416 4.661152 5.2542524 5.16635 4.834858 4.3654656 4.091444 4.0309734 4.2286363 4.6779394 4.646175 3.982367 3.647215 3.8928094 4.3674526 4.3015676 4.300988 4.368274 4.4350815 4.904257 4.660174 4.3388705 4.094668 4.0569143 4.0609446 3.9174485 3.8526695 3.7085292 3.5960088 3.7694616
10.286804 10.288153 5.130736 3.4615874 3.1441526 3.4869273 3.9619234 4.344958 4.6700053 5.630326 5.188751 4.7060723 4.951106 5.3337626 5.2126007 5.122098 5.0821652 4.817905 5.285584 5.2628684 5.4133196 5.0153418 4.160187 4.047236 4.1810627 4.2259803 4.1348853 4.127382 4.1807413 4.186482 4.252226 3.9642236 4.104463 4.6256886 5.0424113 4.400427 4.0655136 4.1197968 4.3317823 5.2740493 4.680435 4.448119 4.3007016 3.9489415 3.9117594 4.3734813 4.9149666 4.8783627 4.4844575 4.3880725 4.6026816 4.797581 4.335044 4.339145 4.932376 4.259047 3.529804 3.377309 3.4726956 3.7633 4.159205
10.290048 10.33695 4.3936214 3.5456977 3.5083075 3.6760924 4.0738597 4.3911138 4.3119245 4.435826 4.920532 4.7211876 4.2737236 4.398387 4.509741 4.7460165 5.017237 5.1477737 5.008144 4.681024 4.670617 4.3048363 3.9864047 4.105043 4.1160045 4.1973205 4.253796 4.7020054 5.248138 4.307868 3.7583792 3.7525194 3.8777223 3.9894404 4.3525667 4.289187 4.1328554 4.0488205 4.3127327 5.694059 5.124247 4.407537 4.2168612 4.079309 4.080148 4.457336 5.5789576 5.5783286 4.760066 4.594828 4.5773444 4.544292 4.167093 3.9220362 4.693168 4.6872225 3.51555 3.1916463 3.430902 4.2393456 5.126142
10.211725 4.7149487 3.6994205 3.610469 3.6783206 3.7985096 4.3109837 4.7391 4.2427244 3.900949 4.343463 4.1187754 3.8771412 4.1962175 5.127626 5.0418077 5.543393 5.399266 5.2733393 5.041188 4.6089144 4.2201023 4.1510806 4.4612603 4.565387 4.082497 4.2379646 4.9031878 4.543068 3.9609425 3.6446395 3.7365875 3.9007454 3.6835628 3.8187978 4.1315713 4.1093574 3.861217 3.8058875 4.434515 6.5298543 4.6791286 4.1203446 3.9139643 3.960764 4.161012 4.656833 5.6941347 4.827604 4.808747 5.191719 5.2330437 4.4191484 3.9307163 4.320555 5.110399 3.5796669 3.2322748 3.4369454 4.1185737 3.7007399
3.3523731 3.1135695 3.1865537 3.6288953 3.6760533 3.862212 4.4754596 5.5162487 5.4028335 4.074257 3.71669 3.8202226 4.0822277 5.070362 6.3030076 5.5567293 5.3106117 5.411976 6.4888883 6.4577255 5.45385 4.754349 4.544376 4.9610004 4.8450823 4.173119 3.7468162 3.9431357 3.7960374 3.9125347 3.9881532 4.1652064 4.040884 3.8753066 3.6392865 3.8422725 3.9635594 3.8992949 3.7190707 3.9302325 4.6461253 5.039097 4.3039603 3.9150877 3.802783 3.760637 3.9530795 4.5559764 4.616415 4.4455323 4.423059 4.3015084 3.9649212 3.8627918 4.3028607 4.7746835 3.6525908 3.2941086 3.4990294 3.7779374 3.477454
2.9527664 2.9847877 3.2218173 3.3066857 3.5433252 3.9155369 4.3537884 4.585268 4.7035694 5.113076 4.4863667 4.4497476 5.3008394 8.100793 10.338924 6.145908 5.744075 6.843546 10.34263 10.338924 7.267306 5.1248865 4.389033 4.1000304 4.193905 4.0753913 3.824751 3.7752378 3.7793765 4.139468 4.6540885 5.7843337 4.261985 4.395097 4.121971 3.7033505 3.9142222 3.835806 3.7473295 3.8165221 4.124896 4.663684 4.4976826 3.9156094 3.7637472 3.6129367 3.6788108 4.1494513 4.7186537 4.1863365 3.9698048 3.762577 3.5179446 3.5694344 3.9045103 4.3241963 3.678074 3.33604 3.5865543 3.589257 3.4971063
3.4138064 3.4954655 3.4793189 3.4803102 3.7433927 4.239207 4.7606554 5.0001965 4.3645873 4.54385 5.8294373 8.344561 10.288153 10.288153 10.288153 10.291408 10.291408 10.288153 10.288153 7.4253254 5.497821 4.8770146 4.467378 4.200558 3.9880147 3.954127 3.9984078 3.9804194 3.994426 4.1542077 5.336369 4.723516 4.1196284 4.3612394 5.600628 4.430884 3.8274608 3.7202442 3.611277 3.6730123 3.9025755 4.4529724 4.9795756 4.436399 4.0490046 3.7181063 3.5583248 3.8402529 4.5767245 3.897186 3.805653 3.6290977 3.4101002 3.6333878 4.1297703 4.5297594 3.7557693 3.5663607 3.8691647 3.5412037 3.4808545
3.5829976 3.8770473 4.1382246 4.2948694 4.4738135 5.144197 6.3290124 6.4597583 4.61852 4.622666 4.8905134 4.6976357 4.5991993 4.806111 4.8935747 5.0636067 5.1112685 5.0609226 5.390515 5.634735 4.9612927 4.934616 4.9963145 4.596075 4.262245 4.074658 4.068097 4.359354 4.7446938 4.3263626 4.3401065 4.0686116 3.8955152 4.6119447 5.219805 5.215557 4.1270995 3.617791 3.4882376 3.612018 3.8456845 4.0162907 4.505176 5.484676 5.323063 4.409772 3.6734746 3.630583 4.0175056 3.9068053 3.7637713 3.508406 3.546752 4.0266533 4.222981 3.8780606 3.7632506 4.164646 4.0983863 3.5240958 3.5319467
3.8468068 4.346984 5.4128513 4.7513037 4.598099 5.224639 6.557671 5.8340216 5.0116835 4.8288035 4.3058004 3.8968868 3.7551148 3.910133 4.227923 4.396943 4.4047604 4.5195055 4.8475013 5.285257 5.6792946 4.8403378 4.877433 4.846882 4.6789 4.5071583 4.205504 4.4423695 4.4284062 3.941846 3.9449453 3.883488 4.296154 6.064088 10.338924 5.316914 5.020278 3.6162682 3.416229 3.499047 3.4058044 3.3305848 3.4318986 3.7456887 4.5823727 5.78264 4.343919 3.7487454 3.7919047 4.063906 3.6184554 3.3523467 3.7528644 4.268446 3.6411533 3.6746252 4.290068 4.4394674 3.6993334 3.4167838 3.618949
4.20298 4.568963 5.678131 4.620074 4.706681 5.7165103 6.7315288 6.1897073 5.566747 4.360993 3.8052075 3.6589317 3.6178088 3.71531 4.2115417 4.8138285 5.1291313 4.9382777 4.8903313 5.144968 5.950086 5.163514 4.431164 4.440458 4.6025553 5.4467554 4.3997135 4.077069 3.8526986 3.687865 3.8788643 4.2067943 5.562634 8.649441 10.342186 5.5172863 8.362694 4.048174 3.5639963 3.333657 3.2313602 3.2062607 3.2339766 3.3213649 3.5352423 4.3809886 5.3835144 4.078701 3.832701 3.8634617 3.4341586 3.3271348 4.168874 3.9595904 3.465304 3.9461143 4.268033 3.6865473 3.3738294 3.355227 3.6755729
3.863646 4.2012024 4.674401 4.3819547 4.545487 4.971181 5.0072637 4.770682 4.92531 4.058874 3.8471618 3.830163 3.8898373 3.7589376 3.9156451 4.6318393 5.6928086 5.7148414 5.293571 5.2077985 5.1499305 5.5205507 4.5710635 4.0986686 4.534129 6.436985 4.5555215 3.9489381 3.5841265 3.6802952 4.2197747 5.268113 8.820932 10.33695 6.813698 4.6130166 4.6011696 3.9721746 3.4210682 3.3129199 3.4289074 3.5420525 3.48633 3.4293478 3.449528 3.6763067 4.125743 4.303078 3.9248197 3.7966132 3.4184039 3.6091707 5.3462644 3.7135925 3.5692 4.3812647 3.8459678 3.456864 3.3361046 3.5044613 3.968599
3.883709 4.089379 4.233012 3.9652557 3.9731784 4.032482 4.1406665 4.3028975 4.0624366 3.8047123 3.9637003 4.2662354 4.8839097 3.9621487 3.90576 4.1372237 4.7688975 6.130303 5.8284526 5.4116144 5.026325 4.67132 4.282937 4.17715 4.794144 5.2438693 4.3245926 3.8576102 3.6009777 3.879309 4.3724227 4.47687 4.7959 5.8576155 4.47912 3.9321578 3.704531 3.427742 3.2581747 3.3254533 3.555111 3.6702518 3.7639785 3.661927 3.4980056 3.450685 3.681876 4.281451 4.2252426 4.0197706 3.7102761 4.317605 5.9217906 3.857174 3.5666618 4.204032 3.6487944 3.4903297 3.609065 4.1449523 4.4947166
4.0717444 4.012593 3.8032587 3.6335578 3.7549822 3.88625 4.0807433 4.465537 3.8292525 3.7009828 3.921058 4.392133 5.2808676 4.088925 4.2077074 4.4815764 4.4914365 5.3130894 5.693264 4.769093 4.873821 4.6294317 4.4217596 4.58297 6.306147 4.8530807 4.557541 3.9860935 3.700444 4.062512 4.3905263 4.0157566 3.8999968 4.1554604 3.9707506 3.779457 3.6256917 3.771652 3.944725 3.7092173 3.4786985 3.5533872 3.6102767 3.5959938 3.4151034 3.4127576 3.7575626 4.220878 4.9036293 4.6151133 4.257173 4.6843014 6.7185783 4.266874 3.6848652 3.6564732 3.5206375 3.7153146 4.308634 5.4766684 4.169079
3.9807785 3.728372 3.6310787 3.8265712 4.287523 4.3857584 4.3420906 3.902696 3.535528 3.7630208 3.9967144 4.632892 4.726655 3.971121 4.1174207 4.273213 4.2261047 4.936576 4.937058 5.205194 5.1564956 5.1886806 4.8092685 5.004658 5.610191 4.561957 4.434159 4.092502 3.970031 4.29617 4.3180223 4.2343802 4.08641 3.955233 4.329698 3.888725 3.9247746 4.6819715 4.957013 3.6758828 3.4376984 3.4335592 3.6564927 3.693574 3.441144 3.468248 3.7000117 3.9183354 4.2021427 4.435803 4.457596 4.3150187 4.8327675 5.831985 3.8665667 3.6124597 3.858564 4.547251 5.843808 4.7586036 3.7986188
3.8666275 4.0725546 4.717677 6.3712015 4.8191795 4.5468316 3.9539137 3.5125527 3.5857408 4.1072474 4.4553437 5.009257 4.3786216 3.8204792 3.8304117 3.8317628 4.013202 4.3777018 4.1598616 4.7932544 6.418769 5.9392757 4.908768 5.4181185 4.8551345 4.236204 4.374789 4.3461914 4.470232 4.362395 4.1135583 4.291921 4.4961543 4.383035 4.396883 3.951728 4.398988 5.6238723 3.844902 3.4469557 3.432544 3.6421332 3.9305086 3.821381 3.6519427 3.6453292 3.5802746 3.5176458 3.4729884 3.5287423 3.7420146 4.0133877 4.2034106 4.319487 4.358061 4.589792 5.1870713 6.5472674 10.288153 4.890918 3.6199822
4.313868 4.371017 3.98356 3.7051258 3.6347911 3.7390156 3.8428922 3.670791 3.8826847 4.447232 4.52031 5.1259737 4.160589 3.691572 3.635624 3.8372567 4.3660088 4.578015 4.02738 4.1636715 4.74026 5.238953 4.9709916 5.3016 4.99673 4.295586 4.567265 5.269068 4.507729 4.2534175 4.0310025 4.041205 4.293711 4.4698563 4.307593 4.412813 5.4484525 4.4941964 3.8149276 3.6327333 3.6764476 4.0845356 4.2220225 3.9420118 3.6428394 3.7759027 3.6442816 3.3628323 3.2471988 3.132003 3.0891356 3.3060882 3.6236057 3.9302533 4.6654096 10.291408 10.286804 10.291408 7.274309 4.3091707 3.3514876
3.6331303 3.5776727 3.559266 3.626987 3.671321 3.735184 4.034008 4.273155 4.377128 4.3269925 4.2482796 4.52299 3.876864 3.5548968 3.6291153 4.253612 4.950634 4.9280157 4.3460746 4.248098 4.492253 4.8491883 5.0029955 5.157439 5.0413785 4.1612067 4.1036787 4.3687515 4.3339243 4.262422 4.2024107 4.084249 3.9783995 4.262089 4.5656323 4.8770857 5.852055 4.5357885 4.3753133 4.1405153 3.5264645 3.4585264 3.6416771 3.6501088 3.519142 3.7456055 3.7426844 3.5535862 3.60736 3.4241385 3.1429884 3.0722673 3.177535 3.409133 4.3041034 10.291408 10.288153 5.6597733 4.2209578 3.4398875 3.1589627
3.5943923 3.7284691 3.8256316 4.0884995 4.3443403 4.0826993 4.1152234 4.7186794 5.7765985 4.9136977 4.560442 4.0627756 3.602031 3.5599174 3.8751502 4.5177937 4.973572 5.002875 4.464463 4.303925 4.4100924 4.5441923 4.4937615 4.4810395 4.887476 4.2972326 3.9672356 4.05813 4.0081778 3.9459772 4.125723 4.326275 4.09518 4.113824 4.6710005 5.0486517 5.3823705 4.5531526 4.3977704 4.931862 4.7912407 3.916149 3.7987254 3.6418624 3.4269674 3.4772785 3.9092395 4.471909 5.027229 5.1715164 4.0627346 3.3325753 3.043278 3.2123742 4.2156787 10.288153 5.304626 4.006767 3.4659648 3.315649 3.2993443
4.1759562 4.186907 4.1313677 4.4684157 4.7900662 4.447722 4.09962 4.3526607 5.0618486 5.487862 5.202427 3.870269 3.6063864 3.8067913 4.1545124 4.7598963 5.5867 5.4177055 4.459464 4.30766 4.395658 4.2830987 4.179947 4.2261777 4.707728 5.913604 4.524383 4.110986 3.9383755 3.897579 4.211424 4.4964466 4.4870825 4.343233 4.7985835 6.917576 4.7826004 3.7747743 3.6101656 3.8597195 3.9986923 4.4752274 5.2798734 4.4424386 3.781223 3.5098672 3.8994565 3.95111 3.9631033 4.010162 3.6641426 3.2059662 2.9208255 3.3022118 4.925785 5.618418 3.8302312 3.349355 3.1799514 3.2541397 3.2428207
4.5695925 4.2675095 4.1300125 4.590418 4.791326 4.7488317 4.484715 4.317062 4.848816 5.2935004 4.317919 3.7750523 3.8821638 4.202865 4.7436504 6.2496867 10.33695 7.626106 5.038651 4.4554567 4.4871345 4.3083515 4.07808 4.1874743 4.450845 5.1227946 5.049819 4.2806606 4.3934655 4.749828 4.7503676 4.574519 4.490286 4.5895824 4.589192 4.6187053 3.9374883 3.4354217 3.6563644 4.3009715 4.1867023 4.341078 5.0659475 6.7661033 4.6960535 3.8487074 3.4128885 3.4228122 3.7216277 3.6849341 3.3494587 3.052419 3.1299562 3.878418 5.9353204 3.8532643 3.1342103 3.086449 3.1202323 3.1848624 3.0722055
4.788713 4.3997736 4.1299276 4.393411 4.7056637 4.8956375 7.2548494 4.6164913 4.4080167 4.316872 3.9271214 3.774898 4.1396384 4.622437 5.7101827 10.342186 10.291408 10.288153 5.5251665 4.7322364 4.5183697 4.3230767 4.184077 4.328411 4.4577985 4.5055428 4.4707026 4.8943353 6.4273176 5.0278997 4.481012 4.144077 4.225611 4.2513857 4.1779976 3.967326 3.621023 3.5894482 4.1093383 5.0561366 4.941611 4.2606025 4.1592207 4.3512497 4.176634 3.625896 3.28815 3.3116148 3.6208694 3.67317 3.3261478 3.2034197 3.4508116 4.2141013 4.408865 3.1593287 3.1036348 3.2472181 3.338182 3.3300488 3.3161933
