samples/calib_twi.asc
ncols    116
nrows    138
xllcorner    345338.87224
yllcorner    6752439.87337
cellsize    30.0
NODATA_value    -2147483648.0
[rows 81 to 107 of 138, columns 0 to 60 of 116]
3.6927645 3.816023 4.1496444 4.0930204 3.87495 3.6158845 3.258996 2.9899242 2.9775863 3.237399 3.5004878 3.5424483 3.5994825 3.7327528 3.785168 4.152766 4.1519566 4.13636 4.329706 4.110322 4.2008333 4.9573355 5.1322956 5.0325127 6.6204762 5.637799 5.3758874 6.2641664 4.5536 4.0897193 4.03379 4.100882 4.1524334 4.5596085 5.929688 4.1340127 3.870648 4.274884 4.525436 5.073872 5.8074207 5.2100983 5.6790185 5.3281765 4.2872005 3.185539 2.82423 2.763627 2.9863863 3.0230348 2.870479 2.876277 2.4049325 2.2438056 3.1128373 3.8886213 3.1018665 2.9034 2.8337986 2.8694057 3.1946354
3.7873435 3.849049 3.9216866 3.9237819 3.7448728 3.3166587 2.987687 2.976792 3.2419884 3.5722015 3.8607552 4.6098003 3.6336937 3.6690907 3.95593 4.291032 3.9471884 3.9202049 4.0759625 4.0386233 4.4486527 5.877164 4.8507943 5.006027 6.4835806 5.6572194 5.568273 5.6233745 4.578284 4.4140086 4.1210847 3.9457486 4.055776 4.2686095 4.3737164 4.220231 3.6883748 3.9222634 4.318199 5.505053 6.485138 6.5106688 6.04526 5.154055 4.6043787 3.6595483 3.1603954 2.8515022 2.872959 3.0180361 3.2963057 3.3201375 2.3215568 2.1394117 2.8545995 6.405762 3.4386797 2.8987358 2.708658 2.743973 2.8927078
3.9317698 4.0262995 4.0410433 3.8303204 3.536686 3.1410842 2.9439247 3.1710997 3.5740726 3.8208127 3.9012775 4.0113883 3.8543432 3.7526135 3.801121 3.8467512 3.7486815 3.8766558 4.110663 4.2565794 5.071701 7.047458 4.8742805 4.803481 6.1351614 5.2989774 5.589784 5.1583138 4.535328 4.320815 4.1101847 3.7273357 3.6969187 3.710876 3.841086 3.81803 3.5576105 3.6347954 4.6151905 5.041586 5.304598 5.189917 4.878262 4.9705124 5.3305364 4.9416494 4.441243 4.0277877 3.8699613 3.98432 3.396173 2.9723504 2.445566 2.3594785 2.6726277 3.436835 4.242794 3.0068893 2.6932695 2.7626972 2.8790836
4.153076 4.1997366 4.061334 3.6115465 3.2944818 3.0038478 3.0491195 3.4928677 3.8956232 3.9574652 3.9127312 3.955725 4.755237 3.9329658 3.7836056 3.7966094 3.702717 4.0558577 4.4124703 5.4227257 5.032565 5.1871614 4.865175 4.5944324 5.4659414 5.181347 4.7528706 5.6043143 4.1934814 4.051998 3.818319 3.5836318 3.5043118 3.457855 3.7367072 3.5475767 3.3765268 4.039269 4.2136664 4.3667846 4.294255 4.1237464 3.5064597 4.0796347 5.225465 5.112226 5.0654964 5.192808 4.813087 4.306474 3.0132396 2.7123275 2.5893981 2.7036622 2.8564153 3.0095224 4.513551 3.1334283 2.757353 2.7503743 2.9297278
3.6087947 3.8507726 3.782993 3.4995918 3.2861862 3.0569828 3.1906483 4.376784 4.0599685 3.9898279 4.019349 4.087903 3.978068 4.6953797 5.031951 4.1455383 4.903368 5.6880374 7.05852 5.339987 4.74935 4.431845 4.70751 4.943738 5.3397613 5.5097046 4.95179 4.201786 3.9053566 3.7885032 3.6577778 3.665644 3.4283423 3.3796234 3.6646311 3.484497 3.3172626 3.9054358 3.931436 3.8147554 3.6020033 3.0663733 3.3766422 3.8784025 4.0259776 3.7298727 3.7801127 4.726384 4.3679075 3.72665 2.7316656 2.6796675 2.652143 2.6701121 2.8195434 3.0666826 4.2739577 3.3187716 2.825447 2.7675154 2.894334
3.2675412 3.3731456 3.4922056 3.4733615 3.3799312 3.1934292 3.2348301 4.4418674 4.1959 4.0965447 4.1728115 4.2704287 4.020819 4.737942 5.1254187 5.587648 6.633529 6.3814054 4.916734 4.731759 4.6228113 4.477872 4.587628 5.1991177 4.8902254 4.7945337 4.675612 4.0547585 3.9289885 3.8183749 3.9168835 3.96466 3.3634205 3.2221322 3.568696 3.3110082 3.0876043 3.1141427 3.821552 2.9122221 2.830086 3.1062298 3.4383771 4.5662994 4.056246 3.8212986 3.8535364 3.6922953 4.0571575 2.880407 2.775904 2.8184237 2.5518835 2.4809642 2.8311107 3.3011432 4.815421 3.5660086 2.9754198 2.8137758 2.9077113
3.3776693 3.3066397 3.2308104 3.2044137 3.2252834 3.1892085 3.3673415 3.8595624 4.2361817 4.2716928 4.2915516 4.2110786 4.107469 4.020116 4.0315104 4.2497387 5.4421697 4.5628595 4.373318 4.3343267 4.387926 4.487205 4.4374523 4.6941915 4.1516857 4.1048365 4.782031 4.61756 3.7795765 3.896446 5.0871587 4.5262365 3.8550608 3.0451515 3.2555537 3.2801476 3.0553222 3.037266 3.1362677 3.1273158 3.4496088 3.089633 3.1946366 4.619945 4.6231894 3.7163076 3.8944025 3.915407 4.008906 2.838051 2.7993808 2.6771939 2.3066492 2.3744314 3.0246065 3.638479 4.5897913 3.3124452 2.9308627 2.8695643 3.037784
3.6292388 3.5744076 3.331272 3.1053064 2.967005 3.0512736 3.4392672 3.8588977 4.234174 4.6929755 4.9205832 4.3496747 4.1306815 4.2254233 4.1486363 4.136907 4.424241 4.061753 3.9040496 3.8945396 4.037576 4.261292 4.348022 4.830805 3.6222 3.7597733 4.29526 4.187022 3.4264715 3.652916 4.5004306 4.2720585 3.6458104 2.8366241 3.0341341 3.3914862 3.347897 3.1004887 3.1573825 3.5278223 4.036033 3.2687552 3.793119 4.413056 4.1112375 3.4463816 3.818733 4.5152583 3.0180068 2.7138445 2.8009636 2.526807 2.105411 2.537885 3.3231745 3.9223237 3.5304334 3.0431254 2.9037604 2.999686 3.1861496
3.6891923 3.7177005 3.5948281 3.1660087 2.8866746 2.920063 3.2316754 4.397389 4.354949 4.9592934 5.2237625 4.7323556 4.405698 4.53458 4.4931574 4.458476 4.28497 3.8391154 3.8431728 3.8953156 4.03702 4.13236 4.7819314 4.1974382 3.3642132 3.5632055 3.4609857 3.2276192 3.2044182 3.3315146 3.93912 3.8040655 3.5345747 2.6791005 2.9861782 3.2057903 3.2102141 3.0852437 3.0683117 3.3727396 3.5123882 3.3923323 3.266688 3.8374212 3.0735657 3.3785672 3.5494878 3.4837677 2.8564956 2.7887352 2.9962137 2.315636 2.1033928 3.1177955 3.6997833 3.6560488 3.2478998 3.0175445 3.0079997 2.9889612 3.1428814
3.5194066 3.4045992 3.2916136 3.0268579 2.8025463 2.8414214 3.8831005 4.519501 4.859766 5.5047297 5.303019 5.1391835 4.7819653 4.5192523 4.744315 4.818583 4.0075235 3.8708575 4.119459 4.2277665 4.144558 3.9468644 4.3248863 3.1668787 3.211799 3.2881286 3.9096453 3.0300663 3.1177619 3.118778 3.034162 2.9069376 2.7175176 2.721603 2.8687398 3.0967429 3.0132334 3.0692637 3.1242204 3.2156427 3.2024336 3.231188 3.1751158 2.7240553 2.9467568 3.2412603 3.2821698 3.4083219 2.9353993 2.852504 2.6946423 2.2872324 2.4216702 3.5305443 4.07322 3.5486932 3.190514 3.0169933 3.0295455 2.9061184 3.022538
3.2113175 3.2225533 3.1072357 2.936242 2.79828 3.659741 4.1352034 5.109157 7.649573 6.892079 5.551219 5.2899146 4.801447 4.4546227 4.722973 4.427309 3.8733158 3.8520286 4.006029 4.062792 3.8709226 4.2841206 3.9820879 3.0701935 3.144566 3.1253104 2.9989247 2.9487016 3.0378566 2.9876282 3.0046577 2.869697 2.7733643 2.809265 2.910295 3.3271751 3.161776 3.185115 3.1905322 3.2765703 3.2824972 3.1245406 2.759713 2.6911285 2.8867667 3.0322568 3.0749948 3.3411546 3.0692475 2.6995537 2.6564095 2.605142 2.772276 3.4158156 4.775863 3.4939318 3.0476096 3.0361886 3.0511587 2.873867 2.887834
3.1321616 3.2146604 3.2467022 3.059683 3.673216 3.983084 4.634282 5.87575 6.0754876 6.5356374 6.376486 5.131821 4.67569 4.416145 5.072467 4.8410053 3.706552 3.583399 3.5952983 3.5899763 3.4714017 3.2331321 3.07334 3.1009548 3.2619157 3.2639298 3.0934677 3.0769277 3.0726507 3.0257394 3.0870771 2.9976745 2.9382403 2.9292495 3.1723146 3.5924044 3.5758011 3.3083801 3.197343 3.2960675 3.3687224 3.0319724 2.7200677 2.8410401 2.964317 3.0801637 3.0662513 3.1882517 3.2458076 2.8245842 2.739024 2.7194183 2.925835 3.3556118 4.269357 3.9347808 3.1246777 2.9620917 2.943197 2.8227596 2.8816755
3.1705325 3.1912904 3.1495445 3.0220294 3.782223 4.313532 5.6743445 5.0795016 5.392268 6.117694 5.8672824 4.9124236 4.499478 4.219776 4.8771415 4.491593 3.435571 3.4556837 3.5028374 3.4059205 3.2399504 3.0992167 3.083693 3.2649174 3.4995978 3.5234144 3.3355353 3.3099122 3.290356 3.3213553 3.2293556 3.0629022 2.9616978 3.048571 3.4767666 3.7167995 4.2429185 3.486291 3.27788 3.2469776 3.1748464 2.831679 2.8479657 2.9883542 2.95516 3.1792712 3.3897133 3.4503295 3.744579 3.1294596 2.893621 2.84725 2.7772496 3.0294504 3.8925235 4.4582663 3.5420861 3.1484592 2.966345 2.6997473 2.7563803
3.1422992 3.1698766 3.105583 3.6775322 3.875714 4.547668 5.003334 5.2410054 5.253917 5.2589664 5.2497244 4.3048754 4.145133 3.8532202 4.3400755 4.080891 3.3011143 3.5372202 3.65495 3.5106964 3.33803 3.3784888 3.466739 3.611158 3.7617598 3.6597717 3.3556502 3.2900968 3.3600192 3.4311705 3.2382908 3.0453506 3.0722024 3.3958793 3.534825 3.9034646 4.2753053 3.7442608 3.4589047 3.1865942 2.9759262 2.7984173 2.875937 3.184944 2.9555318 3.0404313 3.3790903 3.7908125 5.0139866 3.2647634 3.0695786 3.0224576 2.6394033 2.6856751 3.607834 4.6109514 3.9037309 3.4456425 3.2494814 2.8277273 2.5718946
3.2405126 3.3472736 3.3658504 3.806698 3.7679615 4.029104 4.1535344 4.3603573 4.433203 4.384909 4.5053506 4.488102 3.6918826 3.4535222 3.8767557 3.1340816 3.2800312 3.6189866 3.743358 3.7804482 3.818914 3.9535706 4.1934934 4.1306133 3.9829507 3.4764953 3.090294 3.1233249 3.2705112 3.2748344 3.1922154 3.1854 3.4740384 3.8748717 3.7717524 3.8113422 3.8311758 3.6475565 3.4330184 3.1176035 2.9560375 2.9701512 3.118604 3.1870315 3.1050324 2.8913324 2.9796011 3.3344862 4.529869 3.5191953 3.0747263 3.0922644 2.6279986 2.3959222 3.0798175 4.888455 4.2925744 3.6699777 3.3696442 3.1165926 2.6626787
3.5416102 3.6376965 3.6231847 3.295467 3.0344799 3.1051767 3.221383 3.25702 3.2941403 3.3210924 4.0581465 4.0595126 3.2884064 3.1377141 3.0397582 3.0741856 3.2551022 3.5215955 3.8732932 4.3184733 4.46915 4.283999 4.166082 4.1124644 3.7436953 3.1090796 2.9328058 3.1806486 3.3270404 3.2947843 3.255397 3.3867362 3.66912 3.8852205 3.7460952 3.6688883 3.6323304 3.4115036 3.2519228 3.047502 2.982353 3.1419291 3.3629916 3.1244009 3.0527167 2.9333231 2.7922285 2.9143102 3.2718198 4.569671 3.4542015 3.2782269 2.863126 2.4167314 2.7421513 3.8195276 4.083385 3.8534517 3.3521848 3.0242507 2.7524283
3.2465076 3.3916461 3.490502 3.3966537 3.2378778 3.2978134 3.459103 3.422367 3.4051533 3.3215446 3.2580569 3.2037315 3.1063523 3.0765288 3.169497 3.2386515 3.4005535 3.5243738 4.082574 4.510843 5.1348495 3.9663942 3.7475584 3.6916707 3.294606 2.8598304 2.9833732 3.298344 3.3948667 3.369141 3.3855975 3.498309 3.507481 3.5148213 3.4351542 3.4906754 3.4929004 3.3789847 3.2990947 3.1094158 3.0669405 3.2114136 3.2529223 3.2139692 2.9239244 2.8978698 2.8621545 2.8355558 2.9913454 3.478737 4.377116 3.1862512 2.7549822 2.7726314 2.8890104 3.0909948 3.7182398 4.362325 3.4813697 3.0648215 2.774166
3.0614507 3.1400723 3.2992556 3.415025 3.416342 3.5852451 4.0421495 4.4177704 4.621749 3.9906867 3.759213 3.4562466 3.305401 3.4009328 3.5447528 3.6850061 3.8541937 3.9291947 4.136273 4.2960315 3.8177843 3.4867973 3.4166086 3.2986789 2.9847298 2.81269 3.06505 3.184407 3.242069 3.3127027 3.3523486 3.3947341 3.3582191 3.2671812 3.2104583 3.339425 3.4509099 3.5342953 3.4752765 3.2925174 3.3193276 3.2502856 3.18788 3.166291 3.0267184 2.8243365 2.8713517 2.9016156 2.9312232 3.131922 3.4137251 2.974086 2.6195865 2.6533003 2.8073926 3.2307653 4.2703743 4.344812 3.7435138 3.5284672 3.02627
2.9997914 3.0052385 3.137971 3.2854621 3.3767366 3.5612855 3.959001 4.0604825 4.401536 4.2861314 4.4530234 3.7913518 3.7753234 4.067254 4.2793584 5.0879445 4.4975863 4.1504865 4.9776382 4.5055223 3.641467 3.3857415 3.3225625 3.074913 2.8289118 2.8621094 2.9269905 2.9557781 3.0848901 3.1465676 3.1453612 3.20943 3.2790618 3.2743838 3.2312095 3.4307704 3.519563 3.6427264 3.5239694 3.4024901 3.4036243 3.2560205 3.1262624 3.141417 3.0848699 2.8921597 2.7690792 2.850044 2.883117 2.9314284 3.0255597 2.8461545 2.556989 2.4941201 2.9134998 3.6910818 5.332496 4.535623 4.0414004 3.9484277 3.546024
2.945634 2.951034 3.0525105 3.1517055 3.196898 3.2182548 4.0651493 4.5871506 4.9760823 4.5871134 4.341592 3.4969926 3.8437119 4.528946 8.841726 4.288513 3.7935078 3.829455 4.40061 3.860706 3.4930668 3.455771 3.283159 2.9429295 2.85425 2.8374329 2.730975 2.944934 3.178385 3.1796415 3.1384437 3.1758592 3.315046 3.5435288 3.8228076 4.285035 4.1853695 4.048744 3.742091 3.5175247 3.4522152 3.4293401 3.5072691 3.268689 3.0531511 2.9737504 2.7738204 2.7255101 2.8076358 2.9044657 2.9940076 2.8583264 2.3897622 2.5841882 3.6224568 4.6881685 5.578442 4.3013453 3.8317814 3.7109509 3.7130132
2.8546393 2.8792138 2.9013507 2.972834 3.0424426 3.0599535 4.063389 4.816451 6.5298014 4.7087054 4.01986 3.277808 3.79107 5.0211625 4.417578 3.778618 3.6352315 4.6335583 5.008199 4.241189 3.1467106 3.2870824 3.1404464 2.915449 2.9157257 2.8296187 2.865508 3.323548 3.398486 3.302577 3.29722 3.3967614 3.6330295 4.5237813 5.086001 3.948198 3.9971235 4.510385 4.0007286 3.6590617 3.9070792 4.061664 4.3456593 4.1204123 3.2126138 3.0312817 2.9125018 2.7600784 2.8136148 2.9990928 3.1274676 2.8909147 2.55672 3.1819437 5.2770095 4.9834867 4.0142303 3.341894 3.1117756 3.0829334 3.3631434
2.9935417 2.8994703 2.6948497 2.7522457 2.9871557 3.1626427 4.0695567 4.2973456 4.6090293 4.058066 3.7133055 3.1866033 3.7373528 4.2929425 3.8558443 4.3516045 4.758196 5.6967745 5.4154243 4.268592 3.831544 2.9802678 2.9027143 2.9271133 2.94086 2.8865077 3.1269557 3.6720812 3.3698697 3.2923193 3.5599418 4.390755 4.3011827 3.5895848 3.1930923 3.095976 3.289475 3.3780515 3.2408845 3.0549355 3.0955448 3.215033 3.3205597 4.09683 4.1191916 3.3025222 3.093574 2.9457943 2.894447 2.994489 3.151606 3.0106485 2.8688366 3.4277596 5.1294346 3.628282 3.102337 2.7779408 2.674573 2.7023878 2.802109
3.0840123 2.9856544 2.754236 2.7586284 2.8905296 2.9343286 3.871231 4.0584364 3.9632833 3.7102807 2.9028711 3.1584127 3.54802 3.5951576 3.4853551 4.0359993 3.9786 4.0738235 3.8586051 3.8355317 3.7483604 2.7621117 2.7712674 2.9029977 3.0342057 3.0922716 3.1601722 3.3464355 3.3739355 3.542599 4.1518426 3.7743318 3.08282 2.8669455 2.8402507 3.0392423 3.3059914 3.466075 3.3440087 3.0443244 2.974662 3.0560963 3.074344 3.291569 4.2888746 3.9081395 3.3368776 3.0754385 3.0269215 3.040575 3.0392432 2.8725371 2.8552506 3.709375 3.4986422 3.028261 2.821853 2.6286976 2.5569863 2.6042655 2.5966988
3.0649185 3.098037 2.9348764 2.7968268 2.9049098 2.8591585 2.9237258 3.0705428 2.8842332 2.7860205 2.78387 2.9714754 3.205443 3.1796112 3.1555455 3.1214573 2.9536037 2.8046212 2.78888 2.7809594 2.72202 2.7168112 2.9059105 2.9920845 3.1591146 3.230121 3.1699371 3.1737788 3.5983183 4.2767525 3.5447986 3.031724 2.849387 2.9063194 3.1409762 3.3461275 3.3067644 3.651816 3.6954758 3.5009012 3.3496296 3.1977994 3.1229417 3.1463132 3.5585842 4.4311557 3.7609038 3.2777226 3.1222982 3.1458206 3.0580332 2.987424 3.3904495 4.073382 2.902197 2.7953417 2.7623227 2.6183605 2.6065443 2.7355106 2.6917946
3.032495 3.0587883 3.0303376 2.8577502 2.866571 2.9070873 2.884078 2.9054904 2.8306475 2.6967661 2.6486204 2.8144326 2.975569 2.9910343 3.018418 3.073681 3.0363955 2.839025 2.8890905 2.8648922 2.798078 2.9910276 3.1481862 3.17707 3.23005 3.1348426 3.085798 3.243501 3.8134558 4.749225 3.2270947 2.8478215 2.9305413 3.2316096 3.6836526 4.3710504 3.4715626 3.4799328 3.739844 3.686469 3.3482106 3.1466079 3.035988 3.0332072 3.4788628 4.8341527 4.6963453 3.7303755 3.3279915 3.2664485 3.3825297 3.815398 5.742749 3.2655942 2.752456 2.811934 2.748006 2.5960674 2.7227588 3.03959 3.0235496
3.2770457 3.2210226 3.1298637 2.9336004 2.865688 2.9056258 2.8822515 2.9806664 2.9648364 2.7017264 2.5826766 2.7381701 2.9342737 3.0036244 3.0536497 3.175778 3.2927935 3.2522635 3.2730548 3.279784 3.2813315 3.42818 3.325271 3.3534536 3.2893956 3.111964 3.0565372 3.3610713 4.2002344 4.328489 3.148901 2.793989 2.9618366 3.430822 3.833951 4.6231284 4.1243424 3.4545517 3.4990647 3.3710861 3.2264364 3.0741222 2.830297 2.9100785 3.9685147 10.28978 10.28978 5.077171 4.0291734 3.6181822 3.8838909 4.3007884 3.6705384 3.0211508 2.860103 2.8733711 2.6744545 2.5718899 2.789891 3.150407 3.2337673
3.4442916 3.2184455 3.0994465 2.9915502 2.9415398 2.9526334 3.003034 3.0576775 2.9903722 2.5373015 2.4981716 2.70883 2.777532 2.9174361 3.0916874 3.43345 3.8382633 4.0439105 3.9037006 3.6623707 3.655233 3.56387 3.5128264 3.550473 3.3688602 3.0437932 3.0374346 3.5885615 4.7987485 3.9984148 3.060546 2.7994807 3.0579808 3.570987 3.8063943 3.8500495 4.2505627 4.012979 3.2782426 3.0791955 3.1733403 2.8966563 2.6457288 3.170494 5.377127 10.28978 10.28978 10.28978 6.3245025 4.503013 3.8110456 3.6477084 3.2970462 2.9625068 2.8759124 2.8523028 2.675555 2.6221976 2.8896549 3.242139 3.2935724
