samples/calib_twi.asc
ncols    116
nrows    138
xllcorner    345338.87224
yllcorner    6752439.87337
cellsize    30.0
NODATA_value    -2147483648.0
[rows 54 to 80 of 138, columns 0 to 60 of 116]
5.03304 4.6093364 4.3032265 4.3945756 4.4717627 4.4496055 4.6619024 4.2171736 4.0167756 3.9657853 3.7255542 3.8202622 4.4301233 5.380826 6.404617 7.2115455 5.8059416 5.139418 4.30826 3.9089596 4.111958 4.649744 4.5904517 4.2854095 4.1748123 4.33831 4.836272 5.4817653 4.680804 4.2289157 4.0479016 3.9910967 3.9668434 3.867021 3.6936655 3.5300276 3.5343802 3.7754374 4.4963617 5.1200094 4.4725704 4.041517 3.7359865 3.7352786 3.7551548 3.5719783 3.2898366 3.2114186 3.583817 3.4663234 3.1653776 3.1521854 3.4845328 4.390007 3.4515874 3.1316056 3.3188963 3.4867494 3.6311183 3.9128213 4.1413965
5.182953 4.766194 4.5724616 4.6223626 4.4774165 4.1971016 4.0939674 3.9314826 3.8706388 3.8350623 3.7588909 4.206101 5.3905053 6.058285 5.6780143 4.897744 4.3640637 4.028775 3.744424 3.7652318 4.3225245 4.792206 4.3319645 4.0144525 4.1695795 4.822863 5.521212 4.7626553 4.1947207 3.9107902 3.8598456 3.897526 3.7507386 3.5355594 3.4044547 3.4030962 3.57725 3.968971 4.5027537 4.400776 3.9907947 3.831998 3.565207 3.4809155 3.5773897 3.5149295 3.1831436 3.2301672 3.355584 3.0455492 2.9814742 3.258896 4.1600523 3.7594316 3.262931 3.248279 3.396029 3.6784945 3.8809512 3.6644428 3.3467276
5.0243983 4.9223046 4.8681293 4.8278093 4.5640893 4.249608 3.9522138 3.8328815 3.827734 3.9490047 4.125157 5.083356 6.9024034 5.1747837 4.521779 4.0520797 3.8162959 3.6865194 3.6680045 4.0358224 4.415169 4.452321 3.9913208 4.0308843 4.6103845 5.809428 5.647552 4.3629904 3.887582 3.763742 3.856546 3.8355563 3.4978962 3.3681135 3.4753938 3.5437546 3.8407059 4.1852794 4.2993507 3.9946876 3.8461022 3.7477612 3.7304 3.4305832 3.4249022 3.4293106 3.263047 3.3064623 3.1334007 2.977548 3.0778646 3.6424294 4.31257 3.480505 3.2663617 3.5433621 3.4941013 3.1841865 3.2307754 3.3083355 3.1594725
5.345133 5.788636 5.409819 4.9784536 4.7418942 4.42762 4.078308 3.9684482 4.0594525 4.2873325 4.724386 6.0084376 5.068327 4.387121 4.08578 3.8593655 3.8966594 4.0126963 4.170382 4.6944346 4.657371 4.4269705 4.173997 4.612058 5.7133937 6.4550195 4.558071 3.9003086 3.6945639 3.7259243 3.8680785 3.6496446 3.36555 3.447025 3.669623 4.040665 4.8689876 4.93462 4.510893 4.2265 4.3359947 4.0950704 4.1819463 4.2780395 3.724993 3.41044 3.5077431 3.3648777 2.9157462 2.8533525 3.3267937 3.8020086 3.6424627 3.580975 3.3339052 3.1653044 3.1755197 3.076229 3.0069547 3.1355147 3.216095
7.510024 6.5661097 6.184592 5.7503443 4.9921765 4.329726 4.0918784 4.2021866 4.4182014 4.7093782 5.592801 5.488194 4.5579357 4.340916 4.0573006 4.135671 4.5674834 4.9020104 5.1207833 6.2229557 6.1052413 4.900756 4.8251395 5.965406 5.651936 4.768302 4.0691977 3.6446142 3.5774534 3.7298806 3.7911038 3.5273077 3.440016 3.8191106 4.530535 5.7219176 8.422673 5.0915003 4.856382 4.924535 4.489753 3.7996454 3.5055194 3.707444 3.9136202 3.524468 3.3653953 3.2151814 2.7851691 2.928641 4.037789 4.128991 3.5709481 3.3297021 3.2388556 3.0349054 3.03831 3.1913786 3.09055 3.3033836 3.9311445
5.5578823 6.3757496 5.328057 5.38042 4.5298715 4.0154862 4.003456 4.351956 4.7875023 6.0173244 5.9808455 5.07812 4.6144714 4.2659307 4.151679 4.6235046 5.746923 4.9363914 4.575688 4.847614 5.52561 5.048872 5.3277874 8.958004 5.222368 4.429326 3.8279636 3.5010645 3.5610387 3.8272848 3.7817008 3.7161505 4.0487914 4.7902145 4.3416634 4.147196 4.0774336 3.788518 3.8629391 4.040392 4.082202 4.047647 3.5639477 3.3192801 3.185699 3.3400607 3.465289 3.185221 3.0568533 3.3291957 4.277505 5.408982 4.3627234 3.8057895 3.5031414 3.4712572 3.5732267 3.9355552 3.8972642 3.4284163 3.0396886
4.736584 4.9471602 5.7899566 4.467073 3.988333 3.8195088 4.4927287 4.896858 5.683907 4.9432964 5.04357 5.333254 4.587459 4.274087 4.173257 4.705045 8.616288 6.0522118 4.9757996 4.724063 4.7137165 4.8503194 5.3174934 6.2269425 4.548893 3.9600952 3.6104622 3.5457616 3.8162508 4.0296693 4.227658 4.743029 4.265901 3.7652702 3.6729994 3.5762415 3.4260929 3.573719 3.8591676 4.622625 5.391975 4.8558536 3.7299547 3.1910782 3.1201751 3.17295 3.2692866 3.4020374 3.4671772 3.6160414 4.3997946 7.548883 10.288153 5.633048 4.44174 4.046225 3.5235176 3.3040402 2.9089992 2.7024715 2.8161645
4.3284216 4.753977 4.6628375 4.008578 3.788061 4.285142 6.0164843 5.759129 4.589133 4.506724 5.3072863 5.993993 4.496731 4.410993 4.4479795 4.650871 5.748797 7.394133 5.047298 4.505729 4.5503225 4.890338 6.1000214 4.760987 3.841815 3.585318 3.623835 3.8492386 4.071441 4.3182187 5.0417185 3.9913816 3.6137638 3.6114483 3.7837274 3.9982011 4.073998 4.5619864 3.7436717 4.0067596 3.9739199 3.3981183 3.052985 3.073964 3.1116316 3.1161156 3.3889465 3.6803045 3.7048903 3.8931596 4.311274 5.1640716 6.4840183 7.572374 4.1016545 3.2752583 3.038822 2.9683442 2.979212 3.239271 3.5947056
4.5756555 4.589574 4.620058 3.968836 4.0075607 5.0848403 5.7794747 4.9034147 4.530837 5.4292974 5.250706 6.237602 4.4494824 4.543974 4.7088985 4.8523936 5.4713407 5.2477856 4.4353404 4.3005095 4.6811395 5.5552154 5.428577 3.9477103 3.4702744 3.559571 3.8007004 3.94014 4.017989 5.098272 4.4902453 3.7764447 3.8303058 4.2709227 4.8858705 5.0872397 4.5248046 3.6980636 3.364831 3.407505 3.1553414 2.9874406 3.059488 3.1602383 3.1752849 3.3414123 3.7176957 4.00708 4.0143933 3.9582567 4.0985727 4.350286 5.0285482 5.068552 3.666434 3.217399 3.1264427 3.374223 3.7768261 3.5819256 3.4634473
4.4273744 4.4462113 4.4233475 3.8822606 4.138036 6.0115466 5.1918526 5.3458276 4.913861 5.223013 5.3670425 4.6504226 4.439235 4.862518 4.7097387 4.770411 4.8726172 4.329628 4.168606 4.3120265 5.12915 5.7723207 4.3511744 3.5345793 3.412838 3.6932456 3.776557 4.0079684 4.7219243 6.6740484 4.0386887 3.7762222 4.6770163 4.4245076 4.009535 4.019481 3.8218055 3.4684467 3.3214383 3.2449272 3.1420858 3.3563533 3.4852781 3.5353138 3.7427697 3.8828769 4.0881195 4.1722856 3.8505824 3.6136994 3.625351 3.9453876 4.246376 5.0737376 3.5332198 2.9829874 3.1410122 4.091671 3.962988 3.4990191 3.2657115
3.6687953 3.8009648 3.7990515 3.8405848 4.439712 5.159786 5.0671015 5.6531625 5.163293 4.5252624 4.2250514 4.0161257 4.099511 4.2000694 4.374657 4.5277686 4.254966 4.179058 4.407902 4.9614716 5.7082953 4.461459 3.7427776 3.3625348 3.5242717 3.7387178 4.112651 5.2066326 10.288153 5.9383574 3.9278502 3.800004 5.5998735 3.968717 3.8500037 4.1994715 4.1100082 3.78235 3.654395 3.3982494 3.6769795 4.156244 3.8943536 3.87762 3.6073675 3.4266915 3.4812384 3.5763018 3.3337111 3.209189 3.227961 3.359465 3.6276383 4.7360516 3.596475 2.909933 3.1184728 3.7295327 3.7963998 3.6852024 3.4665205
3.2114427 3.4888434 3.6195338 3.8339238 4.338052 4.5718756 4.6646023 5.0435195 4.606968 3.9180536 3.899624 4.077377 4.329578 4.3254786 4.6007686 4.7979426 4.459657 4.7316794 5.365 5.4756165 4.6170897 4.028192 3.5415442 3.4741087 3.763785 4.102114 5.4577007 10.291408 10.288153 4.9865327 3.7576542 3.8778143 5.180891 3.9509642 3.7100058 3.9603448 4.0060773 3.7072995 3.526469 3.2859983 3.0372596 3.0560493 2.9661105 2.9168441 2.9514809 2.9392152 2.9939373 3.0990622 3.0826228 3.0448225 3.0142112 3.0185535 3.1708107 3.9754024 3.9337687 3.0954242 3.0414526 3.218795 3.506213 3.7166548 3.776588
3.1432111 3.3383148 3.5817091 3.714043 4.176642 4.3140244 4.4057007 4.54904 4.044579 3.7354946 4.290271 5.3510594 5.0094347 5.2362156 5.4572015 5.22631 4.555394 4.4634933 4.639269 4.7798915 4.4922028 3.9441257 3.6957889 3.7638483 3.9157863 4.6370764 10.288153 10.288153 10.291408 4.3278875 3.5219567 3.8390968 4.4260063 3.84151 3.6128595 3.6796565 3.5957134 3.3065767 3.0769455 2.8888493 2.747928 2.7058988 2.715875 2.795916 2.9835477 3.0032322 3.0225077 3.1918893 3.313046 3.215717 2.926082 2.819673 2.9685812 3.4472313 6.2259874 3.5592046 3.1315992 3.0566144 3.2631612 3.5173862 3.5091612
3.3529432 3.3135138 3.4785953 3.6974704 3.6554387 3.7908237 4.0003915 3.9558187 3.803948 4.0649614 3.8309658 3.6414356 3.7864807 3.7894592 3.9007518 4.0754423 4.183198 4.299866 4.4472685 4.6070776 4.6492496 4.265721 3.9764287 3.8139095 3.8336024 3.9755316 4.4344373 4.5466595 4.5481925 3.6211789 3.371768 3.7059343 3.8603408 3.6776657 3.5228477 3.5993466 3.3725622 3.1734226 3.0379655 2.9320714 2.9212618 2.9792283 3.065343 3.1797307 3.36837 3.4778152 3.368699 3.5516443 3.750933 3.481558 3.037325 2.7079513 2.7222276 3.1003804 3.990744 4.8398323 3.6945744 3.3480036 3.2771914 3.1908038 3.0622897
3.2263367 3.290617 3.393976 3.5278354 3.380588 3.322073 3.41995 3.3779144 3.2035182 3.1925507 3.2510114 3.3690453 3.4095843 3.58526 3.716146 4.108205 4.2434773 4.4983892 4.8981457 4.9263225 6.0507894 4.6802683 4.041218 3.7660682 3.795407 3.691892 3.6417575 3.7699454 3.9030774 3.4470708 3.3777995 3.5915954 4.508051 4.4454055 3.513182 3.5428529 3.511921 3.5846057 3.6444142 3.6830049 3.6362758 3.682376 3.5412486 3.4410686 3.5947626 3.937777 3.8279548 3.6253695 3.5996652 3.6278074 3.3422422 2.8456097 2.6194873 2.8222296 3.4275596 4.376727 4.9307475 3.9896266 3.1728663 2.886581 2.821771
3.099453 3.0721247 3.1161542 3.2257385 3.3205745 3.161438 3.1391876 3.1762764 3.074118 3.0802777 3.3532934 3.6231697 3.617534 3.9224322 4.172365 3.9313028 4.0874567 4.6793404 5.827078 5.175247 4.545047 4.263744 4.0263114 3.7725039 3.7275243 3.8107839 3.8347008 3.7864988 3.6059847 3.3866718 3.4323657 4.3168726 4.880563 4.827114 3.7926772 3.8062787 4.2735834 5.6187434 6.063992 5.578116 4.2036676 3.943312 3.7151551 3.45599 3.5711048 4.277235 4.429899 3.7159042 3.553605 3.741639 3.4945266 3.17917 2.77616 2.760683 3.1595728 3.8759015 5.5703764 4.0647616 2.9661536 2.7165458 2.7501335
3.3328495 3.1659403 3.0368285 2.9751937 3.1686785 3.1457965 3.1052372 3.219143 3.3252952 3.3763676 3.7580514 4.272569 4.019236 3.833353 3.8502028 3.9594018 4.348145 4.677539 4.7532234 4.249144 4.1864843 4.638529 4.25183 4.0096965 3.8518615 4.027268 4.242977 3.8613946 3.446156 3.470271 3.5733075 4.5166817 5.2578225 5.229721 4.2087045 4.2797093 4.6341033 4.76256 4.80425 4.441074 4.296311 4.375754 3.9098413 3.4867249 3.4846675 4.3063855 4.485294 4.0032287 4.15509 3.623851 3.3533804 3.2674708 2.8666716 2.6729832 2.9583004 4.081648 10.291408 3.8897755 2.8472624 2.648216 2.7197196
3.880057 3.7101662 3.497092 3.2017214 3.0669308 3.2064545 3.315166 3.4201114 3.525513 3.4817328 3.533009 3.6899076 3.8402054 4.005184 4.084992 4.4936557 5.010915 4.451709 4.0708766 4.1392016 5.5713673 6.4894934 4.8606415 4.3476486 4.191864 4.1893473 4.238462 3.809901 3.7260525 3.8644829 3.8385983 5.1121125 5.6950965 4.8053966 4.3830967 4.2058244 4.305313 4.628023 4.8059535 4.4020357 4.4507647 4.85111 4.239987 3.5901146 3.5479136 4.215205 4.501313 4.7184587 4.556545 3.5425272 3.194973 3.0491729 2.7610967 2.5826044 3.1128235 5.4164066 10.291408 3.8029368 2.7941544 2.5355897 2.6627028
4.076254 4.265358 4.2546415 4.127903 3.6565936 3.5313342 3.5272598 3.539271 3.4518979 3.345704 3.3732002 3.6597118 3.748852 3.8098266 4.0666027 4.412298 4.6429577 4.4632726 4.29669 4.4214373 4.7915883 5.563609 5.4694552 4.756327 4.548053 4.634382 4.520635 4.132711 4.236536 4.3387704 4.436213 5.032808 7.074493 6.008172 4.6944265 4.263691 4.1783 4.4415507 4.6318116 4.22143 4.284258 4.632924 4.1492634 3.6895788 3.7968652 4.494051 4.881469 6.598899 4.229058 3.3660321 3.0463662 2.9341407 2.680231 2.6292856 3.5546858 10.34263 5.7029557 3.5585718 2.7812436 2.594036 2.7301018
4.3434334 4.770186 4.910513 4.588128 4.154124 4.171156 3.9257188 3.6474392 3.5513792 3.3220372 3.2188766 3.5034947 3.6368306 3.4698868 3.6551435 4.165012 4.5847855 4.6017346 4.524085 4.6402793 4.858787 4.7876124 4.8951106 4.859265 4.5658503 4.7763615 4.7489066 4.363601 4.5901437 4.8300877 5.274832 6.392303 5.0127873 4.76311 4.713826 5.0750093 4.0242405 4.129641 4.3590555 4.195327 4.1460433 4.2726703 4.054084 3.9748445 4.2341747 4.6892004 5.434812 4.656659 3.8836641 3.2240307 2.9506092 2.834017 2.5782275 2.7909012 4.2035356 10.34263 4.7294183 3.4713874 2.9237003 2.7655785 2.8010464
3.8767877 3.7085807 3.6657403 3.7247882 3.769535 4.145135 4.4175115 4.1778197 3.85199 3.458094 3.196848 3.3754783 3.6915379 3.5325997 3.551649 4.0609355 4.48642 4.255086 4.23497 4.4913273 4.3041635 4.111696 4.362424 4.7105255 4.583214 4.701011 4.8310227 4.7189717 4.6934724 5.084362 5.9914627 4.9766507 4.429162 4.1932592 4.151583 4.020731 3.9721873 4.116094 4.3941817 4.4323893 4.2698526 4.286258 4.374962 4.4601893 4.4381742 4.3752136 4.36804 4.0473742 3.5503452 3.0316055 2.7961261 2.6895952 2.590153 3.1136773 5.4213476 10.338924 5.705686 3.7004547 3.021596 2.8123465 2.797217
3.5328734 3.6247058 3.8851316 3.9670362 4.3257008 5.06395 5.412315 4.804559 4.223135 3.7318406 3.2696018 3.184134 3.363558 3.5044389 3.7608583 4.3436394 4.858235 4.452211 4.1178017 3.9904811 3.8586688 4.753338 5.81799 4.532729 4.8194947 5.328931 4.914278 5.0040097 5.1060314 5.0495725 4.535285 4.124111 4.002033 4.1076436 4.099718 4.1831536 4.2331953 4.319313 4.96485 4.8629293 4.236442 4.125197 4.0098014 4.140426 4.170433 4.0977845 3.795378 3.606619 3.2393167 2.8292289 2.6403396 2.709117 2.877445 3.6536567 10.291408 10.338924 10.291408 4.366332 3.3666363 3.011031 2.9047136
3.6066687 3.6560504 4.1548705 5.173145 4.7030754 5.4614134 5.75151 5.3471403 4.4583898 3.71412 3.2881103 3.1821482 3.2675962 3.4310782 3.6842473 4.24842 4.506039 3.9952419 3.979775 4.1853943 4.0140467 4.8268957 5.0986114 4.0551643 4.7205806 5.348807 5.303633 6.3917365 5.0419083 4.483981 4.048035 3.8862567 4.0265713 4.2992754 4.37417 4.4839416 4.4285927 4.601279 6.777031 4.8042893 4.204154 4.022856 3.9023433 3.9222248 4.005193 3.9360735 3.5959702 3.2084582 2.9017956 2.6721466 2.6755114 3.0777512 3.4253547 4.018672 8.244857 10.338924 10.291408 4.2473125 3.3630378 3.3398852 3.3080342
3.5765352 3.4901667 3.6227963 4.03714 4.24236 4.345365 5.1803756 4.9672055 4.064601 3.7804523 3.7333827 3.3628745 3.088061 3.1212056 3.6102505 4.180648 4.004443 3.8783338 4.161826 4.910614 5.498599 4.289236 4.191193 4.5274324 5.996654 4.974993 5.522542 5.2646084 4.877345 4.348864 3.9796069 3.9223213 3.9520128 4.050428 4.218093 4.4022985 4.761664 5.8213 4.660322 4.633167 4.583956 4.085095 4.0464725 3.9582362 3.8518832 3.772612 3.294002 2.8186 2.6941185 2.719245 3.0227952 3.5471509 3.3940465 3.446419 4.756142 10.34263 5.4466166 3.2940633 2.9582903 3.21782 3.5715253
3.8872802 3.7497342 3.7493439 4.1944838 4.8716726 4.5233355 4.304575 3.845521 3.5557349 3.5848112 3.8132641 3.5726638 3.2119074 3.1669853 3.4798906 3.9448514 4.019763 3.8908029 4.0451083 4.9006486 6.84199 6.8418217 5.32591 10.291408 6.2894077 5.013473 5.4013753 5.2698016 4.46676 4.1541944 4.055365 4.023828 3.9745088 3.9141192 3.9139986 4.170534 5.019954 4.955694 4.4741435 4.703452 4.798733 4.431504 4.198803 4.077762 4.580182 4.1678042 2.8365433 2.57458 2.7665079 3.166539 3.5383852 3.5272233 3.1758873 3.0124195 3.7455077 7.188001 3.467208 2.8026125 2.9543216 3.197284 3.4880905
4.090279 4.005578 4.014393 4.169246 4.2662835 4.02677 3.819823 3.5532575 3.3519955 3.2520823 3.1756744 3.2409694 3.4047437 3.4452908 3.5613902 3.7205 4.0324078 4.174741 4.087929 4.329457 5.2029877 5.6863976 5.4266343 7.9297523 6.683757 5.3323364 5.465306 5.495267 4.4193974 4.1017623 4.0338664 4.095121 4.270804 4.307592 4.1585107 4.080819 4.196904 4.454543 4.702424 5.016733 5.767312 5.2625537 4.5580983 4.887163 4.754716 3.8037245 2.6114073 2.6313918 3.1434348 3.390439 3.3055086 3.2062018 3.151023 2.8584833 3.281381 4.1663065 3.0736442 3.0451024 3.2289946 3.5379493 3.5228825
3.7427416 3.820313 4.1693797 4.346878 3.9376774 3.806263 3.6997054 3.3132837 3.0500617 3.049038 3.0940053 3.2349622 3.5353367 3.7547042 3.7257092 3.8962584 4.1437845 4.1274095 4.3247156 4.394186 4.5148873 4.9856853 4.998342 5.428839 6.812501 5.3436694 5.501942 6.268535 4.6443443 4.009043 3.9294116 3.9388213 4.282386 4.8888993 5.163998 4.090608 4.025732 4.407174 4.5483685 5.371487 6.01343 6.213662 4.8132176 5.1800447 4.3646855 3.6569424 2.6734664 2.8474326 3.304078 3.1003242 2.8830194 2.7959101 2.8346822 2.5863318 3.1540375 3.878452 3.1281111 3.1301432 3.090253 3.3573613 3.5295398
