samples/calib_slope.asc
ncols    116
nrows    138
xllcorner    345338.8722398189
yllcorner    6752439.873372113
cellsize    30.0
NODATA_value    -99999.0
[rows 108 to 134 of 138, columns 0 to 60 of 116]
1.1312075 8.59218 16.780668 23.757153 22.757675 20.32856 17.296179 15.590922 25.20921 37.98731 31.378712 27.471945 32.468616 31.37202 27.171036 18.477356 8.5170965 5.665749 12.642811 15.468906 14.504732 14.445656 14.903221 16.230501 18.412289 23.388414 21.182438 10.695798 0.89986366 12.07493 23.32391 26.053226 18.915306 11.734649 10.752195 12.773409 11.0053215 6.102373 20.148922 23.384838 21.283981 28.10459 29.765236 13.382692 0.010818487 0.009973596 0.010818487 0.010818487 0.010829668 2.2004251 11.052408 17.750168 21.309793 25.427343 25.151049 22.561546 26.942852 29.797514 23.462072 16.921392 16.194962
0.09652 0.009995754 2.7238774 13.412824 20.338638 16.923435 11.883091 7.8481226 28.204151 33.577785 20.531282 16.476587 26.42913 34.66545 36.380424 28.31956 17.431332 16.623543 21.195288 17.267937 15.207897 14.969664 18.713556 21.085426 20.225588 23.165129 18.860992 4.2153425 11.169902 22.365776 26.063404 20.282074 13.911917 10.6988945 10.220691 10.659288 9.530029 14.190333 19.998007 21.866652 22.359085 25.440722 23.9499 15.867412 5.075081 0.010818487 0.010014811 0.010845419 0.010845419 1.2957977 11.9343605 21.95856 24.209589 25.028992 21.269865 18.496744 24.27483 28.026394 23.187618 18.162764 18.484095
1.455791 0.15617199 0.6476952 8.852612 16.661316 16.773254 9.98094 9.854093 28.129805 30.67471 13.164944 3.8760297 7.841719 19.643269 33.904823 33.806957 25.192467 25.398079 22.096346 17.078823 16.53033 18.147352 23.92537 22.48985 20.4579 22.347103 13.048184 8.839976 23.380306 28.080511 22.218477 12.57253 7.793666 8.599671 10.041126 8.224973 5.194139 12.065985 14.828125 19.083645 21.641697 19.871922 16.774704 16.348629 14.2509365 7.673016 2.3434608 0.05495397 0.010818487 0.46782774 11.967907 24.554634 25.912643 23.254578 19.560701 18.264156 21.286766 24.149805 23.613596 22.460531 21.679554
2.8696368 1.7591792 7.727865 15.102595 15.235882 10.657663 9.08598 19.752419 29.156225 25.050344 9.771172 1.9234234 1.0499724 7.4728312 20.073193 26.639454 25.868773 24.33776 21.633677 19.09537 21.115036 27.489132 28.649757 22.694502 21.615522 20.648218 7.816733 21.430614 27.401745 20.913414 11.041121 7.6569 6.30938 6.1819754 8.799175 7.109047 4.4047837 8.442357 11.5677185 17.447803 20.369709 16.385452 12.088858 10.963767 12.841036 14.325311 9.515864 3.6864324 0.06935381 0.21733789 11.354321 24.660559 26.663282 23.436232 18.813374 17.808905 19.693233 21.54594 23.4815 23.898838 22.597837
4.851953 5.4899397 8.83017 9.629211 8.831586 9.967293 18.551237 24.532139 22.352686 11.954368 9.899217 5.992526 1.2586721 7.1316886 14.668027 20.251425 21.88856 19.01996 16.992231 20.839891 26.144615 30.106672 26.381908 21.883097 20.387102 12.62556 14.401999 26.758625 23.989437 14.736435 10.796333 6.890972 4.763797 4.03565 5.3828497 6.1175375 6.507963 6.3386736 11.394112 17.016552 18.214487 15.659899 11.830052 8.025085 6.8509073 9.85267 10.585308 8.14383 2.8535576 0.1441631 10.762187 23.606575 27.503548 24.83399 18.491894 17.004044 18.096067 19.541382 22.885916 23.308245 20.710812
3.6936502 6.83336 9.485859 9.638059 14.556111 18.790728 19.858881 18.899193 12.129133 6.517864 8.104996 6.540362 4.0666914 2.2666743 11.257422 17.90786 17.01416 13.508624 13.764159 21.107433 24.879623 21.914507 17.738232 15.536965 12.876979 7.154986 17.639032 25.137266 22.606848 17.600077 15.830885 13.036777 7.4509516 5.6853595 7.3291245 10.954273 11.017657 6.174611 8.777092 14.939621 16.174847 16.381794 14.714479 9.393069 5.587368 7.192607 9.180302 8.722164 5.2089705 0.10747564 8.360712 21.188156 29.164316 28.669743 20.039635 15.1104555 16.165886 19.327133 23.700367 23.795376 20.104933
0.010845419 2.4023762 6.955771 9.061104 11.254942 14.637378 14.42058 10.468685 5.8297124 3.618576 4.072916 5.167835 7.85346 9.49758 3.7524056 8.110111 12.437904 13.866899 17.457165 20.991322 17.419926 13.333709 10.636975 7.279855 7.0465765 9.303327 15.877503 21.31985 23.881191 23.870455 22.097282 19.321903 16.98399 14.640929 15.747351 17.46663 16.56027 9.919065 3.0914094 11.23277 14.774063 16.59831 17.67378 13.495477 7.7524195 7.7382154 7.1202407 6.4091573 8.258951 3.9792333 5.0475497 16.605228 28.639893 32.866325 24.015867 15.096252 15.112742 19.06571 23.011166 24.027824 22.768152
1.6058089 0.3893156 0.024192978 1.499657 3.657478 5.260322 4.63131 2.8625715 1.9562855 1.6057941 4.517219 6.2180943 6.0249667 10.886117 11.425198 4.376086 5.4302287 14.9785595 16.662786 11.923874 8.125973 7.5531816 5.0121245 2.145025 3.5230002 7.911564 12.685537 17.724432 21.116266 25.415169 26.18262 24.39363 22.716652 20.954542 20.401344 18.771074 19.05908 16.907202 4.9379725 8.396946 13.625639 17.220713 20.109785 16.800205 8.935384 6.0297103 7.1666822 7.0615807 7.571386 7.1232405 2.4193494 13.063869 25.482279 32.08068 27.33738 18.905142 15.804977 18.00405 20.914366 22.03114 23.710585
11.061403 9.296087 10.77299 11.971361 12.537401 14.149253 12.138459 10.209215 8.5959215 7.091998 7.1555796 6.1974077 3.5258913 6.3821807 9.904769 10.220774 10.149917 8.221659 2.680231 3.2212787 5.984004 5.2283864 4.4581714 1.9421995 1.5480196 4.505508 9.692286 15.15017 16.29799 21.266008 25.893383 26.10909 25.013277 25.36383 23.364466 18.733452 19.82255 23.119207 14.78152 2.4452653 11.761452 17.291636 21.713993 19.203062 10.710511 5.882648 5.7678514 7.3805933 9.831953 9.446608 3.1438947 11.906124 23.136929 29.492008 28.139774 20.276045 16.381744 16.966198 19.491278 20.697227 22.545721
19.316439 19.362593 19.151176 19.479027 18.225529 19.517918 20.43506 19.288046 15.400622 11.898177 9.229709 8.158966 7.277984 6.652164 7.992259 10.93146 13.7028475 13.406223 10.663897 7.9052086 6.853291 4.028063 3.0301666 3.9962525 2.359318 2.3715053 4.034116 8.1922035 11.658085 13.816837 20.105017 22.552694 22.689642 22.885908 22.071941 19.693388 20.846155 25.819475 22.4288 10.272203 4.9773917 14.249676 20.925419 20.212767 14.355389 8.488598 4.7470655 6.4080524 11.290723 10.450786 3.2289932 9.694257 20.657373 28.62435 30.074253 21.461447 15.871383 15.585301 17.132702 19.991125 22.691622
18.146381 21.08255 21.857162 22.573332 23.935371 25.84721 27.569735 26.430712 25.178709 18.517744 12.6116905 11.20356 11.432497 10.080182 11.464935 12.259602 12.909563 13.681111 13.29336 13.261368 12.246902 7.7151294 4.227145 3.1325982 1.0828755 0.52002716 1.619348 1.942955 5.4191904 8.32802 11.623352 15.084508 15.4939575 14.580778 15.550155 17.607096 19.73601 24.321762 23.79527 17.789762 10.148299 9.062303 15.546875 17.953693 15.505564 12.68956 7.2026196 4.2319126 9.770381 12.84675 7.2163806 4.6643815 18.065334 27.360027 30.500748 26.003788 19.121187 16.093077 14.64765 16.935678 21.22444
16.942255 19.644077 20.649605 25.11624 29.678518 30.938923 32.19807 32.68436 33.587288 26.625431 17.734194 13.403763 10.756692 10.120331 11.589845 12.724956 11.85065 10.033808 10.105974 16.892609 17.42242 7.122965 1.9744763 0.9886311 1.0630633 0.7520982 0.91038126 1.729305 3.2382705 3.9320261 7.2798553 8.473261 8.470669 9.126107 10.924954 14.720923 19.910505 22.794285 20.702492 21.23436 19.579746 14.354292 12.536725 13.662601 15.382573 16.175623 10.378139 3.9074574 4.366289 13.315066 12.330549 1.9938767 14.073722 25.81419 28.235434 26.77773 23.490532 19.51568 15.550088 14.377127 17.547966
21.48484 21.274292 22.859232 28.29856 26.973927 27.068624 26.219244 25.759266 27.650404 28.679834 21.026258 13.991709 9.873711 6.3758717 6.5192556 11.319822 12.581134 10.954782 14.833249 21.118523 15.322169 2.8141613 0.04448401 0.4168967 0.75384194 1.0843819 1.6519561 2.0653453 1.2690341 0.1212923 3.0065277 5.4740663 4.448155 6.3769403 10.599584 15.116836 20.309534 20.943869 19.705275 20.220139 21.316156 19.89105 15.64645 13.0896 17.789057 20.219353 10.253084 7.3141713 4.5071425 9.203416 13.646213 7.6379333 7.5159125 21.89539 27.000372 25.74531 23.549572 20.525747 17.38588 13.827791 15.159843
25.319948 23.362207 26.131632 22.836763 14.72295 15.145459 13.500861 14.090525 21.19284 22.144655 19.41065 15.931892 8.661844 3.0691857 1.5584977 8.050393 12.851352 11.935861 17.634056 21.977987 12.6594305 2.423817 0.85754555 0.7081353 1.5674671 1.697291 1.0143037 0.92282456 0.010014811 0.010845419 2.1941204 4.3033714 1.6729496 4.507988 9.043302 16.075584 23.066015 23.241972 20.88514 18.38291 18.31777 19.508446 18.789053 16.41063 19.222359 17.139599 6.074541 7.3101277 9.036517 5.6948295 9.35424 9.159342 0.42573878 14.759176 24.269623 26.985956 24.365602 19.740631 16.536762 13.576076 13.815964
20.301184 15.610147 14.781253 2.7886143 2.6200235 6.475896 14.996105 22.244303 24.632664 20.172613 18.177166 15.767417 9.156038 4.3715973 4.699275 7.2258773 11.586332 14.65427 17.3512 18.529673 12.233895 5.2866373 2.5720358 1.9533561 2.2141733 1.4609658 0.36971793 0.67147034 0.0927169 0.010024896 2.5029612 3.7409081 1.9815084 5.7277813 6.327525 11.170475 20.349977 27.7312 22.448502 18.891191 18.251331 19.647669 20.32971 18.581171 17.155014 13.577762 6.4730678 6.028281 9.139363 7.9904366 7.6842694 8.309082 4.1462235 10.170247 19.946098 26.023178 26.328798 22.937315 17.145475 13.031475 12.697599
8.671125 3.2398899 9.489176 16.563847 16.969893 18.078678 24.094305 26.769619 23.405674 18.772635 18.350246 16.744114 11.790771 8.514991 7.2234907 8.945128 15.55073 17.458876 15.521816 14.130622 8.7768545 5.078336 4.2301736 3.0800958 2.7682228 2.293511 0.06995946 0.71723354 1.0966763 0.9091986 2.421158 2.1794596 2.8069875 6.0835767 5.253752 3.7433136 7.211818 18.06766 22.147074 17.778225 18.05824 19.076761 18.730087 18.61632 16.661499 11.233856 7.17864 6.5750813 9.106527 10.423198 10.6795635 10.418982 6.368706 8.924043 16.006725 22.863638 26.44347 25.324205 21.119555 14.811885 12.30589
19.687473 21.21528 25.779415 25.276464 24.671621 25.869232 28.385319 25.49997 20.140015 17.739573 17.926426 17.70884 12.055752 9.410698 8.848667 11.790315 18.220306 16.165304 10.935264 9.152274 7.9480133 5.102968 4.9380174 4.7248282 4.5374236 2.4803858 0.26881617 1.0804716 0.72443455 0.88035184 1.0642046 2.379933 4.332417 5.332641 4.0180306 1.9740223 1.7040335 5.9208426 15.994509 16.700455 16.871004 16.819683 16.97945 16.998255 13.615137 8.731651 8.5018425 9.271783 9.628639 12.191708 12.9737 9.466644 4.9652867 6.281526 12.869384 18.79532 24.721224 24.335352 22.562374 19.175919 14.938141
28.936287 28.660547 27.724436 25.089905 23.807428 25.728823 23.571592 19.257793 16.671772 14.731094 15.151391 15.623994 7.707194 3.8152325 6.2439537 11.802867 15.757619 12.016865 6.22928 2.5002475 8.122578 9.781768 7.3459587 5.773427 5.6304264 4.0270452 1.1100758 1.1208231 1.2346591 1.8562872 3.8204863 4.722319 4.811431 3.2759683 0.9135476 1.0966867 1.4872266 2.9638104 6.8977404 12.451436 12.280296 11.843922 13.283321 14.910668 13.884557 10.178064 10.196199 8.972741 8.3250675 9.982756 9.802868 7.1704683 4.642653 4.9718547 10.023826 15.362418 22.18498 24.16376 22.70333 21.872587 18.63525
24.540346 21.77039 18.143082 15.724798 15.32343 14.669133 10.300404 10.455053 10.973141 7.297396 9.794483 13.733415 7.876416 4.683605 5.6471634 10.323705 11.55169 8.687425 3.539575 5.7331333 8.535868 13.881212 12.826527 9.357062 6.5773535 5.3781114 3.0838656 1.4431661 0.77707356 3.5684764 3.406599 2.6620097 1.3994852 0.33166987 1.1367289 0.9531342 2.5237024 1.978446 0.72637904 3.0811455 4.824326 5.4353375 6.645458 7.953667 9.881157 9.92323 8.950532 7.304284 5.3384995 5.1089625 4.609031 5.318264 4.738511 4.903758 8.394319 12.736568 18.255173 23.541363 23.612234 22.5282 20.122103
10.230241 7.1195292 4.4227333 5.221772 3.6932063 3.9389164 7.945996 11.312447 8.835335 5.674266 8.1627865 12.515084 10.91608 8.797319 11.264866 11.479703 9.023536 7.071405 4.52666 9.6497135 12.688735 12.420299 16.765646 14.854645 9.976171 7.5476847 6.726491 5.4084096 4.821852 3.7206135 1.232055 0.27531832 0.9399017 1.7776066 1.7246327 2.264441 0.8797762 2.1683881 2.508005 1.2092875 1.5212997 2.1329772 1.4335803 1.6578038 4.0764203 5.8878336 5.489087 6.6171217 4.7741375 4.2032228 2.9838834 2.3528283 2.598746 2.3411965 4.972301 8.450701 11.6323595 18.023499 20.477394 20.404589 18.851057
10.982102 12.123552 18.92107 21.689703 20.848433 18.371317 17.872164 18.521072 15.18522 9.26752 8.882698 11.218945 8.99896 8.290476 12.403549 14.070844 10.898033 7.499428 6.9031944 12.665173 13.353826 9.553957 13.771675 16.437843 13.4707575 10.504563 9.969315 10.345337 10.01461 7.258851 2.9274225 0.0810799 1.7555498 0.9359978 3.67432 2.4874885 1.6746086 1.931291 3.2012792 2.8723505 1.2251832 1.1515583 0.89947575 1.0917444 2.0881994 3.2282603 2.7041414 3.8687553 5.51142 4.980668 3.15183 2.4016545 1.2775398 0.4797831 2.4858935 4.7204647 4.9030285 8.990599 13.964172 15.744629 16.019236
18.083563 19.969294 22.13824 23.26405 24.414036 23.824484 21.014425 22.389643 20.896269 14.219654 10.056941 11.300405 7.940836 6.551262 11.391125 15.128117 14.429439 12.029952 10.490261 13.917687 11.771905 11.468939 13.620948 15.819475 16.407354 13.80367 12.165814 12.268708 13.822422 12.560811 6.406751 2.0874717 1.7966566 2.0902479 2.1588762 2.9453092 1.8931646 0.6382462 2.8740702 3.9795191 2.983537 1.4872566 1.1566637 0.62603784 2.061458 0.6706676 0.08269966 1.6373808 1.8211098 3.2834024 3.219248 4.0132847 2.6269097 1.445838 2.8164816 4.318962 3.2327201 3.8519495 7.505957 10.81234 12.817813
15.699183 18.536745 17.128567 17.089457 20.951975 21.951307 19.728851 21.43846 21.38373 19.604467 15.358284 11.852186 8.989443 7.3181024 10.881416 15.424142 17.536556 17.789349 14.022264 12.846641 7.507811 8.212051 13.11468 18.154013 21.668718 20.48394 17.035719 11.256919 12.503362 15.041624 10.551992 3.8703005 0.54335594 2.015977 1.6293596 1.2357681 1.1867908 3.0616083 4.0125794 4.806694 2.2074618 0.05454523 1.1436332 2.773904 3.4039745 3.5029159 2.9126208 3.550897 4.3402996 1.5441155 2.2987092 3.104764 2.0902712 0.7932816 4.4691367 6.9813886 4.780117 2.1040213 3.742682 7.1877465 10.057872
13.608579 16.884724 15.180724 16.551474 18.388723 20.25088 21.22751 21.452024 20.608143 21.730234 19.055899 13.546056 12.1301155 10.6230955 11.5962925 15.850293 19.284525 20.6394 17.76818 8.723149 2.4523258 1.6415626 4.573008 13.291431 21.292908 25.275434 22.76079 15.448833 12.421041 14.640858 12.9285145 5.428247 0.010818487 0.5689792 1.399146 2.8185008 3.9738157 4.029168 4.30444 2.9926379 0.27478436 0.009995754 2.0542765 3.0280962 0.6923012 1.899349 1.3088158 0.9769954 4.4708476 4.211502 1.9749461 4.61384 3.5887702 1.6665533 4.228171 6.471264 2.3673747 2.8454616 4.850871 6.9720335 12.425447
17.372202 17.449854 18.102953 18.843777 17.733036 20.831272 24.366383 25.45659 23.950459 24.778429 22.340216 15.76729 12.957258 11.256769 11.239841 13.896664 17.122004 19.036179 19.34605 12.301126 4.381765 2.7580938 6.6881876 9.679583 9.51516 15.434689 21.045868 21.486895 16.864052 13.199616 12.203706 10.88677 6.0255556 5.9600744 5.7939134 4.503094 2.0723262 2.612981 2.4395065 0.91263914 0.7187213 0.009995754 1.2151849 3.2146165 2.4395077 1.6966345 1.6323917 3.3896306 4.8409386 5.2935696 1.0557089 5.1780014 5.5392904 4.74467 5.251402 5.5512457 2.8406737 4.554114 3.9640338 10.225261 18.74517
18.758152 18.57642 20.923206 19.174294 18.02025 21.214046 25.768091 27.640963 26.498152 26.97926 26.199606 18.784546 12.937079 10.085814 8.604422 8.803989 11.117403 15.090837 19.367567 17.007477 10.102415 3.4099076 6.9694858 13.650643 10.125084 9.78509 20.682074 24.016136 17.155592 8.282437 6.537198 13.613069 16.475286 17.013887 15.822871 13.62126 8.240478 2.5507574 1.1699722 2.5533638 1.9185319 0.61262864 0.3221679 1.9876249 3.4035127 3.5521736 3.9391446 6.1457195 5.5688977 3.4107978 1.1954722 2.1813135 4.9507213 5.2798834 6.430319 6.3237047 3.7808332 4.964071 5.313356 16.033705 18.590427
18.811424 20.89529 20.468374 17.087208 15.702932 17.612877 24.128689 27.216873 26.186699 25.205694 26.21052 21.32366 14.537306 9.959548 6.2490544 4.264047 5.2737074 9.986989 18.596659 19.820166 13.637507 9.888019 7.957072 15.539254 17.799246 18.16854 21.722075 22.089052 14.719685 4.7644367 3.7371461 8.432181 13.8894615 14.477396 15.008044 17.894882 15.319209 6.910228 3.3522894 2.0145428 2.4176908 1.834151 1.341728 2.2637076 3.7728343 4.8347616 4.500884 3.291907 2.0876436 0.67718905 0.009995754 0.009995754 2.0293252 5.709715 5.664759 2.8334296 3.4322078 3.4348264 9.158556 15.970529 14.987893
