samples/calib_slope.asc
ncols    311
nrows    375
xllcorner    347528.8722398189
yllcorner    6714069.873372113
cellsize    30.0
NODATA_value    -1.0
[rows 247 to 265 of 375, columns 0 to 43 of 311]
5.128711509483251 5.788832299437197 7.825525624597575 9.368915578454837 10.176527410054078 8.984876931685683 8.104435709194412 8.984876931685683 12.364552990274646 16.051123667414398 12.772578169490428 6.853224835121291 6.0172848640320336 11.309932474020213 14.066164922222868 14.15548761586253 19.370844026969944 23.44414611986146 18.62703081108459 12.260147486012336 13.16632060042364 14.036243467926477 14.066164922222868 16.72355800648402 20.53277178648843 23.567234622032576 25.67546321497188 26.577778623734847 24.38870074689113 21.260377126997213 19.51118046928032 17.93200256558677 14.535165207979569 11.038532615965035 8.735690934280582 15.042369244334242 20.43931757325825 20.82800310374709 20.846265656650555 19.18841875693642 17.93200256558677 20.250651404968387 21.31357434104547 21.04572088407583
6.09147800207977 6.853224835121291 7.6530487205434135 8.935631425418535 8.735690934280582 8.47871314708616 7.6530487205434135 7.653048720543413 13.640311227766055 18.174763056324142 15.503408837548553 9.462322208025618 6.379370208442804 8.735690934280582 13.262676008304846 15.042369244334242 21.86985930890943 23.44414611986146 15.922779458176539 12.364552990274646 13.16632060042364 14.15548761586253 17.93200256558677 22.862089144234925 24.168813435810108 23.490416068641593 21.33126583595921 20.07880037349212 19.63041481502353 18.87922133905067 18.262020066776483 14.036243467926477 9.321835749415003 1.3502244696996157 10.176527410054078 16.601549599020238 18.174763056324142 18.541977963997237 19.68967329725291 19.18841875693642 19.787913812706318 23.42869280874541 24.168813435810108 24.168813435810108
5.385977098599754 4.044691235386269 5.385977098599754 7.416536974278209 6.853224835121291 6.91817481667161 4.763641690726177 8.582483688827132 18.96231828867539 22.668609279892426 17.035742128041974 9.870926939134984 7.594643368591445 6.09147800207977 10.555380466061171 17.594079543115168 21.80140948635181 20.30750022192804 16.051123667414398 14.959246786437891 16.91651608571675 17.842681707487124 20.846265656650555 21.83567219571615 22.765646640754476 22.07341542334565 17.5484006137923 17.387333467314576 16.253917058152773 15.84516718027127 12.772578169490428 7.416536974278209 0.0 9.462322208025618 13.915808695897173 15.99993592924168 20.53277178648843 23.3822424378352 24.475819581509896 22.090258704050036 25.889184557134527 28.037600489728426 26.360054096082706 26.43722935718126
1.9091524329963763 3.8140748342903548 6.379370208442804 5.5507182121273235 4.262693045214654 3.8140748342903548 6.0172848640320336 12.260147486012336 22.8781056322946 24.168813435810108 13.515781057664528 7.653048720543413 6.91817481667161 5.788832299437197 7.825525624597575 16.69924423399362 20.30750022192804 21.135527342306382 19.290046219188735 17.93200256558677 18.96231828867539 20.250651404968387 19.68967329725291 17.294448528580087 20.30750022192804 22.684823831912848 20.607120971804857 17.294448528580087 15.60952586912567 13.069151942759001 7.653048720543413 3.931095784160226 11.499465999742789 15.99993592924168 17.75279016194668 23.116421919208367 26.113233272206745 27.23857208213007 24.904481044556743 24.634322367669885 29.66584985926298 27.791305644779214 25.376933525152303 27.0789369475267
4.262693045214654 5.710593137499643 6.721369339369456 4.857533338413092 3.016961309815993 3.016961309815993 5.788832299437197 14.066164922222868 23.44414611986146 23.490416068641593 14.24415761739711 8.735690934280582 8.735690934280582 7.653048720543413 9.736776915732772 13.915808695897177 19.310287408745566 22.636129876883253 21.954998832237578 19.47122063449069 20.001783914715944 22.090258704050036 18.64821573021375 15.896959679954522 21.04572088407583 24.38870074689113 20.53277178648843 17.03574212804197 14.763132623631554 8.582483688827132 6.0172848640320336 11.386165083355712 16.723558006484023 19.63041481502353 22.489134862284534 25.267001648248186 26.43722935718126 24.8479801794304 22.68482383191284 27.55326483492445 28.30319610038818 24.748625315195834 23.885886734419245 25.5133092609215
5.710593137499643 6.721369339369456 6.654425046006596 4.857533338413092 3.8140748342903548 4.763641690726178 6.379370208442804 12.364552990274646 23.44414611986146 27.33604368814356 18.64821573021375 11.038532615965035 12.53638838286113 12.260147486012336 13.069151942759001 14.592550602033427 18.174763056324142 23.021526638116168 21.045720884075834 20.212632236452095 23.195068590140778 21.31357434104547 16.2287367059342 17.294448528580087 23.132182561931252 24.634322367669885 20.846265656650555 16.253917058152773 8.935631425418535 2.1342998941463125 8.735690934280582 14.273571375658685 19.63041481502353 20.155422119735228 20.662644004781907 23.116421919208367 24.15404655313558 21.33126583595921 21.472069143359253 23.750100573474082 20.82800310374709 20.607120971804857 22.090258704050036 21.18915910142139
5.710593137499643 5.710593137499643 5.5507182121273235 5.5507182121273235 6.654425046006596 6.853224835121291 6.09147800207977 10.555380466061171 22.684823831912848 29.549408596501113 22.07341542334565 11.348119585994183 11.309932474020213 11.348119585994187 11.90468811284812 13.326469949385988 16.527811501531776 18.64821573021375 19.47122063449069 22.765646640754476 24.591248866909307 19.610609129170935 15.179705807856672 19.787913812706318 24.634322367669885 24.38870074689113 20.001783914715944 13.069151942759001 5.5507182121273235 4.857533338413092 12.04828213833979 16.428860704621638 18.262020066776483 19.12710170142385 21.97197083681397 25.79602649449995 24.74862531519583 19.471220634490695 17.66231893216494 18.305448954250746 16.428860704621638 17.775317038209 18.96231828867539 15.896959679954522
6.379370208442804 5.385977098599754 5.385977098599754 7.653048720543413 10.388857815469612 7.653048720543413 3.931095784160226 10.555380466061171 22.765646640754476 28.81079374297307 24.286461463040197 12.604382648379184 8.530765609948133 9.508656426564368 10.176527410054078 11.976725812374069 16.527811501531776 17.775317038209 18.64821573021375 22.40687120493745 23.674161365449706 18.520635899770767 16.723558006484023 21.954998832237578 24.748625315195834 21.6115960987222 16.796238729882134 11.309932474020213 5.128711509483251 10.759583898850556 14.763132623631554 15.99993592924168 19.370844026969944 24.12447190179544 26.43722935718126 25.849324896740104 21.33126583595921 17.224372940700082 16.428860704621638 15.99993592924168 16.723558006484023 17.083143246452856 14.621143938770764 12.225122675735754
4.262693045214654 6.09147800207977 7.594643368591445 8.735690934280582 8.530765609948133 8.159014354942736 6.853224835121291 12.225122675735753 20.99158237694124 28.987578250072634 26.615901707309963 14.506372352544124 9.321835749415003 12.225122675735753 11.648634944412734 14.592550602033427 16.527811501531776 16.723558006484023 18.94158858012096 22.29097037475897 21.83567219571615 16.91651608571675 16.051123667414398 23.490416068641593 25.849324896740104 20.439317573258243 14.506372352544124 5.710593137499643 6.0172848640320336 11.348119585994183 14.273571375658685 16.253917058152773 23.3822424378352 25.253207609369632 22.423358559286118 19.51118046928032 16.527811501531776 14.592550602033427 12.772578169490428 13.515781057664528 17.775317038209 14.763132623631554 10.21937711459359 8.47871314708616
1.9091524329963763 5.788832299437197 9.462322208025617 7.653048720543413 4.763641690726178 6.853224835121291 9.321835749415003 13.16632060042364 19.370844026969944 28.25731168850377 30.508958866202807 21.135527342306382 12.638224684699054 13.262676008304846 13.42150913297746 14.273571375658685 15.793169048263966 17.93200256558677 20.82800310374709 21.954998832237578 18.94158858012096 16.228736705934203 17.387333467314576 21.41941890898412 25.809367457705076 22.765646640754476 14.24415761739711 4.262693045214654 6.853224835121291 10.430760195064721 13.134022306396323 16.91651608571675 22.40687120493745 22.40687120493745 18.174763056324142 14.273571375658685 13.42150913297746 12.260147486012336 10.678414922779547 13.036578496913089 16.228736705934203 12.225122675735754 7.416536974278209 5.5507182121273235
2.1342998941463125 4.857533338413092 7.825525624597575 6.379370208442804 5.385977098599754 6.0172848640320336 10.430760195064721 14.15548761586253 18.456418645243215 26.577778623734837 31.80966393488111 26.56505117707799 15.42324502154344 11.038532615965035 13.262676008304846 15.81919394750014 17.75279016194668 17.66231893216494 20.097992628721148 21.18915910142139 19.370844026969944 20.07880037349212 19.471220634490695 20.097992628721148 25.376933525152303 24.932657538079724 16.601549599020238 8.47871314708616 8.935631425418535 13.824682316158707 16.453666886955713 19.47122063449069 23.567234622032583 23.44414611986146 18.456418645243215 13.262676008304846 13.069151942759001 12.604382648379184 10.678414922779547 13.326469949385988 15.42324502154344 11.386165083355712 6.379370208442804 5.385977098599754
2.698950908923438 3.016961309815993 5.788832299437197 5.788832299437197 4.857533338413092 8.735690934280582 12.53638838286113 13.262676008304846 16.723558006484023 24.286461463040197 31.205779114725832 29.802413569555988 18.43494882292201 10.21937711459359 13.824682316158707 17.775317038209 18.19662752273151 18.434948822922014 20.155422119735228 21.55942138371082 23.3822424378352 24.15404655313558 20.99158237694124 22.423358559286118 27.17735741799749 26.113233272206745 17.224372940700082 8.735690934280582 9.368915578454837 13.915808695897177 16.91651608571675 18.520635899770767 23.567234622032583 23.567234622032583 19.787913812706318 17.775317038209 15.922779458176539 14.621143938770764 13.326469949385988 14.535165207979569 13.515781057664528 11.348119585994183 6.721369339369456 7.6530487205434135
0.0 2.1342998941463125 5.788832299437197 7.653048720543413 6.91817481667161 8.104435709194412 10.430760195064721 12.225122675735753 14.959246786437891 22.07341542334565 30.051606490707005 31.244175851188185 24.168813435810108 15.84516718027127 15.84516718027127 19.12710170142385 20.097992628721148 18.64821573021375 18.262020066776483 20.097992628721148 24.475819581509896 23.3822424378352 19.471220634490695 23.567234622032576 28.665750219765908 24.15404655313558 12.04828213833979 6.654425046006596 10.21937711459359 16.453666886955713 18.62703081108459 19.290046219188735 22.636129876883253 21.818550314312215 18.456418645243215 19.310287408745566 21.135527342306382 18.64821573021375 14.036243467926477 12.638224684699054 14.273571375658685 10.678414922779547 7.653048720543413 8.159014354942736
4.262693045214654 3.931095784160226 5.710593137499643 6.721369339369456 6.721369339369456 7.594643368591445 9.508656426564368 11.348119585994187 13.16632060042364 19.610609129170935 27.360321545332805 30.568994594623472 28.2802698454997 24.359555875506427 21.83567219571615 21.83567219571615 20.43931757325825 17.03574212804197 17.224372940700082 19.82702865340817 23.750100573474082 22.862089144234925 20.43931757325825 24.38870074689113 25.67546321497188 16.527811501531776 8.47871314708616 6.0172848640320336 10.21937711459359 17.03574212804197 21.6115960987222 21.86985930890943 22.619864948040426 21.818550314312215 19.310287408745566 21.135527342306382 23.195068590140778 18.77467605427877 12.772578169490428 10.999158271052183 12.260147486012336 8.104435709194412 4.262693045214654 6.853224835121291
6.0172848640320336 4.262693045214654 4.262693045214654 7.6530487205434135 8.47871314708616 9.870926939134984 11.309932474020213 10.430760195064721 10.388857815469612 16.051123667414398 25.688903331931808 30.378128880975517 29.506862217331054 29.20593224739942 28.82189836411544 24.475819581509896 17.224372940700082 19.18841875693642 21.611596098722195 22.619864948040426 24.242444512172103 23.490416068641593 24.168813435810108 25.253207609369632 21.954998832237578 14.592550602033427 8.984876931685683 6.0172848640320336 9.462322208025618 17.387333467314576 23.885886734419245 24.932657538079724 23.674161365449706 22.8781056322946 21.954998832237578 23.44414611986146 21.818550314312215 15.81919394750014 13.134022306396323 12.364552990274646 9.64622531297678 4.857533338413092 1.9091524329963763 4.857533338413092
3.931095784160226 3.931095784160226 3.931095784160226 4.857533338413092 8.104435709194412 11.648634944412734 13.262676008304846 11.348119585994187 9.508656426564368 13.42150913297746 22.619864948040426 29.686933196903507 30.378128880975517 31.434832006995155 33.82175731760859 27.323891301346535 18.64821573021375 21.472069143359253 24.475819581509896 26.539566558618304 26.56505117707799 27.432940772267944 26.880307851328986 24.15404655313558 20.99158237694124 15.179705807856672 10.388857815469612 8.935631425418535 8.159014354942736 14.24415761739711 22.862089144234925 26.43722935718126 25.239401820678914 23.195068590140778 22.40687120493745 24.591248866909307 23.810592639509235 17.775317038209 14.15548761586253 11.648634944412734 8.935631425418535 7.416536974278209 4.763641690726178 4.262693045214654
5.788832299437197 6.379370208442804 6.09147800207977 4.763641690726178 6.0172848640320336 10.388857815469612 13.262676008304846 11.648634944412734 8.735690934280582 10.759583898850556 20.439317573258243 28.36037275987968 30.895350180310494 32.49030653118972 33.82175731760859 31.434832006995155 26.615901707309963 22.862089144234925 21.260377126997213 22.813941739617725 25.486125594093767 26.930191000928776 24.74862531519583 21.97197083681397 19.471220634490695 13.915808695897173 9.508656426564368 10.678414922779547 9.870926939134984 13.262676008304846 21.818550314312215 27.323891301346535 24.242444512172106 21.135527342306382 22.684823831912848 24.242444512172106 23.490416068641593 18.456418645243215 13.16632060042364 9.870926939134984 8.47871314708616 7.6530487205434135 6.721369339369456 5.5507182121273235
11.348119585994187 9.508656426564368 5.5507182121273235 6.0172848640320336 6.09147800207977 8.104435709194412 10.555380466061171 11.648634944412734 9.64622531297678 11.309932474020213 20.155422119735228 25.915703593185818 30.61885839795703 33.98489250343522 31.892840502095876 30.103052462896233 30.77741947322608 28.36037275987968 21.818550314312215 20.07880037349212 22.619864948040426 22.489134862284534 20.699546585586496 18.262020066776483 15.179705807856672 8.049466975528398 4.044691235386269 11.348119585994187 16.051123667414398 18.94158858012096 22.29097037475897 25.14243049054343 22.765646640754476 22.07341542334565 23.810592639509235 24.46133251877165 23.567234622032583 18.520635899770767 12.260147486012336 8.530765609948133 6.654425046006596 5.128711509483251 4.044691235386269 2.698950908923438
9.64622531297678 9.508656426564368 8.530765609948133 5.5507182121273235 5.5507182121273235 4.763641690726178 7.653048720543413 11.648634944412734 11.648634944412734 13.262676008304846 17.775317038209 23.195068590140778 28.987578250072634 34.41738871044157 32.13988228321215 29.538782259558097 32.31153323742385 31.7353754997287 28.2802698454997 25.03089023333195 22.619864948040426 20.43931757325825 17.011979932422005 13.036578496913089 7.6530487205434135 1.3502244696996157 6.853224835121291 14.24415761739711 20.001783914715944 21.31357434104547 21.938008256074177 22.68482383191284 21.83567219571615 23.885886734419245 23.397741000263863 22.8781056322946 21.954998832237578 16.69924423399362 11.348119585994187 8.582483688827132 6.0172848640320336 6.09147800207977 5.5507182121273235 3.016961309815993
