samples/calib_catcha.asc
ncols        116
nrows        138
xllcorner    345338.872239999997
yllcorner    6752439.873370000161
cellsize     30.000000000000
NODATA_value  -99999
[rows 0 to 37 of 138, columns 0 to 84 of 116]
9900.0 7200 2700 1800 900 900 1800 3600 21600 5400 4500 7200 3600 1800 900 900 1800 2700 3600 900 6300 587700 139500 2700 900 900 18900 9900 1800 900 5400 4500 3600 2700 3600 900 3600 3600 900 1800 900 2700 5400 9000 12600 65700 6300 5400 2700 1800 900 3600 900 7200 141300 18000 1800 900 2700 1800 6300 2700 6300 99900 5400 6300 3600 1800 900 2700 4500 900 7200 900 10800 14400 13500 479700 900 900 900 900 900 900 900
1800 1800 3600 1800 900 900 2700 3600 17100 4500 3600 6300 1800 900 900 900 1800 2700 900 5400 6300 580500 135900 900 900 19800 48600 37800 36900 35100 27000 18000 7200 900 1800 2700 2700 1800 900 900 1800 1800 2700 2700 2700 62100 5400 4500 1800 900 2700 900 5400 9000 131400 15300 2700 900 1800 900 5400 1800 5400 94500 4500 4500 5400 2700 900 1800 3600 6300 900 9000 2700 3600 9000 72000 405900 27900 1800 1800 1800 900 900
900 900 900 2700 900 1800 900 1800 16200 3600 2700 2700 2700 900 1800 2700 900 900 3600 4500 5400 573300 900 133200 98100 77400 27900 19800 2700 900 7200 8100 9900 5400 900 900 1800 1800 900 900 900 1800 1800 1800 1800 59400 4500 3600 900 1800 2700 900 8100 123300 7200 9000 2700 1800 900 4500 900 1800 2700 57600 36000 3600 3600 4500 1800 900 2700 5400 900 1800 2700 4500 3600 71100 2700 374400 23400 17100 900 1800 8100
3600 2700 1800 900 1800 900 900 3600 11700 2700 1800 1800 1800 900 900 900 3600 1800 1800 2700 513900 53100 900 34200 19800 9900 5400 7200 16200 1800 3600 2700 7200 9000 3600 2700 1800 900 900 900 900 900 900 900 36900 21600 3600 2700 900 1800 2700 6300 2700 119700 900 5400 8100 1800 900 3600 900 1800 2700 54000 32400 2700 2700 2700 3600 900 1800 4500 900 1800 3600 1800 900 70200 1800 6300 367200 5400 11700 9000 2700
12600 11700 8100 4500 1800 900 900 1800 10800 1800 900 900 900 900 900 1800 1800 4500 2700 3600 510300 51300 900 13500 3600 5400 3600 4500 6300 15300 900 2700 1800 6300 8100 2700 900 900 900 900 1800 2700 25200 36000 6300 14400 2700 1800 900 1800 900 1800 105300 13500 900 4500 5400 1800 900 2700 900 1800 3600 49500 27000 4500 1800 1800 1800 2700 900 3600 900 2700 900 3600 68400 900 900 5400 1800 364500 4500 3600 2700
8100 3600 2700 2700 1800 900 900 1800 7200 900 900 900 900 900 1800 1800 2700 2700 5400 505800 42300 900 6300 9900 2700 2700 4500 2700 3600 5400 14400 1800 900 2700 2700 4500 900 900 1800 3600 1800 21600 9900 5400 1800 11700 1800 900 900 1800 900 5400 99000 11700 3600 3600 2700 1800 900 1800 900 2700 1800 46800 9000 17100 3600 900 900 900 1800 2700 900 1800 2700 2700 61200 900 1800 2700 900 900 362700 4500 900
3600 3600 2700 1800 1800 900 900 1800 2700 1800 900 900 1800 1800 1800 4500 2700 9000 17100 482400 41400 13500 7200 5400 9000 1800 1800 3600 1800 2700 4500 13500 900 1800 1800 2700 900 900 3600 6300 18900 5400 3600 4500 900 5400 5400 900 900 900 3600 900 97200 7200 2700 2700 2700 1800 900 900 1800 900 2700 43200 7200 900 16200 2700 1800 900 900 1800 900 900 1800 12600 46800 900 900 1800 900 3600 8100 349200 4500
2700 2700 2700 1800 900 900 900 900 900 900 900 1800 1800 2700 2700 900 6300 7200 481500 13500 5400 8100 5400 6300 4500 8100 900 900 2700 900 1800 3600 12600 900 900 900 900 1800 1800 4500 3600 4500 2700 3600 2700 1800 3600 900 900 900 1800 76500 19800 2700 3600 1800 1800 1800 900 900 900 1800 3600 38700 5400 900 3600 11700 4500 2700 900 900 900 900 11700 1800 43200 900 900 900 1800 900 3600 294300 49500
900 1800 1800 1800 900 900 1800 2700 900 900 900 1800 2700 2700 3600 3600 4500 5400 475200 5400 7200 4500 7200 4500 5400 3600 7200 2700 1800 1800 900 900 1800 11700 1800 900 900 900 1800 1800 2700 3600 1800 2700 1800 900 2700 1800 2700 4500 5400 68400 16200 1800 1800 2700 900 900 900 900 1800 2700 31500 6300 3600 900 2700 4500 1800 900 900 900 900 9900 900 1800 39600 900 900 1800 2700 900 1800 287100 6300
1800 900 900 900 900 900 1800 3600 7200 1800 1800 1800 2700 3600 3600 8100 9000 457200 17100 5400 4500 6300 3600 6300 3600 4500 2700 3600 1800 900 900 900 900 9000 5400 2700 900 900 900 900 900 2700 900 1800 900 1800 900 900 900 1800 2700 64800 4500 9000 900 900 1800 900 900 900 1800 8100 22500 2700 2700 2700 1800 1800 1800 900 900 900 6300 900 900 36000 900 900 900 1800 900 4500 181800 104400 99900
1800 900 900 900 900 900 900 900 1800 8100 2700 2700 2700 3600 4500 5400 418500 28800 5400 5400 4500 3600 5400 2700 5400 2700 3600 1800 900 900 900 900 900 900 900 1800 900 900 1800 2700 900 900 900 900 900 900 1800 900 2700 3600 56700 900 6300 3600 8100 5400 1800 900 900 2700 5400 11700 8100 1800 1800 1800 1800 900 900 900 900 2700 900 900 33300 900 900 900 1800 2700 5400 6300 176400 3600 900
4500 3600 1800 1800 1800 900 900 900 900 2700 9000 3600 3600 7200 11700 412200 11700 16200 4500 4500 4500 3600 2700 4500 1800 4500 1800 2700 900 900 1800 2700 900 2700 1800 900 900 900 900 1800 4500 900 900 900 900 900 1800 4500 5400 6300 45900 2700 2700 2700 2700 1800 2700 900 900 1800 900 9900 6300 900 900 900 900 900 900 900 900 1800 2700 29700 900 900 900 1800 2700 3600 4500 5400 163800 900 900
2700 900 900 4500 1800 1800 900 900 1800 1800 3600 9900 4500 900 397800 1800 10800 5400 5400 3600 3600 3600 2700 1800 3600 900 3600 900 1800 900 4500 10800 6300 2700 1800 900 900 900 1800 900 9000 1800 1800 900 900 1800 900 1800 2700 33300 8100 900 1800 1800 1800 1800 900 900 900 1800 2700 6300 4500 900 900 900 900 900 1800 1800 900 1800 900 26100 900 900 900 900 900 1800 2700 3600 159300 900 7200
900 900 900 8100 2700 1800 900 900 1800 2700 2700 4500 10800 16200 379800 900 9900 3600 4500 4500 2700 2700 2700 1800 900 2700 1800 900 900 1800 7200 14400 2700 1800 900 900 900 2700 2700 900 900 11700 2700 1800 900 2700 6300 10800 19800 9900 6300 7200 900 900 900 900 900 900 1800 3600 5400 2700 900 900 1800 2700 1800 2700 900 2700 900 1800 2700 23400 900 900 1800 1800 1800 900 1800 135900 21600 15300 7200
900 900 1800 9900 3600 2700 1800 900 1800 2700 3600 3600 5400 377100 1800 900 2700 2700 2700 3600 3600 1800 1800 1800 900 900 900 900 900 900 1800 22500 900 900 900 900 1800 1800 6300 1800 1800 12600 5400 1800 900 900 1800 1800 8100 900 1800 5400 5400 2700 1800 900 900 900 900 900 900 900 900 2700 7200 18000 5400 1800 3600 900 900 1800 4500 14400 900 900 1800 4500 2700 2700 900 133200 3600 1800 900
900 900 900 2700 14400 3600 2700 1800 900 2700 3600 4500 9000 370800 5400 4500 900 1800 1800 1800 2700 2700 900 900 900 900 900 900 900 1800 2700 25200 2700 1800 900 900 1800 2700 9000 4500 13500 900 9900 1800 900 900 900 900 3600 2700 900 3600 900 1800 900 900 900 1800 1800 900 900 900 900 900 900 21600 1800 900 5400 900 900 2700 9000 3600 900 900 2700 3600 9000 3600 125100 5400 900 2700 900
900 900 1800 1800 3600 18900 3600 2700 900 1800 3600 4500 324000 31500 4500 900 2700 1800 900 900 900 1800 1800 900 900 900 2700 1800 900 900 1800 5400 30600 1800 900 900 1800 2700 17100 14400 1800 10800 900 900 900 900 900 900 1800 1800 900 900 900 900 1800 900 900 1800 4500 1800 2700 900 900 900 900 22500 900 900 7200 900 900 900 5400 900 900 900 1800 2700 3600 13500 103500 900 4500 900 900
1800 1800 900 2700 2700 23400 4500 900 3600 1800 2700 7200 318600 26100 900 2700 1800 900 900 2700 1800 900 900 900 900 1800 4500 2700 1800 900 900 1800 38700 1800 900 900 1800 5400 32400 2700 11700 5400 3600 1800 1800 2700 900 900 900 900 900 900 900 3600 1800 900 900 1800 7200 2700 4500 1800 900 900 2700 23400 2700 8100 3600 1800 900 900 900 1800 900 1800 5400 10800 13500 15300 73800 13500 900 2700 1800
6300 900 2700 1800 8100 136800 163800 169200 171000 4500 2700 207000 103500 14400 9900 9000 8100 7200 6300 2700 1800 900 1800 900 1800 2700 5400 3600 2700 900 2700 3600 43200 1800 900 900 1800 8100 36000 28800 16200 9900 9000 8100 5400 1800 900 900 900 900 1800 1800 1800 11700 4500 900 900 1800 2700 10800 5400 3600 900 1800 3600 53100 28800 11700 4500 3600 1800 900 900 900 1800 2700 4500 1800 900 900 72900 900 11700 10800 2700
4500 7200 114300 124200 127800 2700 900 2700 5400 185400 203400 62100 900 39600 13500 9000 4500 3600 2700 1800 900 900 2700 1800 2700 3600 6300 4500 3600 900 1800 2700 52200 900 1800 900 1800 46800 29700 900 900 900 900 1800 900 900 900 1800 900 1800 3600 900 2700 12600 1800 900 900 2700 2700 14400 9900 1800 2700 4500 54900 900 2700 2700 2700 900 900 900 900 1800 2700 3600 900 900 1800 16200 27900 26100 6300 3600 7200
94500 105300 4500 1800 2700 1800 900 1800 1800 1800 17100 54900 6300 4500 34200 3600 3600 2700 1800 900 1800 3600 2700 900 900 7200 7200 5400 4500 900 900 1800 2700 54000 900 2700 3600 47700 31500 1800 1800 1800 2700 900 900 2700 900 900 2700 1800 6300 1800 3600 15300 900 900 900 900 3600 18000 12600 3600 5400 57600 1800 900 1800 900 900 900 1800 900 900 900 1800 2700 3600 4500 13500 12600 5400 9000 18900 1800 2700
2700 5400 3600 900 1800 900 900 900 900 9900 2700 3600 54000 5400 3600 33300 2700 1800 900 2700 4500 3600 1800 900 1800 8100 8100 10800 900 900 1800 2700 3600 57600 900 1800 7200 48600 34200 10800 8100 5400 1800 900 1800 4500 900 900 4500 12600 21600 22500 30600 46800 1800 1800 900 1800 3600 4500 99900 64800 58500 3600 2700 1800 900 900 900 2700 900 1800 900 1800 2700 3600 6300 8100 9900 1800 4500 4500 3600 18000 900
1800 4500 1800 900 900 900 900 1800 2700 6300 1800 2700 3600 49500 4500 2700 32400 27900 16200 12600 7200 2700 1800 900 2700 17100 11700 1800 900 900 1800 2700 3600 8100 58500 1800 9900 99900 16200 4500 3600 2700 1800 900 2700 6300 1800 900 1800 3600 1800 1800 900 1800 51300 900 2700 4500 5400 14400 123300 8100 7200 2700 1800 900 900 900 1800 4500 900 2700 900 1800 900 1800 900 4500 4500 900 3600 3600 1800 900 17100
900 3600 900 2700 3600 900 1800 2700 3600 1800 900 1800 2700 32400 16200 3600 1800 3600 10800 8100 6300 4500 1800 900 3600 18000 14400 1800 1800 900 900 1800 2700 3600 12600 73800 110700 11700 4500 3600 2700 1800 900 900 10800 2700 2700 900 900 2700 900 900 1800 3600 4500 56700 1800 900 900 900 126000 1800 900 900 900 900 1800 1800 2700 5400 1800 900 4500 2700 900 900 900 2700 1800 1800 2700 1800 900 900 8100
900 1800 1800 1800 2700 7200 9000 900 2700 1800 900 900 1800 31500 4500 10800 2700 900 2700 1800 900 900 900 900 1800 22500 17100 2700 1800 900 900 900 1800 2700 3600 78300 126000 2700 6300 4500 1800 900 900 1800 15300 3600 2700 1800 900 900 900 900 900 900 1800 900 58500 2700 1800 128700 900 900 1800 900 1800 1800 2700 2700 3600 6300 2700 1800 5400 3600 1800 1800 900 900 900 900 900 900 900 900 1800
900 900 900 900 1800 900 900 13500 900 1800 900 900 1800 28800 3600 8100 1800 1800 900 900 900 900 1800 900 3600 23400 18000 3600 3600 1800 900 900 900 1800 2700 211500 3600 1800 1800 900 1800 900 900 900 22500 5400 1800 900 900 900 900 900 900 900 900 2700 900 59400 3600 131400 1800 1800 2700 1800 4500 3600 900 3600 4500 7200 3600 2700 6300 4500 4500 900 900 900 900 900 900 900 900 900 900
900 900 900 1800 900 4500 15300 900 6300 900 900 900 1800 26100 2700 1800 5400 900 900 900 1800 1800 900 2700 5400 24300 18900 4500 4500 3600 1800 900 900 900 1800 214200 1800 900 900 900 900 900 900 1800 30600 1800 900 1800 900 900 2700 900 1800 1800 1800 1800 3600 1800 63900 132300 4500 900 3600 7200 6300 1800 900 4500 5400 8100 7200 900 7200 9900 1800 900 2700 1800 900 2700 900 2700 1800 1800 900
900 900 1800 900 3600 24300 1800 17100 6300 1800 900 900 900 24300 1800 900 3600 900 1800 2700 3600 2700 2700 1800 10800 84600 900 24300 5400 6300 1800 900 900 1800 216900 900 900 900 900 900 1800 1800 1800 33300 900 900 2700 1800 900 900 1800 3600 3600 2700 900 2700 2700 6300 64800 137700 1800 900 11700 7200 900 900 900 6300 6300 9000 9000 8100 900 12600 2700 900 900 5400 4500 1800 900 5400 2700 900 900
1800 900 1800 4500 5400 55800 28800 6300 3600 5400 3600 900 3600 17100 2700 900 2700 900 1800 3600 4500 9000 3600 39600 48600 900 86400 88200 30600 9000 900 1800 1800 2700 900 220500 900 900 900 1800 3600 2700 2700 35100 1800 900 3600 2700 1800 1800 900 6300 4500 900 3600 1800 6300 7200 65700 140400 1800 12600 900 9000 1800 900 900 8100 16200 9900 9900 900 14400 3600 900 900 900 1800 12600 1800 900 16200 9900 5400 3600
900 3600 900 900 68400 6300 2700 1800 5400 2700 900 1800 2700 14400 1800 1800 1800 900 900 900 1800 2700 32400 900 7200 900 2700 3600 123300 9900 1800 2700 2700 900 226800 900 900 1800 1800 6300 900 3600 3600 37800 1800 900 4500 3600 2700 2700 1800 7200 5400 900 1800 4500 9000 8100 207000 2700 900 13500 1800 9900 2700 1800 1800 25200 10800 45900 35100 900 23400 8100 2700 900 900 2700 19800 18900 17100 900 11700 9000 6300
1800 4500 1800 74700 4500 2700 2700 1800 900 4500 1800 900 1800 12600 900 900 900 900 900 1800 2700 17100 2700 900 5400 900 1800 4500 7200 141300 2700 3600 155700 900 900 631800 900 2700 900 9000 6300 900 42300 2700 1800 900 900 9000 3600 3600 2700 8100 6300 900 1800 7200 9900 9000 212400 1800 14400 900 138600 17100 6300 2700 98100 70200 52200 2700 900 33300 30600 4500 1800 900 900 900 900 39600 1800 12600 900 1800 1800
9900 89100 81900 900 900 2700 1800 1800 900 1800 1800 900 900 10800 900 900 900 900 900 1800 10800 2700 1800 2700 1800 900 1800 1800 1800 2700 144900 148500 242100 400500 401400 900 639900 643500 1800 9900 50400 43200 3600 2700 2700 900 900 1800 13500 4500 3600 9000 7200 1800 900 9900 399600 379800 166500 162900 144900 141300 900 118800 116100 111600 5400 3600 2700 2700 900 1800 1800 900 900 900 900 1800 1800 43200 13500 5400 3600 900 900
101700 900 900 2700 1800 900 1800 900 900 900 900 1800 6300 3600 900 900 3600 900 2700 4500 3600 1800 900 1800 900 900 900 900 900 1800 2700 241200 900 900 2700 4500 900 900 647100 900 65700 4500 8100 4500 900 900 900 2700 5400 14400 9000 9900 8100 2700 1800 410400 4500 3600 2700 2700 2700 1800 900 1800 3600 5400 1800 4500 2700 1800 1800 900 900 900 900 900 1800 1800 4500 57600 8100 1800 900 1800 900
108900 900 4500 3600 2700 1800 900 900 900 900 900 1800 1800 900 900 900 900 4500 900 900 1800 900 900 900 900 900 900 900 1800 2700 230400 4500 2700 1800 900 900 1800 900 1800 648900 66600 9000 2700 1800 900 900 1800 2700 3600 9900 34200 900 11700 11700 2700 415800 3600 2700 1800 1800 1800 1800 900 900 2700 2700 1800 900 3600 1800 900 900 900 1800 3600 1800 1800 2700 7200 69300 2700 1800 900 900 2700
900 5400 9000 8100 1800 900 900 1800 1800 900 900 900 900 900 900 1800 900 1800 5400 900 900 900 900 1800 3600 1800 1800 1800 2700 212400 14400 3600 1800 900 900 1800 2700 5400 22500 651600 900 80100 900 900 1800 900 900 1800 3600 5400 7200 43200 45900 60300 75600 423000 2700 1800 900 900 900 900 900 900 900 900 900 900 1800 900 900 900 900 900 900 5400 8100 10800 80100 4500 3600 2700 1800 3600 900
900 9900 1800 900 5400 4500 2700 2700 1800 1800 900 900 1800 1800 2700 2700 900 9900 900 1800 900 900 1800 900 1800 6300 2700 5400 208800 11700 1800 2700 900 1800 5400 6300 12600 16200 4500 27900 653400 82800 1800 2700 1800 900 900 900 900 900 900 1800 1800 1800 78300 427500 3600 2700 1800 900 900 900 900 900 900 900 900 900 900 900 900 900 1800 1800 1800 900 1800 2700 96300 9000 8100 7200 6300 1800 1800
10800 36000 33300 16200 9000 8100 7200 2700 2700 900 900 900 900 2700 11700 900 900 900 11700 2700 1800 900 2700 2700 174600 176400 191700 202500 7200 3600 900 1800 900 2700 1800 5400 2700 3600 3600 5400 687600 83700 3600 2700 1800 1800 900 900 900 900 900 900 900 900 1800 509400 2700 1800 900 900 1800 1800 1800 1800 1800 2700 1800 1800 900 900 900 1800 1800 2700 2700 2700 900 900 108900 7200 6300 5400 3600 2700 900
41400 4500 900 15300 6300 3600 1800 900 3600 1800 1800 900 1800 1800 14400 900 900 1800 15300 18900 900 157500 161100 171000 900 4500 3600 9900 6300 1800 900 900 1800 900 2700 1800 2700 2700 900 900 1800 688500 93600 2700 2700 1800 1800 900 900 1800 1800 900 900 900 900 512100 900 900 1800 900 2700 2700 4500 900 5400 2700 6300 3600 1800 900 900 1800 2700 5400 3600 3600 3600 1800 117900 2700 1800 900 900 900 3600
