samples/calib_twi.asc
ncols    116
nrows    138
xllcorner    345338.87224
yllcorner    6752439.87337
cellsize    30.0
NODATA_value    -2147483648.0
[rows 0 to 26 of 138, columns 0 to 60 of 116]
3.1340175 2.9792216 3.0634043 3.476716 4.1183753 4.986299 3.985756 3.9472208 4.039424 4.026274 3.8448968 3.7812543 3.5318162 3.7122002 5.2017508 4.220913 3.564234 3.4237428 3.2807064 2.9294956 3.1541452 4.5317345 4.0952106 3.378464 3.659085 4.059288 4.185702 3.60138 3.4880219 3.8360865 3.715804 3.4365103 3.5482945 3.8555553 4.907179 4.481165 4.034484 3.563058 4.393204 4.5481305 4.4176803 3.373692 3.3573523 3.5362747 3.6047719 3.7662098 3.6479354 3.6375458 3.6712036 3.7473998 3.7833066 3.6623416 3.4615953 3.3613584 3.2974641 3.1254187 3.1563993 3.2069056 3.0872924 3.0116713 3.0411313
2.9714406 3.0419953 3.3439183 3.7975786 4.2138696 4.258776 3.9841335 3.9096034 3.9917297 3.9019384 3.846209 3.7194445 3.7143447 4.106013 5.2981663 4.1214395 3.5329132 3.3210537 3.1713526 2.9299734 3.2685246 4.76034 5.130733 3.816419 3.6036124 4.0538797 3.911852 3.3411286 3.3733578 3.665009 3.6201959 3.3847897 3.434932 3.801212 4.122394 4.1191754 3.8163576 3.6554592 4.668288 5.0501423 4.469337 3.3839562 3.2853575 3.4093976 3.535121 3.7172966 3.7286818 3.6817687 3.7179637 3.7418427 3.7106228 3.68616 3.6968951 3.6227624 3.4421575 3.2636123 3.2898746 3.4278347 3.3285158 3.1423573 3.0452242
3.178755 3.4352448 3.7821484 3.9497516 4.149007 3.827618 3.7074487 3.799967 3.9629624 3.7647414 3.657462 3.5409582 3.8638968 4.4696074 4.2175617 3.9379058 3.342101 3.0046444 2.9867766 3.0144937 3.5448666 5.1936617 10.288153 5.098889 4.1187305 3.7972195 3.2513885 3.0593312 3.0887518 3.1421645 3.1762989 3.2639594 3.5546718 3.7615235 3.9292233 4.0279937 3.9015856 4.82715 5.7652917 6.332358 4.888436 4.3290524 3.5093107 3.4593112 3.4870038 3.664299 3.899786 3.856235 4.0252976 3.997084 3.7444406 3.6531582 3.8397417 3.9818888 3.6257925 3.5161462 3.5329993 3.5995257 3.592743 3.374897 3.1385288
3.4166007 3.5458782 3.6539667 3.7439837 4.0627675 4.068213 3.7170515 3.7151809 3.9211173 3.6883094 3.4904814 3.4410915 3.588961 4.3189664 3.92988 3.387975 2.8896542 2.839623 2.989807 3.1576467 4.2689342 10.338924 10.291408 5.3438683 3.7876744 3.097774 2.9105022 2.879337 2.8304124 2.9589195 3.1223698 3.3449368 3.8198254 3.985452 4.080832 4.083948 4.113736 5.6533403 6.3343463 5.564092 5.2532578 3.952516 3.8285236 3.8137915 3.7229095 3.8158062 3.6844594 3.695351 3.8908696 4.0156426 3.9144702 3.7536142 3.848172 3.8892727 3.5703824 3.476422 3.3768234 3.3544226 3.432018 3.366858 3.2276547
3.3799999 3.3924189 3.4210365 3.62524 3.968383 4.3878202 4.0807467 3.7927752 3.9030337 3.768155 3.7154016 3.8118105 3.6696806 3.6662607 3.4030364 2.8655665 2.657947 2.846619 3.0508502 3.7540162 7.216262 10.338924 4.9376464 3.688025 3.1263125 2.8650882 2.7777297 2.7470205 2.831106 3.2045116 3.5269997 3.6273499 3.6448064 3.860249 4.2171335 4.0431075 4.11947 5.453991 5.2589493 5.106981 4.449889 4.05893 4.1000533 3.997796 3.8604157 3.7838066 3.541382 3.4945934 3.45226 3.5018365 3.6157734 3.7925568 3.8833127 3.5994673 3.4577265 3.372033 3.2103927 3.2309084 3.3004496 3.3047686 3.3106892
3.1457272 3.2193336 3.405998 3.5727544 3.788881 4.1158123 4.268172 4.0104756 4.0517316 4.0830164 4.316307 6.233711 3.9747515 3.358952 2.877773 2.5593731 2.6062849 2.9529343 3.6427746 5.429102 10.288153 5.195474 3.608433 3.109731 2.8663156 2.713361 2.690969 2.7879171 3.1204543 3.6245801 3.7992957 3.8093896 3.6822908 3.6932187 3.957705 3.8398488 3.9938834 4.601127 4.482081 4.786544 4.3992057 4.736963 4.6147666 3.8869832 3.7024555 3.722405 3.8373206 3.8390567 3.5650735 3.431818 3.4671493 3.7133813 3.902397 3.6166582 3.540717 3.4081602 3.2706673 3.2482784 3.2768598 3.4136798 3.4343102
3.1017327 3.3051627 3.4990664 3.4907227 3.6492426 4.0571656 4.2899466 4.26413 4.3207703 4.613422 6.800275 4.071753 3.4303124 3.0697064 2.734972 2.5194335 2.7071147 3.5869699 5.4485173 10.291408 9.657839 3.8075054 3.0748355 2.933286 2.827492 2.7961054 2.865184 3.1236644 3.5460875 3.7333384 3.8074143 4.020186 4.145032 4.000674 3.7910137 3.67636 4.1564474 4.3259397 3.927509 4.347273 4.900737 4.7050443 4.264336 4.010783 3.827223 3.8491747 4.037358 4.9627314 4.7964225 3.547608 3.5414631 3.9889994 4.2537584 3.9423573 3.6890752 3.4377747 3.2941647 3.2737556 3.489968 4.558221 3.6229992
3.3375893 3.50014 3.5698113 3.51982 3.8721392 4.9249744 4.5863233 4.7839046 5.0946903 5.5518813 4.462245 3.5536501 3.1777372 2.9980686 2.7806897 2.590479 2.926454 4.3622766 10.288153 6.775206 4.001474 3.1995144 3.009403 2.956283 2.9523935 3.0036438 3.196266 3.494 3.6352336 4.3543816 3.7442875 3.9486945 4.416545 4.7428346 4.291443 4.2511764 4.7794003 4.3151355 3.9073842 4.0211673 4.12459 4.2652383 4.1203513 4.15006 4.0164223 3.9520094 4.1373672 5.4217205 4.9160104 3.5908036 3.6243968 4.068786 4.3200355 3.871417 3.560274 3.3643792 3.3467631 4.272989 4.75396 5.0892434 3.8195682
3.5688562 3.6204011 3.749848 3.848299 4.4381394 5.3794327 4.5863585 5.027954 5.4433236 5.042063 3.971242 3.2888305 3.0173316 2.915663 2.7515097 2.6566482 3.2905164 6.0078535 6.800928 4.0021152 3.313967 3.0739498 2.9541607 2.9427311 3.0039527 3.274286 3.431639 3.3857927 4.1716294 4.3608413 4.62855 4.9609637 4.74298 5.79488 4.555054 4.835963 5.1999335 4.458672 3.9577396 4.0123444 3.9410264 4.0533166 3.9183624 3.9634547 3.9420142 4.030889 4.2922525 4.617942 4.077545 3.7403383 3.9264112 4.176518 4.0844126 3.7955143 3.5542073 3.4528894 4.3761606 4.8791637 5.802252 4.966434 3.7734034
3.503736 3.7327492 4.1314163 4.46794 5.0815487 4.992986 4.818028 4.9335566 4.9097567 4.3555255 3.7169025 3.1065755 2.8260694 2.7605188 2.762489 2.9290006 3.7930784 7.7184997 4.2288017 3.3910952 3.0902486 2.8461592 2.8296225 2.8810606 3.0408983 3.3355358 3.4483752 3.3517635 3.4253712 4.594606 6.128713 5.8172297 4.7340245 5.3168845 4.561295 4.395976 4.7063646 5.0274563 4.3715315 4.5387745 4.810285 4.2970266 4.0607324 4.8702655 4.810886 4.168729 4.3107934 4.340451 3.9564867 3.7738538 4.278864 4.764338 4.372794 3.954092 3.6841776 3.753203 4.771757 5.2750006 6.049583 4.06876 3.8235102
3.422946 3.5738976 3.9710298 4.2001038 4.654883 5.273377 5.4846926 4.6570644 4.2033114 3.8068857 3.368773 2.9640944 2.6497478 2.6542554 2.9079323 3.3882823 4.748995 4.83926 3.5712543 3.1052742 2.8129597 2.7377133 2.8343976 2.942775 3.122007 3.4179516 3.5517673 3.5106575 4.384325 5.220037 5.1704087 4.751485 6.125099 5.197991 4.296016 4.2334266 4.7068405 5.78869 4.465166 4.680396 5.769514 4.734475 5.451047 6.0430737 5.436621 4.96777 4.209942 4.0592575 3.8696551 3.8760886 4.484694 4.885072 4.2467346 3.9567764 3.8612666 3.9333885 4.179386 4.928018 4.7156215 4.215228 4.248399
3.644473 3.72447 3.8618348 3.7765417 3.911682 4.583111 6.1688733 4.6306357 3.625002 3.2634387 3.0496755 2.8925586 2.635816 2.6992834 3.2619636 4.5165577 4.806331 3.6829002 3.1599517 2.907973 2.7717571 2.8522618 3.0243375 3.0659254 3.3180926 3.6134884 3.7375884 3.8846982 4.667119 4.4743323 4.3445706 4.315805 4.62492 4.808292 4.1690817 5.0923924 7.152793 5.535706 4.313839 4.3731112 5.61814 4.6612763 4.5756054 5.7119975 5.4516788 4.3590055 3.978507 3.8204446 3.8694663 4.320831 4.958016 4.247245 3.8961923 3.8720818 3.8853781 4.056481 4.4712334 5.4747305 4.926965 4.713934 4.813058
3.8761778 4.3603578 4.4264402 3.8363907 3.6471136 3.8769155 4.3088837 4.0270176 3.280745 2.9299707 2.9466372 2.9393885 2.746451 2.9436367 3.9668715 4.2165356 3.561005 3.1276958 3.0196428 2.9145312 2.8248365 2.886009 2.948476 3.1335583 3.4666348 3.7383747 3.8233297 4.0585413 4.9534287 5.5833583 5.4782076 5.033053 4.5044956 4.223296 4.163736 5.316825 5.0699863 4.148713 4.169583 4.4788094 5.616841 4.6977353 4.3271594 4.388742 4.599509 4.363893 4.1312857 3.8701382 4.002504 4.6505694 4.8304515 4.159381 3.9282556 3.8968692 3.9669797 4.2634807 4.8124633 6.8951554 5.1083865 4.7595253 5.1108546
3.9106615 4.647911 4.848102 4.261366 3.7537556 3.6191316 3.5938203 3.4118783 3.0488002 2.826146 2.9800088 2.9821696 2.9246535 3.4740734 4.7890267 3.6414404 3.1405506 2.91498 2.8361726 2.749623 2.7233496 2.802379 2.967619 3.3601124 3.7277584 4.035265 4.066823 4.2905636 4.402798 4.4266634 5.233657 5.4379697 4.493106 4.332341 4.6351905 4.4824533 4.0294394 3.955124 4.035351 4.3880453 4.922714 4.809528 4.423196 4.5644913 5.7026544 4.6470857 4.4905834 4.134487 3.9549444 3.9738429 4.3003836 4.075107 3.9797182 4.24537 4.455208 4.802277 5.780608 6.415566 5.0990124 4.7551017 5.1261277
4.4046307 4.4736786 3.9862497 4.486552 3.9065502 3.4650922 3.2094443 3.0968704 2.9652166 2.8987656 3.027364 3.0458722 3.204059 4.260914 4.207647 3.3429196 2.920206 2.7817774 2.7067134 2.7024791 2.809751 3.0118017 3.3229475 3.676631 4.9745383 4.7242465 5.136377 6.3893085 4.6973224 4.3200974 4.8059373 5.185954 4.329615 4.4407363 4.7479796 4.3990593 4.114554 3.900972 3.8585467 4.0320067 4.428197 4.836737 4.741249 4.3934236 5.0683527 4.8355646 4.13832 4.0954123 3.8829274 3.7913477 3.7846813 4.1947775 4.2068143 4.4879518 4.7404313 5.326506 7.329854 6.1722956 5.492077 4.860138 5.0862885
4.632036 3.96233 3.669273 4.032184 3.580874 3.1925354 3.0818088 3.0993292 3.097081 3.0308614 3.0769696 3.2022443 3.6274917 6.316068 3.7492793 3.0439522 2.7891393 2.7654605 2.8458261 2.9895682 3.2247722 3.5205445 3.6735425 4.709963 5.8831906 5.5528517 5.8383694 5.3405056 5.100003 4.483128 4.2727413 4.5750327 4.010002 3.9967687 4.3708425 4.365239 3.935188 3.7021887 3.8665652 4.115328 4.3172975 4.8279886 5.0470033 4.3638306 4.5959005 6.0597296 4.876283 4.180387 4.2009497 4.0579224 3.923281 4.1513586 4.7388535 4.9685836 4.743868 5.27129 5.846395 5.0871577 4.753627 4.821631 4.977244
3.5210454 3.4198356 3.563558 3.4645536 3.1853416 3.1185358 3.237444 3.315378 3.1941595 3.111069 3.2312083 3.4393864 4.2509794 4.571213 3.4657955 2.9176834 2.6982272 2.8369694 3.2062678 3.5338817 3.7963705 4.001275 3.938799 4.9132957 6.6950107 4.7885065 4.845381 4.753277 4.902884 4.377489 3.9961574 4.312812 4.2447143 3.886154 4.1459045 4.423178 3.7294147 3.6941428 4.257335 4.191496 4.2983603 4.484238 4.648925 4.552237 4.572438 4.867922 5.6117587 4.8885064 4.6818175 4.6152105 4.589768 4.57688 5.73316 5.8893247 4.8406043 5.0888457 5.062478 4.3128476 4.1403756 4.2540736 4.5334477
3.4181736 3.3378155 3.323448 3.1796227 3.2175522 3.622506 3.7285578 3.6260972 3.262491 3.2563848 3.6393359 3.8789437 4.8469996 3.9981124 3.3417957 2.8795297 2.736128 3.0305781 3.5278938 3.76651 3.8981209 4.2085233 4.3641214 4.2949457 4.3487206 4.2373433 4.4315476 4.5234785 4.475603 4.3283787 3.998723 4.1990395 4.581193 4.033393 4.0485992 4.2507997 3.616822 3.9317105 4.6553283 4.367033 4.3836074 4.5861416 4.5121565 4.4898868 4.614564 4.6557937 4.817351 7.063756 5.6004868 5.3492475 5.0199733 4.9936786 4.998342 4.8456883 4.504113 4.8028708 4.389257 4.0332484 4.163701 4.092096 4.2962203
3.6628542 3.557543 3.4604175 3.5185027 4.057329 5.053332 4.9718056 4.0878363 3.5378132 3.7161832 4.483782 4.6640654 4.245852 3.8075562 3.296874 2.8887439 2.9092495 3.262543 3.5046906 3.5577 3.809395 4.2989717 4.434942 4.2184973 4.1328497 4.2544775 4.6155663 4.698215 4.5957794 4.467683 4.1210213 4.189737 4.8323746 4.2780085 4.1720834 3.9454966 3.6516414 4.1533747 4.678812 4.3758554 4.2197566 4.3951116 5.0098658 4.912304 4.439194 4.4492817 4.798033 5.763915 5.183382 4.7230406 4.507458 4.6738987 4.6442227 5.0288715 4.75832 4.9179535 4.5356684 4.127391 4.135884 4.1892805 4.1414576
4.0586557 4.123582 4.3887277 4.4565253 4.105404 3.9912567 3.8264468 3.6367257 3.425805 4.0850415 6.2579594 4.60027 3.8661861 3.558217 3.3134274 3.0402431 3.120928 3.3499565 3.4141164 3.494468 3.931031 4.232921 4.304055 4.300712 4.4169703 4.460348 4.7873287 4.9419265 4.9617925 4.9626923 4.4479895 4.155786 4.9554257 4.53244 4.321642 3.8004522 3.685407 4.302638 4.2891326 4.13223 3.9975266 4.0908933 5.021143 5.89835 4.6163836 4.2931275 4.4884124 4.5117803 4.3945055 4.140637 4.170173 4.4498196 4.7836623 6.3199377 4.954083 5.2610364 4.239397 3.8503828 4.0867357 4.411374 4.176023
4.794336 4.739496 4.2620244 3.6734636 3.4797647 3.3983564 3.5705805 3.396116 3.17711 3.5249581 4.134375 3.7932332 3.557689 3.4671466 3.3670795 3.3012073 3.3984878 3.4460459 3.4242716 3.5552533 3.9267838 4.1174946 4.392836 4.490799 4.4691806 4.4689507 4.535867 4.7242665 5.2453065 5.896411 4.6833944 4.022489 4.415708 4.5141554 4.1691833 3.733945 3.7841609 4.2125297 4.013459 3.8585122 3.7843115 3.7745066 4.2679486 5.320181 5.1208467 4.2782364 4.243351 4.387541 4.077977 4.036546 4.41849 4.62758 4.8854094 4.9133406 4.596357 4.4036336 4.071476 3.797784 4.113256 4.389776 4.1929536
3.399292 3.4686787 3.6267045 3.7672708 3.8214262 3.7555254 3.5635962 3.4380896 3.3671105 3.3811603 3.2893476 3.2194858 3.3736644 3.531525 3.5644536 3.6357496 3.7161088 3.679061 3.549714 3.5621612 3.8203683 4.012279 4.2479067 4.52378 4.2055354 4.480782 4.5542483 4.6457186 5.118325 6.5148335 4.5234337 3.9784393 4.1649184 4.3760247 3.9899318 3.783578 3.9527683 4.2926893 4.2268476 3.9459813 3.787884 3.8229806 4.113057 4.7280445 4.7837787 4.6298676 4.4885 4.647658 4.591573 5.195661 7.131815 5.99014 5.675515 5.203611 4.6501245 4.3703794 4.092118 3.8611221 4.211548 4.301986 4.5999627
3.0393307 3.2337995 3.4658115 4.075705 5.0414133 4.8367267 3.6062193 3.4596698 4.016133 3.5019803 2.9962208 3.036753 3.3391995 3.7188046 3.8794322 3.9762955 4.0785003 4.104696 3.830255 3.724749 3.9923153 4.1097627 4.1395473 4.5086956 4.260912 4.300829 4.3633885 4.465741 4.706599 5.475797 4.404392 4.0688787 4.007823 4.12854 3.952776 3.893572 4.4939795 5.0352325 4.438939 3.9064176 3.806545 4.1016536 4.435153 4.6751513 4.463449 4.6663632 4.7264633 5.914603 5.48808 4.977678 4.7323246 4.5660353 4.653162 5.054446 5.522962 4.869908 4.2108927 4.1653996 4.2636642 4.6883683 5.091426
3.238393 3.293568 3.3693957 3.5830467 4.142596 4.050381 3.5311465 3.7918668 4.586829 3.2131948 3.0372992 3.2102213 3.3529942 3.7819738 4.0036793 3.9948494 3.9037592 3.9421072 3.9446664 3.9253352 4.296891 4.7006683 4.509709 4.678491 4.481451 4.204511 4.033089 3.9856844 4.11426 4.403704 4.645158 4.2147555 3.8881028 3.8192096 3.9377427 4.617098 6.9741287 5.1260505 4.353201 3.8350477 3.7422812 4.0914173 5.0104384 4.7822223 4.33113 4.363599 4.436294 4.817997 4.803616 4.7435927 4.6852274 4.4496727 4.148335 4.380037 5.219359 5.1113167 4.3929605 4.2609296 4.453719 4.983753 5.474659
3.887623 3.5070424 3.4297607 3.3706653 3.4425907 3.5236273 3.7053196 4.8809724 3.3831916 2.9517176 3.2331367 3.494042 3.3706698 3.5206203 3.7376883 3.7274666 3.5797904 3.6010764 3.7370238 4.086066 4.7443967 5.376503 5.1020784 4.549283 4.328963 4.3358073 4.077522 3.814399 3.6841407 3.883851 4.4829564 4.5443487 3.9003775 3.7052572 4.0325866 5.4541826 5.467414 4.478035 4.2458196 3.7338016 3.639402 4.1181417 5.72173 4.212168 4.3533998 4.124917 4.0212116 4.265481 4.9878397 5.5584655 5.1942725 5.493045 4.2476053 4.192808 4.638029 4.5399942 4.1720095 4.2350082 4.4208527 5.0187006 5.012394
4.82603 4.2165356 3.7436953 3.3191552 3.1813734 3.421322 4.113906 3.9587471 3.0449479 3.0934594 3.5721579 3.6829095 3.5266013 3.4840014 3.4288032 3.4004204 3.514504 3.7337954 4.0308976 4.896285 5.4109654 4.9318175 4.675981 4.275978 4.1753173 4.3581853 4.3081665 3.9697065 3.6817389 3.639725 3.9013023 4.4218216 3.99933 3.6721895 4.0786386 6.5894475 4.518829 4.1727047 4.08721 3.8413506 3.916717 4.421713 4.33051 3.9140046 4.550248 4.0327363 3.725876 4.090737 5.386775 7.5403814 5.0152283 4.6299896 4.036042 4.029048 4.371442 4.2356863 4.047699 4.1067586 4.306176 4.766089 4.854046
5.4238462 4.699871 3.7083926 3.3988698 3.3866374 3.3220167 4.2023854 3.5958545 3.1265607 3.4248776 4.024856 4.043126 3.8071365 3.7201607 3.5157983 3.4877667 3.765106 4.144924 4.722415 4.5745826 4.8505974 5.1527305 4.7377853 4.310362 4.2765756 4.5500073 4.5114226 4.1697063 3.920697 3.6553962 3.6051617 3.8365667 4.001298 3.7106419 4.2278547 5.178923 3.983193 4.1160727 4.4446206 4.442054 4.199606 3.9426904 3.8530855 4.061784 5.7898054 4.08136 3.7784212 3.842155 4.3105474 4.7176456 4.2328615 3.7320285 3.538842 3.9029627 4.0825057 3.8715916 3.7104707 3.7233076 4.0223603 4.44675 4.7405634
