samples/calib_dem.asc
ncols        116
nrows        138
xllcorner    345338.872239818913
yllcorner    6752439.873372113332
cellsize     30.000000000000
NODATA_value  -99999
[rows 20 to 39 of 138, columns 44 to 87 of 116]
634.93536376953125 635.61322021484375 637.6781005859375 638.47247314453125 637.25543212890625 635.08843994140625 632.82537841796875 632.60321044921875 633.1627197265625 633.07794189453125 633.87860107421875 635.60552978515625 634.298583984375 628.89117431640625 623.8785400390625 622.078369140625 621.21014404296875 623.58636474609375 626.247314453125 627.7923583984375 631.03045654296875 635.4609375 639.4530029296875 641.9547119140625 643.23486328125 645.95306396484375 648.35205078125 651.0589599609375 650.53338623046875 644.34039306640625 635.7330322265625 628.6513671875 623.8037109375 620.164794921875 616.10369873046875 612.76080322265625 611.522216796875 613.3564453125 615.93878173828125 620.27374267578125 623.41656494140625 625.89459228515625 630.4503173828125 633.96038818359375
633.1522216796875 632.88958740234375 634.5576171875 635.0758056640625 633.32928466796875 631.86865234375 631.8634033203125 631.858154296875 631.0540771484375 630.31072998046875 630.3421630859375 631.3267822265625 631.04803466796875 626.069580078125 621.7557373046875 619.28759765625 617.435302734375 620.83172607421875 624.5863037109375 627.2099609375 631.00079345703125 635.91851806640625 642.58953857421875 644.73614501953125 644.610107421875 643.92962646484375 646.01068115234375 647.2833251953125 645.89630126953125 641.27239990234375 634.12762451171875 628.4241943359375 624.214111328125 620.53466796875 618.456787109375 618.03863525390625 617.76025390625 618.55694580078125 620.703369140625 623.91937255859375 625.6724853515625 627.5528564453125 632.28839111328125 636.586181640625
630.6756591796875 630.84649658203125 632.3868408203125 633.7476806640625 633.20831298828125 632.67974853515625 633.22686767578125 633.58282470703125 632.361083984375 630.37274169921875 629.115966796875 629.20062255859375 627.6029052734375 623.53265380859375 620.5518798828125 616.6981201171875 616.327880859375 619.61541748046875 623.17926025390625 627.5447998046875 631.4302978515625 635.2158203125 639.461181640625 641.43017578125 640.71795654296875 640.77734375 642.42327880859375 641.98223876953125 639.8909912109375 636.71905517578125 633.18377685546875 629.292724609375 625.85479736328125 622.18572998046875 621.23114013671875 622.86163330078125 622.983642578125 624.00421142578125 626.00982666015625 627.07763671875 626.59814453125 628.95123291015625 633.8226318359375 638.24432373046875
627.29083251953125 628.414306640625 631.10272216796875 633.97833251953125 635.1412353515625 635.37652587890625 636.256591796875 637.08447265625 634.6964111328125 630.45355224609375 628.68359375 627.72381591796875 626.04693603515625 622.4825439453125 619.588134765625 617.2567138671875 616.30084228515625 619.375244140625 622.14971923828125 626.88372802734375 630.47784423828125 632.1016845703125 634.186279296875 635.5328369140625 634.87847900390625 635.6888427734375 636.4931640625 635.5257568359375 632.73291015625 631.084228515625 629.935791015625 628.96942138671875 626.75970458984375 625.44696044921875 625.6153564453125 626.60614013671875 627.1014404296875 628.55126953125 629.68865966796875 629.1529541015625 627.925537109375 629.07110595703125 634.28985595703125 638.96051025390625
623.97552490234375 625.596923828125 630.056640625 634.544189453125 637.143310546875 636.971923828125 637.6072998046875 639.32672119140625 636.92059326171875 632.510986328125 629.47698974609375 627.63128662109375 624.10791015625 620.374267578125 617.75341796875 615.53607177734375 616.09088134765625 618.2574462890625 619.68634033203125 622.3096923828125 624.66436767578125 625.6920166015625 626.70947265625 628.45745849609375 628.8896484375 629.750244140625 629.59185791015625 628.39569091796875 627.66912841796875 627.277587890625 626.3013916015625 626.61419677734375 627.09307861328125 627.1376953125 628.1741943359375 629.34527587890625 630.4539794921875 631.49169921875 632 631.803955078125 630.830078125 631.78570556640625 635.2442626953125 639.31097412109375
620.9759521484375 622.8568115234375 629.24090576171875 634.979248046875 637.6239013671875 637.28070068359375 637.814697265625 639.0614013671875 637.27215576171875 632.41204833984375 629.3800048828125 626.8641357421875 623.03082275390625 618.73223876953125 615.83013916015625 614.32916259765625 614.28271484375 615.31573486328125 615.6219482421875 616.76708984375 618.2825927734375 620.8489990234375 622.76959228515625 623.11175537109375 623.0433349609375 623.96466064453125 624.58697509765625 622.9349365234375 623.26220703125 624.30462646484375 624.86181640625 626.19451904296875 627.56396484375 627.86895751953125 628.865478515625 629.8912353515625 630.96014404296875 631.66986083984375 631.80548095703125 633.310791015625 635.583984375 637.0494384765625 638.6737060546875 639.1182861328125
619.4998779296875 621.94915771484375 628.090087890625 632.9962158203125 636.79193115234375 636.78814697265625 634.73626708984375 634.387451171875 630.84906005859375 628.04620361328125 626.2130126953125 623.8818359375 620.49127197265625 616.06988525390625 612.4781494140625 611.48565673828125 612.24505615234375 613.24932861328125 613.251708984375 613.63299560546875 615.11968994140625 618.2855224609375 620.7406005859375 620.40789794921875 619.31243896484375 619.99224853515625 620.17901611328125 620.98785400390625 621.31402587890625 621.94769287109375 623.01715087890625 625.1947021484375 625.8739013671875 626.50372314453125 627.3477783203125 627.721435546875 628.80902099609375 629.3992919921875 630.56060791015625 633.9832763671875 638.8709716796875 641.62347412109375 642.16943359375 640.375
619.48681640625 622.35101318359375 625.535400390625 628.36187744140625 631.9295654296875 633.21990966796875 630.82073974609375 627.49139404296875 623.89068603515625 623.2291259765625 621.8609619140625 617.92340087890625 613.30889892578125 609.38409423828125 607.936279296875 608.3642578125 610.1990966796875 612.12457275390625 612.137939453125 612.73028564453125 614.836669921875 617.5916748046875 619.13671875 617.13067626953125 616.18701171875 616.21478271484375 617.35516357421875 619.26593017578125 620.0072021484375 620.41143798828125 622.0281982421875 624.18695068359375 624.19482421875 622.92584228515625 621.74786376953125 623.79052734375 625.50775146484375 625.439697265625 628.20831298828125 632.53692626953125 636.8656005859375 640.717529296875 642.74267578125 642.259521484375
616.622314453125 619.54302978515625 621.0264892578125 621.7071533203125 623.89874267578125 626.15606689453125 624.2520751953125 620.5655517578125 619.29034423828125 619.54840087890625 616.90667724609375 610.7474365234375 604.7034912109375 602.567138671875 602.8372802734375 603.7984619140625 606.489013671875 609.646484375 611.16357421875 611.24359130859375 612.57232666015625 614.8726806640625 614.38128662109375 612.13287353515625 612.86236572265625 614.064208984375 615.33782958984375 617.30877685546875 618.06207275390625 618.850341796875 621.5216064453125 622.98779296875 622.25006103515625 618.75146484375 616.22821044921875 618.47784423828125 623.03448486328125 623.6473388671875 624.7252197265625 628.93011474609375 633.1732177734375 638.23114013671875 642.08538818359375 643.49761962890625
611.8212890625 615.063232421875 615.54901123046875 614.4239501953125 614.64190673828125 616.31268310546875 615.0377197265625 612.9254150390625 614.6165771484375 614.74169921875 609.902099609375 603.71319580078125 598.51702880859375 597.27728271484375 597.8846435546875 600.09967041015625 603.26068115234375 605.0811767578125 606.29888916015625 606.879638671875 607.6629638671875 608.969482421875 607.785888671875 606.6934814453125 608.786865234375 611.8795166015625 615.0223388671875 616.08441162109375 616.11328125 616.88336181640625 619.54144287109375 621.61297607421875 619.95489501953125 616.67724609375 615.16827392578125 616.3819580078125 620.4517822265625 623.236328125 625.4390869140625 628.31036376953125 631.66632080078125 636.5218505859375 640.25506591796875 641.6199951171875
608.52227783203125 611.44085693359375 610.9693603515625 608.10052490234375 605.8671875 606.39300537109375 606.17718505859375 605.57965087890625 607.06158447265625 606.789306640625 602.47088623046875 596.03955078125 593.11529541015625 593.53076171875 594.46429443359375 597.03240966796875 599.63275146484375 601.6842041015625 602.53643798828125 602.54168701171875 602.54693603515625 603.44244384765625 603.6241455078125 604.580322265625 607.4205322265625 612.21295166015625 615.7657470703125 616 616.0052490234375 616.7711181640625 618.98876953125 620.618896484375 620.318115234375 618.437255859375 616.259765625 615.08966064453125 616.705810546875 621.932373046875 628.10101318359375 631.5848388671875 634.43896484375 637.33123779296875 639.61590576171875 639.91156005859375
606.54046630859375 609.32635498046875 607.80230712890625 603.75177001953125 600.416748046875 599.53875732421875 599.39678955078125 599.3172607421875 598.41522216796875 598.0048828125 595.60333251953125 591.36810302734375 590.40802001953125 592.6256103515625 593.896728515625 595.69525146484375 598.5596923828125 601.06634521484375 603.34271240234375 602.5438232421875 602.549072265625 603.2025146484375 605.5323486328125 607.610595703125 610.60345458984375 614.19207763671875 616.815185546875 617.917724609375 618.92388916015625 619.692138671875 619.91351318359375 620.03839111328125 620.0186767578125 616.321533203125 612.55926513671875 610.3515625 612.75738525390625 618.26507568359375 626.70391845703125 633.388916015625 637.7076416015625 640.3292236328125 640.29901123046875 639.0794677734375
605.45928955078125 607.73468017578125 605.58233642578125 601.17413330078125 597.83453369140625 595.53955078125 593.86651611328125 593.95361328125 592.07989501953125 590.63629150390625 589.7900390625 588.4085693359375 589.816162109375 593.28729248046875 595.546142578125 598.05133056640625 601.89276123046875 604.69464111328125 608.1199951171875 606.41156005859375 605.37823486328125 606.09674072265625 609.739501953125 612.57037353515625 614.07843017578125 616.2877197265625 618.6707763671875 621.0179443359375 623.13861083984375 622.0057373046875 619.672607421875 617.18878173828125 615.7274169921875 612.31890869140625 607.91204833984375 606.448486328125 610.12152099609375 618.24163818359375 628.826171875 633.83294677734375 637.632568359375 640.2650146484375 640.9478759765625 638.46142578125
603.35699462890625 604.9462890625 603.35260009765625 599.71075439453125 596.684326171875 593.28240966796875 590.86798095703125 590.33636474609375 588.3343505859375 585.390625 583.8330078125 584.8792724609375 588.74041748046875 594.63140869140625 599.2744140625 603.45684814453125 606.91729736328125 609.4400634765625 612.03704833984375 611.1839599609375 609.59771728515625 610.194091796875 613.2535400390625 616.15045166015625 617.3050537109375 619.69744873046875 622.16448974609375 623.6934814453125 624.16522216796875 620.857666015625 617.06927490234375 613.8074951171875 610.09124755859375 606.39471435546875 603.69708251953125 604.25494384765625 608.53912353515625 618.55584716796875 628.13482666015625 632.90863037109375 636.1751708984375 639.2784423828125 639.98052978515625 638.30010986328125
599.00408935546875 601.2720947265625 601.08319091796875 599.3734130859375 597.22393798828125 593.91265869140625 591.505126953125 589.85198974609375 587.63421630859375 583.43634033203125 580.9866943359375 581.12481689453125 587.0428466796875 595.7486572265625 604.392578125 609.762939453125 612.0133056640625 613.54498291015625 613.589599609375 612.85797119140625 612.3228759765625 613.13433837890625 615.8939208984375 618.6322021484375 620.60821533203125 622.8955078125 625.152099609375 624.60223388671875 622.8468017578125 620.11016845703125 616.3477783203125 611.66973876953125 607.450439453125 604.0877685546875 602.31317138671875 603.2503662109375 608.990478515625 617.05584716796875 625.19781494140625 631.244140625 636.12432861328125 639.2530517578125 639.275146484375 637.32281494140625
595.80560302734375 598.86834716796875 600.13580322265625 600.05780029296875 598.479736328125 595.9974365234375 593.96466064453125 591.96954345703125 590.1793212890625 585.493408203125 580.9814453125 580.97930908203125 585.6712646484375 596.01727294921875 606.61627197265625 612.50469970703125 613.921630859375 613.69696044921875 611.9403076171875 611.1368408203125 611.6326904296875 612.42962646484375 615.4613037109375 619.35357666015625 621.6185302734375 623.5869140625 625.04345703125 623.1163330078125 620.17791748046875 617.62542724609375 613.88201904296875 610.2237548828125 606.662841796875 603.63543701171875 601.50634765625 602.9722900390625 607.88922119140625 614.8277587890625 622.1983642578125 628.3082275390625 633.22723388671875 635.75103759765625 636.08135986328125 634.425048828125
593.938720703125 597.25506591796875 599.57598876953125 600.34735107421875 598.81829833984375 596.3836669921875 594.853515625 593.722900390625 592.15435791015625 587.59027099609375 582.16119384765625 580.97406005859375 585.14666748046875 595.036376953125 604.9381103515625 610.54107666015625 609.2352294921875 607.53936767578125 606.09027099609375 607.11834716796875 608.3677978515625 609.38055419921875 612.9239501953125 617.677490234375 620.75042724609375 621.70611572265625 622.6214599609375 620.5440673828125 617.88104248046875 614.5001220703125 610.5390625 607.1864013671875 605.2958984375 603.04449462890625 600.58367919921875 602.0478515625 607.7239990234375 615.2252197265625 621.3243408203125 625.858154296875 628.852783203125 630.5455322265625 631.91314697265625 633.61480712890625
590.20440673828125 593.26861572265625 596.41607666015625 598.5242919921875 597.525634765625 594.75592041015625 592.99822998046875 592.27154541015625 590.40240478515625 585.98193359375 582.43115234375 580.25885009765625 583.591064453125 592.38226318359375 601.2808837890625 605.41473388671875 601.69091796875 598.89501953125 599.57659912109375 602.173828125 603.3892822265625 605.1795654296875 609.92559814453125 615.15313720703125 618.2886962890625 619.4404296875 619.81219482421875 618.39715576171875 615.4747314453125 610.72406005859375 608.29437255859375 604.602294921875 602.16424560546875 600.83795166015625 599.4495849609375 601.05328369140625 610.81378173828125 618.49383544921875 623.0321044921875 624.1839599609375 625.34521484375 627.44439697265625 630.17547607421875 631.89080810546875
584.93463134765625 587.1505126953125 591.32379150390625 595.11248779296875 595.47607421875 592.48187255859375 589.2684326171875 587.32598876953125 584.81134033203125 580.4393310546875 578.31719970703125 576.834716796875 579.88702392578125 588.33795166015625 596.71551513671875 598.89068603515625 594.902587890625 592.3868408203125 594.13726806640625 596.244384765625 598.75006103515625 602.48529052734375 608.47705078125 614.25738525390625 616.88421630859375 616.55706787109375 616.25457763671875 616.34259033203125 613.00018310546875 608.7841796875 606.10345458984375 601.486572265625 597.9298095703125 597.47576904296875 597.46484375 601.20123291015625 611.31243896484375 619.15631103515625 620.99774169921875 622.61309814453125 624.08856201171875 626.2662353515625 627.90899658203125 629.03143310546875
579.32122802734375 581.09320068359375 586.3006591796875 591.64154052734375 593.8170166015625 590.1212158203125 584.875 581.30450439453125 576.94091796875 573.1724853515625 572.81353759765625 573.6954345703125 577.79150390625 585.614013671875 591.9027099609375 591.45233154296875 587.6883544921875 586.28680419921875 588.645751953125 591.3341064453125 595.62579345703125 601.2091064453125 607.30810546875 612.96441650390625 614.1474609375 612.75836181640625 612.35699462890625 613.117431640625 610.802734375 606.16668701171875 602.417724609375 596.71978759765625 593.268798828125 594.13043212890625 595.84698486328125 599.12188720703125 607.126220703125 614.26617431640625 618.9136962890625 620.7059326171875 621.84674072265625 623.06329345703125 624.16705322265625 625.87750244140625
