samples/calib_slope.asc
ncols    311
nrows    375
xllcorner    347528.8722398189
yllcorner    6714069.873372113
cellsize    30.0
NODATA_value    -1.0
[rows 285 to 303 of 375, columns 132 to 175 of 311]
19.471220634490695 20.809718579598222 18.96231828867539 17.775317038209 18.456418645243215 19.290046219188735 19.370844026969944 15.896959679954522 12.04828213833979 7.6530487205434135 5.788832299437197 5.788832299437197 5.710593137499643 6.379370208442804 8.935631425418535 11.386165083355712 12.53638838286113 12.225122675735753 7.825525624597575 4.763641690726178 7.2338446967252255 6.91817481667161 7.825525624597575 6.654425046006596 8.735690934280582 9.736776915732772 7.416536974278209 9.508656426564368 10.555380466061171 9.321835749415003 8.104435709194412 7.653048720543413 10.176527410054078 12.260147486012336 13.915808695897173 11.386165083355712 3.8140748342903548 0.0 0.0 0.0 3.8140748342903548 10.555380466061171 17.93200256558677 23.42869280874541
15.99993592924168 19.68967329725291 19.74869565807571 18.62703081108459 20.155422119735228 21.045720884075834 21.80140948635181 17.594079543115168 12.260147486012336 7.825525624597575 4.763641690726178 6.0172848640320336 8.104435709194412 8.47871314708616 9.736776915732772 9.321835749415003 7.594643368591445 9.462322208025618 11.795709540896548 10.555380466061171 10.759583898850556 9.870926939134984 6.654425046006596 3.931095784160226 6.853224835121291 9.462322208025618 7.653048720543413 9.64622531297678 9.870926939134984 10.759583898850556 8.935631425418535 6.654425046006596 4.763641690726178 2.1342998941463125 11.348119585994187 12.225122675735753 4.763641690726177 0.0 0.0 0.0 4.763641690726177 12.225122675735753 22.07341542334565 24.932657538079724
10.21937711459359 12.772578169490428 14.621143938770764 15.84516718027127 16.796238729882134 16.796238729882134 15.922779458176539 14.763132623631554 12.53638838286113 8.735690934280582 5.710593137499643 6.721369339369456 8.104435709194412 7.825525624597575 7.653048720543413 5.710593137499643 4.044691235386269 7.825525624597575 11.648634944412734 11.648634944412734 9.321835749415003 10.21937711459359 6.853224835121291 3.4389123953782974 4.857533338413092 5.5507182121273235 3.931095784160226 3.016961309815993 4.044691235386269 6.853224835121291 7.416536974278209 4.763641690726178 3.931095784160226 8.735690934280582 10.21937711459359 9.870926939134984 3.8140748342903548 0.0 0.0 0.0 3.8140748342903548 14.036243467926477 23.490416068641593 21.818550314312215
6.379370208442804 6.09147800207977 8.735690934280582 11.348119585994187 11.461836902818334 9.508656426564368 8.984876931685683 11.386165083355712 11.386165083355712 9.736776915732772 6.721369339369456 6.379370208442804 5.128711509483251 5.788832299437197 6.91817481667161 5.5507182121273235 2.8624052261117474 3.931095784160226 6.0172848640320336 8.159014354942736 7.416536974278209 6.853224835121291 7.6530487205434135 5.788832299437197 4.763641690726177 4.763641690726177 1.3502244696996157 0.9548412538721887 1.9091524329963763 4.763641690726178 5.5507182121273235 6.654425046006596 8.47871314708616 7.6530487205434135 8.47871314708616 7.6530487205434135 1.9091524329963763 0.0 0.0 0.0 4.763641690726177 14.302914425322811 20.99158237694124 21.260377126997216
5.385977098599754 6.91817481667161 8.582483688827132 8.735690934280582 7.594643368591445 5.788832299437197 6.721369339369456 8.984876931685683 9.736776915732772 10.999158271052183 8.984876931685683 5.710593137499643 2.1342998941463125 4.262693045214654 6.853224835121291 6.721369339369456 4.262693045214654 2.1342998941463125 1.9091524329963763 4.763641690726178 6.91817481667161 6.91817481667161 6.721369339369456 6.91817481667161 6.0172848640320336 5.385977098599754 5.788832299437197 4.763641690726177 3.8140748342903548 5.5507182121273235 7.825525624597575 9.462322208025617 7.653048720543413 5.788832299437197 8.735690934280582 6.0172848640320336 0.0 0.0 0.0 0.0 6.654425046006596 15.36952380130432 17.775317038209 17.594079543115168
7.653048720543413 8.530765609948133 8.530765609948133 6.654425046006596 4.857533338413092 5.710593137499643 5.710593137499643 7.2338446967252255 9.321835749415003 10.555380466061173 10.555380466061173 6.853224835121291 3.4389123953782974 2.8624052261117474 7.6530487205434135 8.935631425418535 8.984876931685683 6.721369339369456 4.857533338413092 5.5507182121273235 6.721369339369456 6.721369339369456 6.721369339369456 6.09147800207977 6.379370208442804 7.653048720543413 10.388857815469612 10.430760195064721 7.825525624597575 7.416536974278209 10.176527410054078 9.870926939134984 8.735690934280582 7.594643368591445 8.582483688827132 5.128711509483251 1.9091524329963763 0.9548412538721887 0.0 0.0 8.582483688827132 16.796238729882134 16.796238729882134 14.066164922222868
6.721369339369456 6.721369339369456 5.788832299437197 6.0172848640320336 4.857533338413092 4.763641690726177 3.8140748342903548 4.763641690726177 6.0172848640320336 7.416536974278209 8.735690934280582 8.47871314708616 7.594643368591445 5.5507182121273235 5.788832299437197 8.984876931685683 9.870926939134984 8.984876931685683 6.853224835121291 8.104435709194412 8.735690934280582 6.91817481667161 6.09147800207977 7.825525624597575 9.64622531297678 11.348119585994187 11.461836902818334 10.759583898850556 10.21937711459359 8.735690934280582 10.999158271052183 12.225122675735754 10.759583898850556 8.735690934280582 6.91817481667161 5.5507182121273235 5.788832299437197 5.128711509483251 3.016961309815993 0.9548412538721887 8.582483688827132 15.922779458176539 15.179705807856672 13.069151942759001
3.8140748342903548 4.857533338413092 4.857533338413092 5.788832299437197 7.825525624597575 6.721369339369456 5.710593137499643 2.1342998941463125 3.016961309815993 5.128711509483251 6.91817481667161 9.508656426564368 9.64622531297678 6.379370208442804 4.262693045214654 5.788832299437197 5.5507182121273235 6.721369339369456 7.2338446967252255 8.582483688827132 8.47871314708616 6.853224835121291 7.653048720543413 9.462322208025617 12.260147486012336 13.16632060042364 10.430760195064721 10.176527410054078 12.260147486012336 13.326469949385988 12.772578169490428 13.42150913297746 12.604382648379184 10.21937711459359 7.416536974278209 4.857533338413092 4.763641690726177 5.5507182121273235 5.5507182121273235 2.1342998941463125 7.2338446967252255 14.24415761739711 15.42324502154344 13.515781057664528
2.698950908923438 2.8624052261117474 4.763641690726177 6.721369339369456 9.462322208025617 10.555380466061171 8.935631425418535 6.09147800207977 2.1342998941463125 4.262693045214654 7.825525624597575 11.309932474020213 11.348119585994187 6.91817481667161 2.698950908923438 2.1342998941463125 3.931095784160226 4.763641690726177 7.653048720543413 6.721369339369456 6.853224835121291 8.984876931685683 8.530765609948133 8.984876931685683 10.555380466061171 9.508656426564368 8.735690934280582 9.870926939134984 12.225122675735754 15.288517970232027 16.723558006484023 15.503408837548553 13.915808695897173 12.638224684699054 10.046788047511114 6.379370208442804 3.016961309815993 4.262693045214654 6.721369339369456 4.857533338413092 6.09147800207977 14.763132623631554 15.503408837548553 13.326469949385988
3.931095784160226 1.9091524329963763 2.8624052261117474 5.385977098599754 6.0172848640320336 8.104435709194412 10.759583898850556 11.348119585994183 6.721369339369456 4.262693045214654 8.582483688827132 12.260147486012336 11.648634944412734 7.6530487205434135 3.016961309815993 4.262693045214654 5.385977098599754 5.5507182121273235 5.788832299437197 4.763641690726178 3.8140748342903548 5.788832299437197 7.653048720543413 6.0172848640320336 5.128711509483251 5.788832299437197 6.721369339369456 7.653048720543413 9.321835749415003 13.326469949385988 16.253917058152773 15.84516718027127 16.428860704621638 15.179705807856672 11.976725812374069 8.159014354942736 5.385977098599754 5.5507182121273235 7.653048720543413 7.653048720543413 3.016961309815993 11.499465999742789 15.81919394750014 11.499465999742789
2.8624052261117474 3.016961309815993 5.385977098599754 6.91817481667161 3.8140748342903548 3.016961309815993 7.6530487205434135 11.976725812374069 10.21937711459359 8.104435709194412 8.735690934280582 10.555380466061173 11.348119585994183 11.499465999742789 7.825525624597575 7.2338446967252255 7.2338446967252255 5.128711509483251 2.698950908923438 2.698950908923438 1.3502244696996157 1.3502244696996157 2.8624052261117474 2.8624052261117474 2.1342998941463125 2.1342998941463125 3.8140748342903548 3.931095784160226 5.385977098599754 9.870926939134984 13.42150913297746 12.04828213833979 14.535165207979569 16.527811501531776 13.515781057664528 8.935631425418535 5.5507182121273235 6.91817481667161 10.430760195064721 8.735690934280582 2.698950908923438 8.104435709194412 14.621143938770764 11.976725812374069
0.9548412538721887 2.1342998941463125 4.262693045214654 8.104435709194412 6.91817481667161 3.931095784160226 3.016961309815993 9.736776915732772 11.386165083355712 8.47871314708616 8.735690934280582 10.759583898850556 12.260147486012336 12.260147486012336 10.176527410054078 7.653048720543413 6.0172848640320336 5.710593137499643 3.931095784160226 2.1342998941463125 2.1342998941463125 1.3502244696996157 1.3502244696996157 0.9548412538721887 2.1342998941463125 2.698950908923438 0.9548412538721887 0.9548412538721887 4.763641690726177 8.530765609948133 9.64622531297678 8.47871314708616 9.736776915732772 15.06995574963759 14.763132623631554 10.176527410054078 6.91817481667161 8.582483688827132 11.461836902818334 8.735690934280582 2.1342998941463125 5.128711509483251 10.759583898850556 13.036578496913089
2.1342998941463125 2.1342998941463125 2.1342998941463125 6.654425046006596 7.653048720543413 5.710593137499643 2.8624052261117474 7.6530487205434135 11.499465999742789 8.735690934280582 9.321835749415003 11.386165083355712 13.824682316158707 13.515781057664528 12.225122675735754 9.508656426564368 7.653048720543413 4.763641690726177 5.128711509483251 3.8140748342903548 2.8624052261117474 2.1342998941463125 0.9548412538721887 2.1342998941463125 3.016961309815993 4.763641690726178 3.4389123953782974 2.1342998941463125 4.763641690726178 7.825525624597575 8.530765609948133 6.721369339369456 8.530765609948133 13.16632060042364 13.640311227766055 11.386165083355712 10.176527410054078 10.388857815469612 11.348119585994187 7.653048720543413 1.9091524329963763 2.1342998941463125 6.09147800207977 9.64622531297678
5.128711509483251 3.8140748342903548 3.016961309815993 5.710593137499643 6.721369339369456 7.594643368591445 4.044691235386269 8.159014354942736 11.976725812374069 10.999158271052183 11.461836902818334 14.302914425322811 16.72355800648402 16.601549599020238 16.72355800648402 14.302914425322811 10.759583898850556 6.379370208442804 3.4389123953782974 2.1342998941463125 1.9091524329963763 3.016961309815993 0.0 2.1342998941463125 3.016961309815993 4.262693045214654 4.763641690726178 4.857533338413092 7.416536974278209 7.416536974278209 6.91817481667161 7.653048720543413 8.582483688827132 10.555380466061171 11.386165083355712 10.999158271052183 12.604382648379184 13.640311227766055 12.53638838286113 8.104435709194412 2.698950908923438 1.9091524329963763 1.9091524329963763 3.8140748342903548
7.825525624597575 6.0172848640320336 6.379370208442804 7.2338446967252255 7.825525624597575 9.462322208025617 6.91817481667161 5.788832299437197 11.499465999742789 11.90468811284812 12.260147486012336 14.93141717813755 16.72355800648402 18.174763056324142 19.18841875693642 19.451200005616776 15.042369244334248 10.678414922779547 6.0172848640320336 3.4389123953782974 3.4389123953782974 2.1342998941463125 3.4389123953782974 4.763641690726178 4.262693045214654 4.262693045214654 5.788832299437197 8.984876931685683 9.321835749415003 7.6530487205434135 7.416536974278209 6.379370208442804 5.710593137499643 8.47871314708616 10.999158271052183 10.555380466061173 12.225122675735754 15.042369244334248 14.763132623631554 10.759583898850556 4.763641690726178 2.698950908923438 1.9091524329963763 0.0
4.044691235386269 4.763641690726177 5.788832299437197 6.721369339369456 9.508656426564368 11.309932474020213 8.582483688827132 3.4389123953782974 6.379370208442804 9.870926939134984 10.555380466061171 10.430760195064721 11.90468811284812 15.60952586912567 17.93200256558677 19.310287408745566 19.471220634490695 16.253917058152773 11.90468811284812 5.128711509483251 3.016961309815993 6.0172848640320336 6.91817481667161 5.5507182121273235 4.262693045214654 3.8140748342903548 6.91817481667161 10.176527410054078 8.984876931685683 8.104435709194412 7.2338446967252255 5.128711509483251 2.698950908923438 4.857533338413092 10.176527410054078 10.759583898850556 8.984876931685683 12.04828213833979 16.527811501531776 13.824682316158707 6.91817481667161 3.931095784160226 1.9091524329963763 0.0
6.853224835121291 6.853224835121291 5.5507182121273235 4.763641690726177 8.582483688827132 11.461836902818334 8.984876931685683 4.262693045214654 1.3502244696996157 3.931095784160226 6.0172848640320336 3.931095784160226 4.857533338413092 7.653048720543413 9.870926939134984 15.179705807856672 20.809718579598222 20.097992628721148 14.763132623631554 10.176527410054078 8.582483688827132 9.64622531297678 9.508656426564368 8.582483688827132 5.788832299437197 5.788832299437197 8.935631425418535 8.159014354942736 6.0172848640320336 6.0172848640320336 6.0172848640320336 6.721369339369456 5.710593137499643 4.262693045214654 7.653048720543413 10.388857815469612 6.721369339369456 6.853224835121291 13.915808695897177 16.91651608571675 10.430760195064721 4.262693045214654 0.9548412538721887 0.0
6.379370208442804 5.385977098599754 1.9091524329963763 3.4389123953782974 8.104435709194412 10.555380466061173 10.21937711459359 7.416536974278209 5.5507182121273235 4.763641690726178 2.1342998941463125 0.9548412538721887 0.0 0.9548412538721887 0.9548412538721887 6.09147800207977 17.456590925928477 20.43931757325825 15.288517970232027 10.555380466061173 9.508656426564368 10.759583898850556 10.430760195064721 9.508656426564368 7.653048720543413 8.735690934280582 8.104435709194412 5.128711509483251 5.128711509483251 5.5507182121273235 7.6530487205434135 7.825525624597575 8.582483688827132 8.530765609948133 8.735690934280582 8.984876931685683 4.763641690726177 5.710593137499643 14.066164922222868 17.594079543115168 11.648634944412734 3.016961309815993 0.0 0.0
8.735690934280582 3.016961309815993 0.9548412538721887 2.1342998941463125 6.0172848640320336 9.736776915732772 9.462322208025618 8.935631425418535 7.6530487205434135 6.721369339369456 6.09147800207977 3.4389123953782974 2.1342998941463125 0.0 0.0 1.9091524329963763 11.90468811284812 18.64821573021375 14.273571375658685 9.321835749415003 10.555380466061171 9.870926939134984 9.462322208025617 8.735690934280582 9.462322208025617 10.430760195064721 8.582483688827132 8.735690934280582 9.64622531297678 9.321835749415003 9.736776915732772 9.870926939134984 11.348119585994187 12.225122675735753 10.555380466061171 6.09147800207977 3.931095784160226 6.91817481667161 14.302914425322811 18.520635899770767 10.555380466061171 0.9548412538721887 0.0 0.0
