samples/catcha.asc
ncols        70
nrows        124
xllcorner    350018.872239999997
yllcorner    6735579.873370000161
cellsize     30.000000000000
NODATA_value  -99999
[rows 45 to 89 of 124, columns 0 to 69 of 70]
11700 9900 5400 4500 1800 900 2700 6300 3600 2700 4500 900 900 900 900 5400 1800 4500 9000 900 900 1800 1800 2700 3600 4500 5400 6300 900 900 154800 23400 7200 3600 900 5400 2700 1800 900 7200 2700 3600 5400 11700 965700 45000 2700 2700 2700 3600 11700 8100 900 1800 4500 3600 2700 1800 900 900 1800 2700 3600 4500 5400 1800 1800 900 1800 2700
900 900 3600 900 1800 900 1800 5400 2700 1800 2700 900 900 900 900 900 8100 2700 5400 11700 900 2700 900 900 900 1800 2700 3600 4500 5400 900 157500 24300 8100 10800 900 3600 2700 1800 900 8100 900 900 1800 978300 49500 3600 3600 4500 12600 900 1800 2700 5400 4500 3600 2700 1800 900 900 1800 2700 3600 4500 5400 6300 2700 2700 900 900
2700 1800 900 1800 900 900 900 4500 1800 900 1800 900 900 1800 1800 900 900 9900 3600 18900 900 3600 1800 900 1800 900 900 1800 900 1800 900 900 160200 25200 19800 1800 7200 900 2700 900 1800 9000 900 11700 1030500 900 4500 5400 13500 1800 2700 3600 6300 900 900 12600 3600 2700 1800 1800 2700 3600 4500 5400 6300 7200 6300 900 900 1800
6300 5400 4500 3600 2700 1800 900 2700 900 900 900 900 1800 3600 2700 2700 900 5400 10800 23400 5400 900 2700 900 1800 2700 1800 900 2700 900 2700 900 900 163800 189900 20700 9900 4500 900 900 1800 2700 9900 900 1044000 1800 25200 14400 2700 3600 4500 7200 900 900 30600 8100 7200 3600 900 900 2700 3600 8100 13500 6300 7200 8100 8100 1800 900
900 900 900 900 900 900 900 900 900 900 900 900 2700 3600 8100 3600 3600 900 8100 19800 24300 9900 900 1800 900 2700 3600 2700 1800 3600 1800 3600 900 900 900 191700 31500 5400 3600 900 900 3600 7200 900 1045800 2700 29700 3600 4500 5400 8100 1800 1800 31500 900 7200 5400 3600 1800 1800 4500 9900 11700 13500 28800 36000 44100 53100 62100 64800
1800 1800 4500 1800 1800 2700 900 900 900 900 1800 1800 900 1800 2700 11700 4500 900 900 2700 20700 25200 13500 900 900 1800 3600 4500 3600 2700 4500 2700 4500 900 900 900 192600 37800 5400 900 900 900 900 8100 1054800 33300 21600 20700 15300 9000 2700 37800 35100 2700 900 900 900 900 900 900 900 1800 900 900 900 900 19800 26100 33300 57600
16200 13500 8100 7200 4500 900 2700 900 900 1800 1800 2700 2700 900 1800 2700 15300 20700 900 900 34200 21600 39600 2700 900 900 2700 4500 5400 4500 3600 5400 3600 5400 1800 4500 900 231300 8100 900 900 1800 1800 3600 1059300 58500 2700 1800 900 3600 44100 5400 4500 3600 2700 1800 900 900 900 900 900 1800 3600 4500 9900 13500 4500 5400 6300 23400
22500 19800 13500 9000 7200 5400 900 900 900 5400 900 900 3600 3600 4500 5400 6300 7200 28800 29700 900 46800 62100 3600 2700 900 3600 900 5400 6300 5400 4500 6300 4500 6300 7200 5400 242100 900 900 900 1800 4500 5400 1065600 59400 1800 900 4500 45000 1800 900 900 900 900 900 1800 1800 1800 900 900 900 1800 4500 2700 3600 4500 5400 22500 2700
1800 4500 900 3600 900 900 900 900 4500 900 8100 900 900 4500 5400 6300 7200 8100 9000 9900 10800 900 55800 66600 3600 6300 900 900 1800 6300 7200 6300 5400 7200 5400 6300 13500 243900 900 900 900 1800 900 900 1800 1127700 6300 5400 45900 2700 900 1800 1800 1800 1800 2700 2700 2700 1800 900 900 900 1800 1800 2700 3600 4500 15300 6300 1800
900 900 3600 1800 2700 1800 900 900 900 6300 1800 10800 900 900 900 1800 2700 3600 4500 5400 6300 7200 900 124200 4500 7200 900 900 1800 2700 7200 8100 7200 6300 14400 15300 7200 258300 900 1800 900 1800 2700 1800 2700 1134900 47700 46800 3600 1800 2700 2700 2700 2700 7200 3600 3600 2700 1800 2700 900 900 900 1800 2700 3600 9000 5400 5400 900
3600 2700 1800 900 900 900 900 900 900 1800 7200 2700 13500 900 900 900 900 1800 2700 3600 4500 5400 6300 10800 135900 5400 9900 900 900 2700 3600 8100 9000 8100 900 10800 16200 266400 4500 900 900 1800 2700 8100 900 1186200 13500 4500 2700 3600 3600 3600 3600 26100 18000 17100 12600 9000 6300 2700 1800 900 900 1800 2700 8100 1800 2700 4500 3600
2700 1800 900 900 900 900 2700 1800 900 900 3600 8100 17100 2700 900 900 1800 900 900 900 1800 2700 3600 900 2700 139500 145800 159300 900 900 3600 4500 9000 9900 9000 900 12600 283500 6300 900 900 1800 2700 3600 9000 1202400 900 8100 4500 4500 4500 39600 35100 8100 7200 6300 5400 4500 3600 2700 1800 900 900 1800 7200 900 1800 3600 2700 4500
3600 2700 1800 900 900 4500 900 5400 1800 900 900 6300 26100 3600 2700 900 2700 900 1800 1800 2700 3600 900 900 900 1800 900 161100 900 900 1800 4500 5400 9900 20700 900 1800 297000 8100 900 1800 2700 900 900 4500 1219500 7200 6300 5400 5400 51300 10800 9900 9000 8100 7200 6300 5400 4500 3600 2700 1800 900 900 5400 900 2700 1800 3600 15300
3600 2700 1800 900 900 900 6300 7200 3600 900 900 900 8100 30600 4500 900 3600 900 1800 2700 900 900 4500 1800 900 4500 2700 162900 900 900 1800 2700 5400 6300 7200 28800 29700 2700 306000 900 2700 900 5400 900 1800 1334700 72900 72000 71100 64800 12600 11700 10800 9900 9000 8100 7200 6300 5400 4500 3600 2700 900 1800 2700 1800 900 2700 9000 5400
3600 2700 1800 900 900 900 1800 14400 6300 900 900 900 3600 9000 31500 6300 5400 900 2700 900 3600 1800 1800 5400 2700 900 6300 3600 165600 900 900 2700 3600 6300 900 900 3600 30600 3600 310500 900 900 7200 1800 1338300 900 36900 36000 35100 34200 21600 19800 9000 8100 7200 6300 5400 4500 3600 2700 1800 900 1800 900 1800 900 1800 4500 3600 4500
2700 1800 900 900 900 1800 4500 17100 7200 900 900 1800 900 6300 9900 38700 6300 4500 900 900 1800 4500 4500 900 6300 900 9000 7200 4500 169200 900 900 3600 4500 7200 1800 900 6300 31500 4500 312300 900 8100 1341000 6300 5400 4500 3600 2700 1800 11700 900 9900 9000 8100 7200 6300 5400 4500 3600 2700 1800 900 900 900 900 1800 1800 2700 3600
2700 1800 900 900 1800 1800 900 6300 25200 2700 900 900 900 900 9900 20700 45900 5400 2700 900 900 2700 9900 1800 900 7200 900 11700 8100 174600 900 900 1800 4500 5400 8100 900 900 9000 32400 37800 351900 1719000 17100 9900 9000 3600 2700 1800 900 900 10800 9900 9000 8100 7200 6300 5400 4500 3600 2700 1800 900 1800 900 900 900 1800 2700 3600
1800 900 900 900 1800 2700 900 1800 32400 4500 900 1800 900 900 900 900 23400 46800 9000 2700 900 900 3600 10800 2700 1800 900 900 13500 9000 177300 900 900 2700 5400 6300 9000 900 900 11700 12600 13500 1736100 2700 1800 900 4500 3600 2700 1800 900 15300 14400 13500 12600 11700 10800 9900 9000 8100 7200 6300 5400 2700 1800 900 900 1800 2700 2700
900 1800 900 900 1800 2700 3600 8100 2700 37800 4500 900 900 1800 900 900 900 28800 85500 900 4500 5400 900 900 11700 5400 900 900 3600 14400 9900 180000 900 900 9000 7200 900 9900 900 900 2700 3600 1737000 900 1800 900 1800 900 900 900 16200 900 900 900 900 9900 9000 8100 7200 6300 5400 4500 3600 2700 1800 900 900 1800 1800 2700
2700 1800 900 900 1800 4500 3600 900 9900 41400 5400 900 1800 900 2700 1800 2700 900 900 90000 1800 5400 8100 900 12600 6300 900 1800 900 6300 15300 190800 2700 900 9900 8100 900 1800 10800 900 900 2700 1744200 7200 3600 2700 900 1800 1800 17100 1800 1800 1800 1800 10800 900 9000 8100 7200 6300 5400 4500 3600 2700 1800 900 900 900 1800 1800
2700 1800 900 900 1800 900 5400 900 12600 10800 47700 4500 900 1800 900 3600 900 1800 2700 900 92700 95400 101700 9900 19800 900 900 1800 900 900 9000 16200 194400 1800 18900 900 1800 2700 11700 900 900 900 1800 1755000 2700 1800 2700 2700 18000 2700 2700 2700 27000 24300 12600 10800 900 900 900 900 6300 5400 4500 3600 2700 1800 900 900 900 1800
2700 1800 900 900 1800 2700 4500 10800 900 14400 11700 53100 900 2700 1800 900 4500 900 900 900 900 2700 3600 102600 10800 22500 900 2700 900 900 900 12600 224100 2700 19800 4500 900 3600 12600 900 1800 900 900 1784700 27000 26100 22500 18900 3600 3600 3600 51300 23400 22500 21600 20700 19800 18000 16200 14400 7200 6300 5400 4500 3600 2700 1800 900 900 1800
2700 1800 900 900 1800 4500 5400 6300 900 11700 15300 65700 4500 900 2700 1800 900 5400 1800 1800 900 900 3600 8100 103500 11700 27000 900 1800 900 900 900 900 228600 20700 6300 900 4500 13500 900 1800 3600 1786500 257400 256500 251100 249300 232200 126900 120600 114300 57600 55800 54000 48600 47700 46800 44100 41400 8100 7200 6300 5400 4500 3600 2700 1800 900 900 1800
2700 1800 900 1800 900 900 1800 2700 9900 900 17100 16200 71100 5400 900 2700 1800 900 6300 2700 2700 900 900 900 15300 119700 132300 161100 3600 900 900 900 900 230400 21600 7200 900 900 18900 1800 2700 2056500 265500 7200 900 4500 900 16200 100800 1800 1800 4500 900 900 4500 3600 1800 1800 1800 32400 28800 6300 5400 4500 3600 2700 1800 900 900 1800
2700 1800 900 2700 900 1800 900 1800 2700 3600 900 25200 17100 77400 900 3600 2700 900 1800 7200 3600 3600 4500 5400 900 20700 21600 22500 184500 5400 2700 900 900 1800 252900 8100 1800 1800 19800 5400 2101500 44100 25200 900 5400 4500 3600 2700 12600 99900 900 900 3600 2700 1800 900 900 900 900 900 2700 21600 16200 4500 3600 2700 1800 900 900 900
2700 1800 3600 900 900 1800 2700 3600 4500 5400 6300 900 27000 18000 82800 900 3600 1800 900 2700 10800 15300 16200 17100 18000 900 900 3600 4500 185400 6300 4500 900 900 2700 253800 9000 2700 2134800 2106900 4500 18000 9900 13500 9000 4500 3600 2700 1800 11700 99000 81900 4500 3600 2700 1800 900 900 2700 1800 900 1800 4500 10800 9900 9000 2700 1800 900 900
2700 4500 1800 900 900 1800 2700 900 900 1800 2700 3600 5400 27900 101700 5400 900 2700 900 1800 900 900 900 900 900 900 1800 900 3600 9000 186300 7200 6300 900 1800 3600 263700 2145600 7200 2700 3600 900 16200 9000 3600 3600 3600 2700 1800 900 10800 16200 76500 65700 10800 9900 9000 7200 3600 2700 1800 900 900 3600 2700 1800 5400 2700 900 900
5400 2700 1800 900 900 1800 2700 3600 1800 900 1800 900 900 8100 130500 6300 5400 900 1800 900 2700 1800 1800 1800 1800 1800 900 900 900 900 10800 187200 8100 7200 3600 4500 2412900 900 1800 1800 1800 2700 5400 9900 8100 2700 2700 2700 1800 900 4500 5400 15300 9900 54000 49500 45000 21600 20700 19800 10800 9900 3600 2700 1800 900 900 1800 900 900
6300 2700 1800 900 900 1800 2700 3600 4500 2700 900 2700 900 900 10800 137700 6300 900 2700 900 4500 2700 900 2700 2700 2700 2700 1800 900 900 3600 11700 188100 204300 4500 2432700 900 1800 900 900 900 900 1800 4500 9000 7200 1800 1800 1800 900 3600 4500 9900 4500 9000 3600 3600 22500 18000 15300 8100 6300 5400 4500 3600 2700 1800 900 900 900
5400 4500 1800 900 900 1800 2700 3600 4500 5400 3600 1800 3600 900 900 12600 144900 5400 900 900 6300 3600 900 1800 3600 3600 3600 3600 2700 1800 900 5400 18000 223200 2449800 900 13500 12600 11700 10800 9900 1800 900 900 3600 8100 6300 900 900 900 2700 3600 3600 5400 3600 8100 2700 2700 3600 1800 14400 900 5400 4500 3600 2700 1800 900 900 900
900 2700 1800 900 900 1800 2700 3600 4500 5400 6300 4500 2700 4500 900 1800 13500 151200 900 900 8100 4500 900 1800 2700 4500 4500 4500 4500 3600 900 1800 2700 2674800 900 10800 9900 9000 8100 7200 6300 7200 3600 2700 1800 2700 7200 5400 2700 1800 1800 1800 900 2700 4500 2700 7200 1800 1800 2700 900 13500 5400 4500 3600 2700 1800 900 900 2700
5400 1800 900 900 1800 1800 2700 3600 4500 5400 6300 7200 5400 3600 5400 10800 2700 165600 3600 900 9000 900 5400 1800 2700 6300 11700 17100 5400 14400 900 900 4500 2682900 900 5400 4500 3600 2700 1800 900 5400 2700 1800 900 900 1800 6300 1800 900 900 900 900 1800 1800 1800 1800 6300 900 900 1800 900 7200 5400 3600 1800 900 900 900 4500
2700 1800 900 900 1800 4500 7200 3600 4500 5400 6300 7200 8100 14400 4500 900 12600 169200 5400 900 9900 900 1800 6300 2700 900 900 900 18900 900 15300 1800 2690100 900 6300 6300 5400 4500 3600 2700 1800 900 4500 3600 2700 1800 900 900 5400 4500 3600 2700 1800 900 900 900 900 900 5400 4500 3600 2700 1800 900 900 900 900 900 1800 6300
2700 1800 900 900 1800 900 900 8100 12600 5400 6300 13500 8100 900 15300 900 18000 13500 175500 900 900 10800 1800 2700 7200 3600 2700 900 900 20700 2711700 2695500 900 900 20700 13500 12600 11700 10800 9900 9000 8100 7200 6300 5400 4500 3600 2700 1800 900 900 900 900 900 900 900 900 900 4500 3600 2700 1800 900 900 900 900 900 1800 1800 9000
1800 900 900 900 2700 2700 1800 1800 2700 16200 22500 23400 14400 9000 1800 16200 900 33300 176400 2700 900 900 11700 2700 3600 15300 900 3600 2736900 2734200 900 900 900 21600 4500 3600 2700 1800 900 10800 9900 9000 8100 7200 6300 5400 4500 3600 2700 1800 1800 1800 1800 1800 1800 1800 1800 5400 900 3600 2700 1800 900 1800 900 900 1800 1800 2700 11700
1800 900 900 1800 2700 6300 9900 12600 13500 14400 15300 900 25200 15300 9900 2700 900 38700 177300 3600 2700 900 900 12600 3600 4500 20700 2742300 900 900 900 900 22500 53100 47700 23400 22500 21600 20700 9000 8100 7200 6300 5400 4500 3600 2700 1800 900 2700 2700 2700 2700 2700 2700 2700 6300 1800 4500 2700 1800 900 2700 900 1800 1800 900 2700 2700 15300
900 900 900 1800 900 1800 2700 3600 4500 5400 6300 22500 35100 61200 77400 88200 3600 900 315000 319500 3600 2700 900 13500 900 2700 3600 25200 2769300 2700 900 1800 87300 10800 900 23400 22500 21600 18000 12600 11700 10800 7200 5400 2700 1800 900 900 900 6300 3600 3600 3600 3600 3600 7200 2700 5400 3600 900 900 3600 1800 900 2700 2700 900 1800 3600 18900
1800 900 900 1800 2700 900 1800 3600 5400 8100 9900 11700 1800 3600 5400 6300 95400 96300 900 900 324900 3600 15300 900 900 900 3600 4500 5400 2778300 2896200 114300 26100 12600 9000 8100 7200 1800 2700 4500 3600 1800 2700 900 1800 900 1800 900 1800 10800 4500 4500 4500 4500 8100 3600 6300 4500 1800 1800 4500 2700 1800 900 3600 900 3600 1800 2700 23400
1800 900 900 1800 2700 3600 900 900 1800 900 900 900 900 900 900 8100 12600 14400 16200 17100 344700 4500 16200 2700 900 900 900 900 1800 2700 2900700 900 900 11700 11700 3600 1800 4500 900 1800 900 900 900 1800 900 2700 900 1800 2700 16200 5400 5400 5400 9000 4500 7200 5400 2700 2700 5400 3600 2700 900 1800 4500 1800 900 4500 5400 24300
900 1800 1800 900 5400 4500 900 900 900 1800 2700 3600 4500 5400 6300 3600 900 900 900 1800 900 356400 19800 900 900 900 900 1800 2700 900 2902500 900 1800 900 10800 7200 900 900 3600 2700 1800 900 900 900 3600 900 1800 2700 3600 22500 6300 6300 9900 5400 8100 6300 3600 3600 6300 4500 3600 1800 900 2700 900 5400 2700 6300 6300 25200
900 2700 900 3600 6300 6300 900 900 900 1800 2700 900 900 1800 2700 900 1800 2700 3600 4500 5400 900 378900 900 3600 900 900 900 3600 7200 2921400 17100 14400 13500 12600 9900 6300 5400 4500 3600 2700 1800 1800 900 4500 1800 2700 3600 27000 7200 7200 10800 6300 9000 7200 4500 4500 7200 5400 4500 2700 1800 900 900 3600 1800 6300 9900 900 7200
1800 3600 900 5400 7200 7200 1800 1800 900 900 900 3600 1800 2700 900 900 900 900 1800 2700 3600 4500 392400 5400 900 900 900 1800 900 9000 2928600 6300 5400 4500 3600 11700 9000 8100 7200 6300 5400 4500 1800 900 5400 2700 3600 4500 35100 8100 11700 7200 9900 8100 5400 5400 8100 6300 5400 8100 4500 1800 900 900 1800 4500 2700 17100 1800 900
2700 4500 1800 900 6300 15300 2700 2700 900 1800 1800 1800 4500 900 3600 1800 1800 3600 4500 5400 7200 8100 900 403200 1800 2700 900 900 900 2958300 19800 5400 4500 3600 1800 2700 10800 8100 5400 3600 1800 900 900 1800 6300 3600 4500 5400 36000 9000 900 38700 9000 6300 6300 9000 7200 6300 10800 1800 900 900 900 1800 1800 2700 8100 18000 900 2700
3600 5400 2700 900 1800 22500 3600 900 3600 1800 2700 2700 2700 5400 1800 4500 2700 900 900 900 900 1800 3600 900 405000 5400 1800 1800 2960100 1800 900 13500 1800 900 900 900 1800 1800 1800 900 900 900 900 3600 7200 4500 5400 900 42300 9900 104400 63900 63000 7200 9900 30600 22500 15300 3600 2700 1800 900 900 1800 2700 2700 11700 900 18900 1800
4500 6300 3600 900 1800 25200 900 4500 1800 6300 9000 3600 3600 3600 6300 9000 14400 3600 2700 900 900 900 900 1800 3600 409500 417600 2981700 18900 16200 15300 7200 10800 4500 3600 2700 1800 900 900 900 900 900 1800 5400 8100 900 10800 44100 10800 117900 12600 11700 900 48600 37800 6300 5400 4500 3600 2700 1800 900 900 1800 2700 3600 3600 12600 1800 19800
