samples/catcha.asc
ncols        70
nrows        124
xllcorner    350018.872239999997
yllcorner    6735579.873370000161
cellsize     30.000000000000
NODATA_value  -99999
[rows 0 to 44 of 124, columns 0 to 69 of 70]
3600.0 7200 7200 18900 44100 8100 7200 6300 5400 4500 3600 2700 1800 900 1800 900 2700 1800 2700 3600 6300 6300 3600 2700 5400 6300 4500 900 900 900 2700 29700 63900 8100 10800 900 1800 14400 10800 9000 3600 3600 3600 1800 900 2700 1800 4500 57600 1800 900 2700 900 900 900 900 900 3600 900 900 900 1800 900 900 900 1800 30600 27000 3600 2700
1800 4500 6300 9000 9000 35100 9000 8100 7200 6300 5400 4500 3600 1800 900 1800 900 1800 2700 2700 2700 5400 2700 1800 4500 3600 1800 3600 900 18000 26100 16200 17100 7200 1800 8100 900 7200 6300 9900 8100 2700 2700 2700 900 1800 900 3600 51300 5400 1800 900 1800 900 900 900 1800 5400 1800 900 1800 2700 5400 7200 9000 9900 2700 58500 7200 900
3600 2700 2700 6300 1800 8100 25200 21600 13500 7200 5400 1800 900 900 900 900 900 1800 1800 1800 1800 2700 1800 900 3600 2700 900 2700 16200 7200 9000 6300 16200 1800 4500 900 7200 6300 5400 9000 4500 2700 1800 1800 1800 900 900 1800 49500 900 2700 1800 900 1800 900 900 1800 10800 12600 15300 17100 18000 18900 19800 20700 21600 32400 94500 8100 1800
1800 1800 1800 5400 900 4500 2700 2700 7200 5400 900 2700 1800 900 900 900 900 900 900 900 900 900 900 900 1800 1800 1800 11700 3600 6300 8100 5400 9000 6300 900 3600 6300 5400 4500 8100 1800 1800 1800 900 900 900 900 900 6300 41400 37800 5400 4500 1800 1800 900 900 900 900 900 2700 5400 6300 7200 10800 12600 13500 14400 117900 5400
900 900 900 2700 1800 1800 1800 1800 1800 6300 4500 3600 2700 1800 1800 900 900 900 900 900 900 900 900 900 900 900 1800 9000 2700 5400 7200 4500 7200 900 5400 2700 5400 4500 3600 5400 1800 900 900 900 900 900 900 900 2700 1800 2700 31500 30600 28800 15300 13500 2700 1800 900 900 1800 900 1800 2700 900 900 1800 2700 3600 124200
900 900 900 900 900 900 900 900 900 900 5400 4500 3600 2700 900 1800 1800 1800 900 1800 1800 1800 1800 1800 900 900 5400 2700 1800 4500 6300 3600 2700 3600 4500 1800 4500 3600 2700 3600 900 900 900 900 900 2700 1800 900 900 900 900 1800 900 900 10800 900 9000 2700 900 900 900 1800 2700 3600 4500 5400 6300 7200 8100 12600
1800 1800 900 900 900 3600 2700 1800 900 2700 1800 900 900 900 1800 2700 2700 2700 900 1800 2700 4500 2700 2700 2700 900 4500 1800 900 3600 5400 2700 1800 2700 3600 900 3600 2700 1800 1800 900 900 900 1800 1800 4500 3600 27000 26100 25200 10800 9900 9000 900 4500 4500 3600 1800 900 900 1800 2700 7200 10800 13500 14400 15300 16200 17100 18000
2700 1800 1800 1800 4500 900 900 900 3600 900 900 1800 900 1800 2700 3600 3600 3600 900 3600 3600 5400 3600 18000 11700 7200 3600 3600 900 2700 4500 1800 900 1800 1800 900 2700 1800 900 900 900 900 1800 1800 4500 9000 34200 6300 5400 3600 13500 10800 5400 7200 1800 1800 3600 2700 900 900 2700 3600 2700 1800 900 1800 2700 3600 4500 5400
2700 2700 2700 5400 1800 1800 9900 8100 3600 1800 2700 1800 900 2700 3600 4500 4500 900 4500 5400 4500 9900 18900 2700 1800 3600 2700 2700 2700 1800 1800 1800 900 900 900 900 900 900 900 900 900 1800 1800 4500 14400 45900 10800 9900 4500 900 2700 1800 4500 4500 6300 900 900 2700 1800 900 900 1800 900 900 1800 2700 3600 4500 5400 6300
900 6300 6300 2700 2700 17100 6300 5400 4500 3600 2700 1800 3600 900 4500 5400 900 6300 5400 900 10800 33300 3600 1800 900 900 2700 1800 1800 1800 900 900 900 900 900 900 900 900 900 1800 1800 1800 2700 7200 70200 9000 8100 7200 4500 3600 2700 1800 900 3600 3600 5400 900 1800 900 900 900 1800 2700 3600 4500 5400 6300 7200 8100 900
7200 7200 3600 3600 18900 900 900 900 900 3600 2700 4500 1800 900 5400 900 6300 8100 900 18000 49500 15300 14400 10800 7200 4500 1800 1800 900 900 900 900 900 900 1800 3600 900 1800 900 1800 2700 2700 2700 81000 7200 6300 5400 4500 6300 3600 2700 1800 900 2700 2700 2700 900 900 900 1800 1800 2700 4500 5400 6300 7200 8100 9000 900 9000
8100 4500 4500 19800 900 1800 1800 1800 4500 3600 5400 2700 900 1800 6300 1800 7200 900 85500 57600 7200 6300 900 900 2700 1800 1800 900 900 900 900 900 1800 1800 5400 900 8100 900 900 1800 2700 6300 3600 103500 14400 13500 9000 4500 3600 5400 2700 1800 900 1800 1800 900 900 900 1800 900 2700 900 900 1800 2700 3600 900 900 9900 1800
9000 9900 20700 1800 2700 2700 2700 5400 4500 6300 3600 1800 900 2700 7200 2700 900 100800 6300 5400 4500 900 4500 3600 1800 1800 900 900 900 900 1800 1800 1800 2700 9000 1800 9000 900 900 1800 2700 13500 115200 10800 7200 3600 3600 3600 3600 2700 1800 1800 900 900 900 900 900 900 900 2700 1800 3600 900 1800 2700 900 4500 1800 1800 10800
36000 25200 24300 2700 9900 3600 6300 5400 7200 4500 2700 900 1800 3600 8100 900 105300 18000 17100 16200 900 2700 1800 900 900 900 900 900 900 1800 3600 2700 900 2700 14400 2700 9900 2700 900 900 5400 133200 3600 2700 2700 2700 2700 2700 2700 2700 1800 900 900 900 900 900 2700 900 1800 3600 10800 2700 4500 900 900 3600 5400 5400 2700 2700
304200 302400 291600 288900 9000 8100 7200 6300 8100 5400 3600 1800 2700 4500 9000 107100 24300 5400 4500 2700 14400 9000 7200 5400 3600 1800 900 900 1800 1800 2700 7200 900 1800 900 18900 10800 6300 1800 900 139500 6300 5400 2700 1800 1800 1800 1800 1800 1800 1800 900 900 1800 1800 1800 6300 900 2700 3600 18000 11700 3600 5400 7200 9000 9900 16200 6300 3600
900 6300 3600 1800 269100 261000 257400 19800 10800 4500 2700 900 156600 148500 138600 30600 5400 4500 900 900 1800 4500 900 900 900 900 900 900 1800 2700 2700 10800 900 1800 900 1800 30600 7200 1800 140400 7200 3600 1800 1800 1800 900 900 900 900 900 900 900 900 1800 4500 7200 8100 15300 16200 17100 900 19800 32400 36900 37800 38700 39600 40500 57600 7200
2700 2700 2700 900 4500 2700 2700 230400 227700 222300 216000 212400 53100 49500 45900 41400 37800 900 2700 1800 900 900 3600 2700 1800 900 900 1800 1800 4500 3600 14400 900 1800 2700 3600 33300 8100 151200 8100 5400 900 900 900 900 900 900 900 900 900 900 900 900 900 900 900 900 900 900 900 900 1800 2700 3600 4500 5400 6300 7200 8100 66600
1800 1800 1800 1800 1800 1800 1800 1800 4500 2700 1800 1800 2700 2700 3600 2700 6300 29700 7200 6300 5400 4500 3600 2700 1800 900 900 1800 2700 900 6300 10800 15300 1800 2700 900 38700 160200 8100 7200 900 900 900 900 900 1800 1800 1800 1800 900 900 1800 2700 1800 1800 900 2700 1800 900 2700 900 900 900 1800 2700 3600 4500 5400 6300 7200
900 900 900 900 900 900 900 900 1800 1800 1800 900 900 1800 1800 2700 1800 5400 21600 17100 12600 7200 6300 3600 1800 900 900 1800 4500 3600 900 900 11700 27900 5400 900 40500 169200 3600 2700 1800 1800 1800 1800 2700 2700 900 2700 2700 1800 900 3600 3600 4500 900 1800 3600 2700 1800 900 5400 900 900 900 900 900 900 900 900 900
900 900 900 900 900 900 900 900 900 900 900 900 900 900 900 900 1800 900 4500 3600 3600 4500 1800 1800 900 900 900 2700 3600 5400 9900 11700 1800 2700 36900 900 211500 4500 4500 3600 2700 2700 2700 3600 3600 900 1800 3600 3600 2700 1800 4500 4500 5400 1800 2700 4500 3600 900 9000 900 3600 900 900 1800 3600 2700 2700 900 900
900 1800 1800 1800 1800 1800 2700 1800 900 900 900 1800 1800 900 900 900 900 900 1800 1800 2700 2700 1800 900 900 1800 3600 900 900 5400 6300 7200 19800 20700 900 37800 254700 5400 1800 900 3600 3600 4500 4500 1800 900 2700 4500 4500 3600 2700 5400 5400 6300 2700 3600 5400 900 14400 1800 900 5400 900 900 4500 900 5400 3600 5400 900
1800 2700 2700 2700 2700 2700 5400 1800 1800 1800 2700 2700 1800 1800 1800 1800 900 900 900 900 900 1800 1800 900 900 900 1800 6300 8100 900 1800 2700 3600 4500 21600 1800 262800 2700 5400 4500 4500 5400 5400 2700 900 1800 3600 5400 5400 4500 3600 6300 6300 7200 3600 4500 900 21600 2700 1800 8100 900 900 1800 900 8100 9900 16200 4500 7200
2700 3600 3600 3600 3600 3600 6300 4500 2700 3600 3600 2700 2700 2700 2700 1800 1800 1800 900 2700 1800 900 900 900 900 900 1800 2700 900 9000 900 1800 2700 3600 9000 22500 286200 9000 6300 5400 6300 6300 3600 1800 900 2700 4500 6300 6300 5400 4500 7200 7200 8100 4500 5400 900 26100 2700 9900 900 900 900 900 1800 900 900 3600 21600 27000
3600 4500 4500 4500 4500 4500 7200 8100 4500 4500 3600 3600 3600 3600 2700 2700 2700 1800 3600 900 1800 900 900 900 900 1800 900 900 3600 1800 9900 900 1800 2700 3600 13500 300600 16200 8100 7200 7200 4500 2700 1800 3600 900 900 5400 7200 12600 5400 8100 8100 9000 5400 900 7200 29700 10800 1800 900 900 900 1800 900 900 1800 900 900 3600
4500 5400 5400 5400 5400 12600 9000 5400 5400 4500 900 8100 4500 3600 3600 3600 2700 4500 1800 2700 900 1800 900 900 1800 1800 2700 1800 1800 4500 2700 10800 900 1800 2700 3600 305100 25200 9000 8100 5400 3600 2700 4500 1800 900 900 1800 6300 20700 900 14400 9000 9900 6300 9000 30600 15300 3600 900 900 900 2700 3600 900 900 900 900 1800 900
5400 6300 6300 6300 6300 22500 900 900 11700 5400 1800 9000 5400 4500 4500 4500 14400 10800 3600 1800 2700 1800 900 900 1800 2700 2700 3600 2700 2700 5400 3600 11700 900 1800 2700 3600 340200 7200 6300 900 7200 5400 2700 1800 900 900 1800 2700 7200 22500 15300 9900 10800 16200 31500 16200 900 2700 900 900 4500 900 3600 5400 2700 900 900 900 1800
6300 7200 7200 900 13500 38700 15300 13500 6300 2700 9900 48600 42300 36900 31500 26100 10800 9900 9000 6300 2700 1800 1800 900 900 2700 3600 3600 4500 3600 3600 6300 4500 12600 900 900 1800 344700 9900 1800 8100 6300 3600 2700 1800 900 900 1800 2700 16200 900 38700 10800 27900 59400 27000 8100 5400 900 900 900 900 7200 9900 9900 3600 2700 900 900 900
7200 900 15300 15300 235800 196200 191700 133200 126000 122400 96300 45900 44100 42300 39600 36000 30600 28800 7200 6300 5400 2700 2700 900 900 2700 6300 10800 15300 20700 25200 29700 7200 5400 13500 1800 76500 347400 10800 9000 7200 4500 3600 2700 900 1800 900 1800 2700 900 19800 39600 39600 61200 900 900 900 900 900 900 900 900 900 900 26100 4500 3600 2700 900 900
15300 273600 256500 240300 3600 2700 3600 57600 33300 15300 900 900 900 1800 2700 4500 900 900 19800 11700 7200 6300 1800 900 900 1800 3600 5400 7200 10800 13500 14400 45000 53100 59400 73800 900 78300 359100 17100 5400 4500 3600 1800 900 2700 1800 900 2700 900 900 61200 101700 6300 5400 4500 3600 2700 1800 900 900 2700 3600 4500 900 33300 4500 3600 2700 900
288000 13500 12600 11700 3600 1800 2700 4500 18900 32400 14400 2700 1800 900 900 1800 3600 900 900 5400 3600 900 900 900 900 900 900 900 2700 1800 3600 5400 6300 7200 8100 9000 9900 16200 438300 18000 15300 4500 2700 1800 3600 900 2700 900 1800 3600 900 164700 7200 1800 900 900 900 3600 2700 900 900 1800 2700 900 900 900 45900 4500 4500 900
6300 5400 2700 3600 3600 2700 900 1800 3600 18000 31500 10800 3600 2700 1800 900 900 2700 2700 1800 900 900 900 2700 900 900 900 1800 900 2700 900 900 1800 2700 3600 4500 5400 900 464400 34200 900 6300 2700 900 4500 1800 3600 900 1800 6300 900 165600 9900 14400 1800 1800 6300 1800 900 900 900 900 900 3600 5400 6300 900 52200 5400 3600
900 900 900 1800 2700 2700 1800 900 2700 3600 13500 30600 6300 5400 4500 3600 2700 1800 1800 1800 900 900 2700 900 5400 900 900 900 1800 900 1800 2700 3600 4500 5400 6300 7200 8100 900 501300 7200 2700 1800 5400 900 2700 4500 900 3600 900 8100 166500 26100 900 11700 9000 1800 900 1800 900 900 2700 4500 6300 7200 8100 9000 16200 74700 4500
1800 900 900 900 900 1800 1800 900 1800 2700 4500 8100 29700 17100 3600 2700 1800 900 900 900 900 900 1800 3600 8100 900 1800 900 900 1800 2700 3600 4500 5400 6300 7200 8100 9000 9900 527400 3600 7200 6300 1800 900 3600 5400 900 1800 7200 9000 193500 10800 2700 1800 900 900 2700 1800 900 900 1800 2700 3600 4500 5400 6300 900 1800 75600
5400 4500 2700 900 1800 900 900 900 900 1800 3600 2700 4500 11700 12600 9000 3600 2700 1800 900 900 900 3600 2700 13500 900 2700 1800 900 900 900 1800 2700 3600 4500 5400 6300 7200 8100 900 540000 900 2700 1800 900 4500 900 6300 1800 8100 203400 12600 900 7200 6300 5400 3600 2700 1800 900 900 900 900 900 900 900 900 900 3600 2700
139500 5400 4500 3600 900 900 900 900 900 900 2700 1800 3600 3600 7200 2700 4500 2700 900 900 900 1800 900 5400 17100 4500 2700 900 900 1800 1800 2700 3600 4500 5400 6300 7200 8100 9000 9900 558900 4500 900 4500 900 5400 1800 900 9000 212400 13500 7200 3600 2700 1800 900 3600 2700 1800 900 900 1800 1800 3600 1800 1800 1800 1800 900 5400
3600 133200 5400 4500 3600 1800 1800 3600 1800 900 1800 900 2700 2700 2700 3600 1800 900 900 900 1800 1800 900 4500 23400 5400 4500 900 1800 2700 900 900 1800 2700 3600 4500 5400 6300 7200 8100 900 565200 6300 1800 900 6300 900 3600 222300 14400 10800 900 2700 1800 900 4500 3600 2700 1800 900 900 1800 4500 5400 9900 12600 15300 18000 18900 20700
900 900 126000 1800 900 10800 8100 3600 2700 1800 900 900 1800 1800 1800 1800 900 900 900 900 1800 2700 2700 900 7200 29700 5400 3600 900 3600 900 1800 900 1800 900 1800 2700 3600 900 1800 2700 568800 9000 900 900 900 8100 4500 237600 13500 900 1800 900 900 5400 8100 3600 2700 1800 900 900 1800 900 900 900 1800 2700 900 900 900
900 3600 900 118800 13500 1800 900 900 2700 1800 900 1800 900 900 900 900 900 1800 900 3600 5400 900 900 900 900 38700 6300 5400 900 4500 1800 900 2700 900 2700 3600 4500 5400 4500 900 900 1800 578700 1800 1800 1800 9000 243000 15300 900 900 900 1800 6300 9000 7200 6300 2700 900 1800 900 1800 2700 1800 1800 900 900 3600 1800 900
900 2700 900 17100 87300 7200 6300 4500 900 900 2700 900 900 900 900 900 900 900 5400 900 4500 7200 1800 900 900 1800 45900 6300 7200 900 2700 1800 900 3600 1800 2700 3600 4500 10800 5400 1800 2700 581400 2700 2700 2700 9900 259200 16200 5400 4500 2700 7200 9900 8100 900 2700 1800 2700 900 900 1800 2700 3600 2700 2700 1800 1800 4500 2700
900 1800 3600 900 10800 79200 9000 8100 7200 6300 1800 1800 1800 1800 2700 900 900 1800 900 9000 11700 5400 8100 3600 900 900 49500 7200 8100 900 3600 2700 900 1800 4500 5400 6300 7200 8100 11700 18000 18900 3600 585000 3600 295200 291600 20700 900 9900 9000 8100 10800 9000 1800 4500 900 3600 1800 900 900 1800 2700 3600 4500 3600 3600 2700 2700 5400
5400 900 2700 1800 900 7200 69300 52200 27900 27000 18900 10800 6300 3600 1800 900 900 900 1800 900 900 16200 6300 9000 4500 1800 50400 8100 9000 6300 900 3600 900 1800 2700 900 1800 2700 3600 9000 9900 10800 30600 589500 300600 900 900 900 1800 900 900 11700 18900 9000 6300 900 4500 2700 900 900 1800 1800 2700 3600 4500 5400 4500 4500 3600 3600
900 4500 1800 900 2700 3600 900 15300 23400 900 7200 7200 6300 5400 1800 900 900 1800 900 1800 2700 900 23400 31500 41400 46800 49500 59400 9900 7200 900 4500 1800 2700 900 3600 900 900 1800 6300 7200 8100 9000 621000 302400 900 900 16200 15300 14400 12600 19800 13500 12600 11700 10800 5400 1800 900 900 1800 2700 2700 3600 4500 9900 6300 5400 5400 4500
2700 1800 3600 900 1800 2700 5400 9000 900 20700 3600 6300 3600 900 900 900 900 1800 2700 3600 4500 5400 900 900 7200 8100 9000 118800 10800 8100 6300 900 2700 3600 900 1800 4500 1800 2700 3600 4500 5400 900 933300 900 1800 17100 900 36900 36000 35100 14400 900 900 1800 900 900 1800 900 900 1800 2700 3600 3600 8100 9000 19800 27000 33300 39600
1800 900 900 2700 900 1800 4500 8100 13500 2700 2700 1800 900 900 900 2700 3600 900 900 900 1800 2700 3600 4500 900 900 6300 7200 137700 9000 7200 4500 900 4500 900 3600 900 5400 900 900 1800 3600 6300 1800 954900 18000 1800 37800 900 900 900 1800 1800 2700 2700 1800 2700 1800 900 900 1800 2700 3600 4500 5400 6300 7200 8100 9000 9900
3600 2700 1800 900 1800 900 3600 7200 4500 8100 1800 1800 900 900 2700 900 3600 6300 900 900 900 900 900 1800 2700 3600 900 900 9000 147600 17100 5400 6300 900 1800 4500 1800 900 6300 1800 900 900 5400 9000 955800 2700 38700 1800 1800 1800 2700 2700 7200 3600 900 3600 2700 1800 900 900 1800 2700 3600 4500 900 900 900 1800 2700 3600
