samples/dem.asc
ncols        70
nrows        124
xllcorner    350018.872239818913
yllcorner    6735579.873372113332
cellsize     30.000000000000
NODATA_value  -99999
[rows 19 to 37 of 124, columns 0 to 41 of 70]
458.320648193359375 460.95318603515625 461.63409423828125 462.4344482421875 463.221771240234375 463.37127685546875 465.528717041015625 470.459136962890625 475.23687744140625 480.658843994140625 491.0174560546875 502.095489501953125 510.23272705078125 517.346435546875 527.05767822265625 534.94580078125 540.1815185546875 545.130126953125 549.03564453125 554.94342041015625 563.489013671875 574.55224609375 587.92529296875 597.29766845703125 603.0908203125 605.6490478515625 601.01953125 592.239013671875 582.30517578125 570.1693115234375 552.89129638671875 532.38397216796875 514.22589111328125 490.83251953125 471.667022705078125 467.242156982421875 469.863067626953125 475.2547607421875 486.914276123046875 507.4742431640625 529.837158203125 547.87530517578125
454.178497314453125 455.8145751953125 455.071136474609375 456.0068359375 457.414886474609375 456.583404541015625 457.827850341796875 464.074188232421875 470.569854736328125 476.770172119140625 485.626251220703125 495.921844482421875 505.587554931640625 514.98291015625 525.72564697265625 537.246337890625 546.280029296875 553.97808837890625 560.7562255859375 568.048828125 576.0294189453125 585.54962158203125 597.4908447265625 604.9212646484375 607.69720458984375 604.20965576171875 598.03106689453125 588.87261962890625 578.53314208984375 564.74908447265625 546.27587890625 526.39306640625 504.551116943359375 481.33197021484375 466.215423583984375 458.824737548828125 458.85906982421875 465.4403076171875 479.77276611328125 498.85687255859375 513.9571533203125 530.29248046875
442.48748779296875 443.1942138671875 442.16156005859375 442.902191162109375 444.119659423828125 443.50079345703125 444.8433837890625 450.969635009765625 458.20318603515625 465.014556884765625 474.287506103515625 485.274749755859375 495.513397216796875 505.351531982421875 515.89923095703125 531.04351806640625 543.9609375 554.98883056640625 567.57672119140625 577.6123046875 587.94952392578125 599.3345947265625 609.377685546875 613.19378662109375 611.248291015625 606.42279052734375 598.00872802734375 583.8585205078125 571.691162109375 560.75830078125 544.1610107421875 520.91162109375 496.532318115234375 477.934234619140625 458.390411376953125 445.376129150390625 443.6463623046875 450.686737060546875 466.69647216796875 485.550201416015625 500.87921142578125 516.483154296875
426.058135986328125 426.91534423828125 425.528778076171875 426.253082275390625 427.918243408203125 429.046966552734375 431.52520751953125 436.132293701171875 443.194244384765625 451.35394287109375 461.111602783203125 471.74371337890625 481.893035888671875 490.628875732421875 501.27276611328125 515.04058837890625 531.34869384765625 547.06939697265625 563.33447265625 578.4915771484375 593.53497314453125 608.10296630859375 619.945068359375 618.88616943359375 614.35821533203125 608.83392333984375 596.97021484375 580.742919921875 567.90606689453125 556.00958251953125 539.5281982421875 518.2481689453125 496.7821044921875 472.47174072265625 447.793548583984375 436.848480224609375 432.974212646484375 437.883575439453125 451.1484375 468.11456298828125 485.434814453125 505.64178466796875
405.34698486328125 407.134918212890625 406.536773681640625 407.185333251953125 409.437255859375 413.158111572265625 417.03533935546875 421.46893310546875 429.76336669921875 439.13177490234375 446.331390380859375 455.171600341796875 465.06134033203125 474.427703857421875 483.93408203125 495.544647216796875 515.0303955078125 534.57305908203125 553.6097412109375 573.16033935546875 590.798095703125 607.46624755859375 618.04254150390625 619.1263427734375 613.5709228515625 606.2740478515625 593.51171875 576.36834716796875 561.92047119140625 546.1202392578125 531.33209228515625 514.08343505859375 492.141571044921875 465.561920166015625 440.453765869140625 427.932861328125 422.833282470703125 426.094818115234375 436.607696533203125 451.025848388671875 469.180328369140625 489.65179443359375
383.3336181640625 384.7528076171875 386.508270263671875 388.044403076171875 388.607757568359375 391.945526123046875 399.299591064453125 406.0975341796875 414.5396728515625 425.2498779296875 432.0853271484375 438.685699462890625 449.140350341796875 460.55853271484375 469.3807373046875 480.078369140625 496.421234130859375 518.96820068359375 542.063720703125 564.4271240234375 584.04742431640625 601.30975341796875 613.34625244140625 616.611328125 610.28509521484375 600.9886474609375 587.29815673828125 566.70306396484375 550.99273681640625 533.957763671875 518.36834716796875 502.352142333984375 484.17596435546875 460.08599853515625 437.090484619140625 422.938079833984375 414.45489501953125 413.983123779296875 424.8125 441.398468017578125 457.13580322265625 479.03131103515625
363.514373779296875 364.82476806640625 368.3702392578125 371.6419677734375 369.84185791015625 371.438385009765625 380.742279052734375 390.672821044921875 398.822418212890625 409.981842041015625 419.087005615234375 426.3250732421875 436.30047607421875 447.1146240234375 457.359771728515625 468.82891845703125 483.411224365234375 501.620819091796875 524.88739013671875 550.6488037109375 574.20867919921875 592.4632568359375 604.55078125 609.14788818359375 604.26446533203125 593.87200927734375 575.27056884765625 554.3370361328125 536.65093994140625 518.29815673828125 501.36614990234375 487.483184814453125 473.37750244140625 454.514862060546875 434.321136474609375 419.928436279296875 410.100799560546875 407.882568359375 414.83984375 426.15386962890625 437.976898193359375 449.4605712890625
346.71807861328125 349.136566162109375 353.3502197265625 356.527313232421875 356.327239990234375 359.574127197265625 369.1064453125 380.17889404296875 389.01080322265625 398.3963623046875 409.45172119140625 418.62799072265625 426.701568603515625 436.728790283203125 448.41021728515625 461.972412109375 476.75823974609375 492.134490966796875 512.42864990234375 536.39862060546875 562.87933349609375 583.711669921875 595.359130859375 600.21966552734375 597.3653564453125 585.919921875 562.103759765625 541.8580322265625 519.9315185546875 497.41815185546875 481.154815673828125 471.1466064453125 459.34417724609375 444.81744384765625 428.62200927734375 415.07501220703125 403.757049560546875 399.69439697265625 403.23699951171875 409.208160400390625 419.013824462890625 432.960235595703125
333.1875 336.58685302734375 340.15814208984375 344.05352783203125 349.37750244140625 356.162750244140625 366.260498046875 376.397247314453125 384.235076904296875 392.489349365234375 404.6925048828125 416.830047607421875 428.238006591796875 439.0350341796875 449.860443115234375 461.0054931640625 474.8956298828125 488.8079833984375 506.915679931640625 530.25634765625 557.86761474609375 578.3734130859375 588.94256591796875 594.38421630859375 591.450927734375 578.77056884765625 551.5906982421875 533.333984375 507.4189453125 484.757659912109375 469.427886962890625 458.88201904296875 448.940216064453125 435.210174560546875 419.120941162109375 406.06793212890625 394.01861572265625 389.7745361328125 390.577972412109375 394.76885986328125 405.28424072265625 421.279296875
322.6953125 327.267852783203125 332.0982666015625 338.87017822265625 349.178253173828125 361.141937255859375 371.689666748046875 379.1923828125 385.460906982421875 393.14849853515625 404.42926025390625 418.869476318359375 435.07427978515625 448.90643310546875 459.83868408203125 469.075592041015625 479.032501220703125 492.056793212890625 509.851287841796875 532.82708740234375 558.1092529296875 576.72344970703125 586.9427490234375 592.934814453125 590.281494140625 575.15447998046875 553.49169921875 534.55364990234375 507.818389892578125 485.41461181640625 469.8187255859375 455.201507568359375 441.1229248046875 425.951751708984375 410.91827392578125 397.553680419921875 387.33624267578125 382.49517822265625 378.699127197265625 380.829559326171875 390.745391845703125 405.54156494140625
318.992095947265625 326.030517578125 333.70703125 342.389068603515625 354.902740478515625 370.944671630859375 382.389862060546875 387.8333740234375 393.41278076171875 399.346038818359375 407.608856201171875 421.302337646484375 439.597991943359375 456.646209716796875 468.826263427734375 479.3350830078125 491.824951171875 507.780029296875 523.58648681640625 543.351318359375 562.081787109375 578.66864013671875 588.83880615234375 592.38641357421875 587.33331298828125 575.3809814453125 562.335205078125 544.6396484375 518.86566162109375 496.854644775390625 479.328094482421875 462.0499267578125 442.48907470703125 426.679290771484375 410.781524658203125 396.249176025390625 383.9769287109375 376.4058837890625 372.5543212890625 374.33453369140625 380.22711181640625 393.0037841796875
322.016448974609375 332.976531982421875 342.6632080078125 353.301177978515625 366.42706298828125 382.059539794921875 393.371673583984375 400.2576904296875 404.965789794921875 409.0230712890625 414.481658935546875 426.2257080078125 444.53533935546875 460.52081298828125 473.116119384765625 487.232940673828125 505.3275146484375 525.13519287109375 540.8367919921875 556.3111572265625 570.90966796875 583.724853515625 589.86749267578125 586.61749267578125 577.31097412109375 568.42547607421875 562.594482421875 548.97747802734375 528.5213623046875 509.24090576171875 490.38092041015625 472.6710205078125 451.245147705078125 433.230133056640625 414.353668212890625 396.42333984375 381.855224609375 371.0408935546875 367.2957763671875 368.9649658203125 373.088470458984375 383.297210693359375
325.974853515625 340.241912841796875 352.701324462890625 366.573883056640625 381.15972900390625 396.388092041015625 409.05645751953125 417.191741943359375 420.822662353515625 422.236602783203125 424.655487060546875 432.876800537109375 446.8675537109375 459.8311767578125 473.829559326171875 492.2607421875 512.7435302734375 536.1700439453125 552.61297607421875 565.9869384765625 579.8172607421875 587.0728759765625 585.85650634765625 574.90802001953125 562.8062744140625 554.3489990234375 552.79718017578125 544.74957275390625 532.076904296875 516.53973388671875 497.410675048828125 478.39678955078125 457.572418212890625 436.772216796875 417.23089599609375 398.408477783203125 382.372100830078125 369.89862060546875 362.0576171875 360.400909423828125 364.74127197265625 373.930328369140625
328.83074951171875 343.990814208984375 360.0400390625 376.166046142578125 391.863494873046875 408.201171875 423.509613037109375 434.30322265625 439.568511962890625 439.33966064453125 437.158111572265625 441.0804443359375 449.56109619140625 460.01763916015625 474.96197509765625 494.601348876953125 518.9962158203125 545.1605224609375 559.68597412109375 572.3538818359375 582.675048828125 582.93463134765625 574.684814453125 558.4771728515625 544.7515869140625 536.60125732421875 536.14190673828125 535.11126708984375 530.08465576171875 518.53741455078125 499.3990478515625 478.278717041015625 456.37847900390625 434.836700439453125 417.496551513671875 399.964599609375 383.24310302734375 371.7320556640625 360.9326171875 354.620697021484375 357.61810302734375 366.99615478515625
325.282867431640625 343.326446533203125 363.172882080078125 381.37249755859375 399.34112548828125 417.68670654296875 434.102569580078125 449.04681396484375 459.68792724609375 460.11163330078125 457.324798583984375 458.449462890625 461.71343994140625 468.302703857421875 481.1212158203125 499.337677001953125 524.83721923828125 549.89996337890625 563.133056640625 574.856201171875 578.09722900390625 570.40899658203125 555.91058349609375 538.18426513671875 524.81689453125 517.130615234375 516.8223876953125 521.25885009765625 521.97857666015625 514.12725830078125 496.98828125 474.542938232421875 453.977996826171875 434.6331787109375 416.9156494140625 398.78857421875 383.6937255859375 373.003997802734375 361.757415771484375 354.0345458984375 353.544158935546875 359.562469482421875
320.60479736328125 337.3741455078125 359.205352783203125 379.781341552734375 398.64642333984375 416.97686767578125 433.29718017578125 451.05718994140625 466.755859375 475.597564697265625 480.130218505859375 482.05438232421875 482.93365478515625 486.660125732421875 495.761199951171875 509.9791259765625 530.33685302734375 550.6080322265625 563.00604248046875 572.0838623046875 569.29998779296875 555.204345703125 536.29034423828125 519.19305419921875 504.912933349609375 498.093902587890625 500.497100830078125 507.018798828125 508.489105224609375 501.67486572265625 489.787994384765625 472.631195068359375 454.851959228515625 435.695648193359375 417.55743408203125 398.777557373046875 383.590484619140625 372.484771728515625 362.144866943359375 353.664093017578125 348.6787109375 350.705108642578125
328.486297607421875 337.6566162109375 353.186676025390625 373.564483642578125 391.26422119140625 408.5535888671875 425.1357421875 443.654815673828125 465.402496337890625 481.909637451171875 495.8663330078125 502.31024169921875 505.751708984375 510.94720458984375 519.62347412109375 529.53082275390625 542.55621337890625 555.51556396484375 564.09228515625 566.68475341796875 558.01763916015625 540.71112060546875 520.53680419921875 503.292694091796875 486.30572509765625 479.085296630859375 483.767486572265625 490.103607177734375 488.545623779296875 483.70849609375 479.62603759765625 469.30780029296875 453.575347900390625 436.0513916015625 418.78521728515625 396.58233642578125 380.904876708984375 371.079742431640625 362.415313720703125 353.3775634765625 344.81964111328125 341.313629150390625
342.646240234375 346.141357421875 353.36517333984375 366.938232421875 382.787994384765625 398.882965087890625 416.793426513671875 437.55615234375 460.603790283203125 483.073272705078125 502.863128662109375 517.5054931640625 524.76495361328125 532.66546630859375 543.85498046875 554.27886962890625 560.8892822265625 564.90032958984375 565.02301025390625 559.53826904296875 543.94635009765625 525.18798828125 505.977996826171875 488.434967041015625 470.404510498046875 459.721771240234375 461.395172119140625 466.7908935546875 466.76641845703125 467.4703369140625 468.13104248046875 461.481597900390625 449.581329345703125 435.095428466796875 417.508087158203125 393.418304443359375 378.02850341796875 368.935302734375 361.35699462890625 353.498077392578125 343.1922607421875 334.474212646484375
352.9722900390625 353.51348876953125 354.971221923828125 362.14208984375 375.12664794921875 390.010284423828125 410.039306640625 430.371795654296875 453.7388916015625 478.84942626953125 501.09002685546875 521.92608642578125 538.14166259765625 550.76556396484375 561.53179931640625 576.127197265625 576.08978271484375 570.667724609375 563.03167724609375 547.8563232421875 528.29779052734375 508.219573974609375 490.281829833984375 474.129150390625 457.00970458984375 442.289306640625 437.56878662109375 443.380035400390625 450.37823486328125 454.585906982421875 454.9971923828125 451.18878173828125 443.6121826171875 429.385650634765625 409.188507080078125 389.3240966796875 375.99554443359375 365.717132568359375 357.368377685546875 350.5936279296875 339.929412841796875 329.00506591796875
