samples/dem.asc
ncols        70
nrows        124
xllcorner    350018.872239818913
yllcorner    6735579.873372113332
cellsize     30.000000000000
NODATA_value  -99999
[rows 57 to 75 of 124, columns 0 to 41 of 70]
424.49951171875 446.297454833984375 464.265411376953125 475.280548095703125 489.274871826171875 499.607177734375 491.76812744140625 479.9478759765625 472.626739501953125 462.142425537109375 449.46563720703125 434.041168212890625 420.45330810546875 414.9072265625 412.42681884765625 408.103851318359375 405.36517333984375 402.214141845703125 393.025848388671875 379.993438720703125 365.58306884765625 354.14227294921875 346.2774658203125 338.787353515625 331.04010009765625 321.1572265625 312.979461669921875 304.924835205078125 295.9136962890625 285.867889404296875 280.4730224609375 277.10723876953125 272.12457275390625 263.37347412109375 254.0902862548828125 248.0924072265625 242.7789154052734375 237.254364013671875 235.489654541015625 233.988311767578125 231.67413330078125 229.470916748046875
420.003143310546875 444.952117919921875 462.91943359375 474.48974609375 483.579254150390625 481.51763916015625 470.457855224609375 460.632659912109375 453.49188232421875 447.721954345703125 438.09136962890625 423.21746826171875 407.0377197265625 397.92706298828125 393.6126708984375 390.63043212890625 389.19915771484375 387.201141357421875 380.5423583984375 371.749176025390625 361.491302490234375 351.722015380859375 342.391876220703125 334.094482421875 326.366668701171875 317.346893310546875 308.181915283203125 298.699493408203125 291.133270263671875 282.55084228515625 273.942474365234375 271.040374755859375 266.172119140625 259.0975341796875 251.44793701171875 245.5293426513671875 238.4637908935546875 234.149139404296875 230.6145477294921875 228.0839996337890625 225.3157958984375 223.56414794921875
417.11151123046875 440.13043212890625 458.370330810546875 470.293609619140625 474.62628173828125 466.070465087890625 454.232818603515625 444.259613037109375 438.5792236328125 434.74139404296875 426.0322265625 413.449005126953125 399.1793212890625 388.068389892578125 380.00628662109375 374.222564697265625 370.848663330078125 369.490631103515625 366.78680419921875 362.58221435546875 356.59637451171875 344.824920654296875 334.660858154296875 327.05865478515625 319.42816162109375 310.555572509765625 300.483001708984375 291.578369140625 284.60723876953125 275.5372314453125 268.82513427734375 264.961822509765625 259.06951904296875 252.8451995849609375 248.3485870361328125 243.643280029296875 237.3570098876953125 231.5150146484375 226.8117218017578125 224.2515869140625 220.5154266357421875 216.659942626953125
418.51690673828125 437.8060302734375 455.32470703125 464.196502685546875 463.2291259765625 452.25592041015625 439.837127685546875 429.967742919921875 424.3826904296875 420.082275390625 412.513702392578125 404.9833984375 394.83050537109375 382.96258544921875 371.775299072265625 361.731719970703125 357.278533935546875 355.726043701171875 353.304107666015625 349.90850830078125 342.0540771484375 330.18792724609375 321.472900390625 317.2576904296875 310.542236328125 301.1903076171875 290.778900146484375 280.935333251953125 274.23388671875 268.747711181640625 263.814697265625 259.411224365234375 254.14764404296875 247.9740142822265625 244.0998687744140625 240.4763031005859375 235.25396728515625 227.17840576171875 223.041290283203125 221.15155029296875 215.488006591796875 208.2274017333984375
420.3861083984375 438.4034423828125 452.8338623046875 458.5921630859375 451.362091064453125 439.352935791015625 426.987762451171875 415.84381103515625 407.847930908203125 403.14288330078125 398.778839111328125 395.213653564453125 389.26068115234375 377.65008544921875 365.116424560546875 352.5538330078125 344.870697021484375 341.7532958984375 339.049346923828125 333.794677734375 325.5662841796875 315.512847900390625 307.91717529296875 303.285919189453125 297.78131103515625 289.187164306640625 281.009765625 273.146392822265625 266.943145751953125 261.270477294921875 257.37762451171875 253.640228271484375 249.1023406982421875 244.0736083984375 239.6929168701171875 236.331268310546875 230.759735107421875 224.8702392578125 219.21258544921875 215.9655609130859375 209.320465087890625 202.7032012939453125
420.429473876953125 436.667388916015625 448.159912109375 451.099578857421875 441.0565185546875 427.708648681640625 414.51123046875 402.46240234375 392.3939208984375 387.073944091796875 384.544647216796875 384.744659423828125 381.047515869140625 371.7313232421875 358.85888671875 346.913726806640625 337.2847900390625 329.335601806640625 323.986297607421875 319.5897216796875 312.742584228515625 304.28057861328125 298.128387451171875 292.191162109375 284.998687744140625 277.453521728515625 272.993927001953125 267.1319580078125 259.669891357421875 253.5461883544921875 248.9247894287109375 245.4856719970703125 241.9434967041015625 237.5893707275390625 233.588470458984375 230.632080078125 227.090667724609375 222.8099822998046875 218.03509521484375 213.4132232666015625 208.137054443359375 201.5474700927734375
416.036102294921875 430.62310791015625 441.4046630859375 441.654052734375 431.775482177734375 417.3817138671875 403.55474853515625 391.509246826171875 380.67083740234375 372.539459228515625 369.683746337890625 370.85687255859375 370.39056396484375 364.134002685546875 354.004150390625 343.559356689453125 332.06610107421875 319.67694091796875 312.10089111328125 307.612152099609375 301.825103759765625 294.475799560546875 288.06976318359375 279.760284423828125 272.727752685546875 267.39306640625 263.82855224609375 258.563201904296875 251.87158203125 245.85260009765625 240.801116943359375 236.35528564453125 234.231201171875 230.716827392578125 227.2582855224609375 225.0478973388671875 223.0005950927734375 219.8304901123046875 216.20880126953125 212.4197540283203125 207.4870758056640625 201.2353668212890625
408.9932861328125 422.339996337890625 432.23663330078125 431.753021240234375 423.7381591796875 410.054962158203125 395.38037109375 381.931427001953125 369.696380615234375 358.719879150390625 354.18536376953125 353.926544189453125 356.626220703125 354.614349365234375 347.855987548828125 338.7838134765625 328.098236083984375 315.41046142578125 306.0511474609375 299.627960205078125 292.1387939453125 283.259613037109375 274.45733642578125 267.41558837890625 262.257354736328125 258.052032470703125 254.61871337890625 249.7280426025390625 244.55572509765625 239.598876953125 233.101470947265625 227.769378662109375 224.81109619140625 223.082855224609375 220.56610107421875 219.2440338134765625 217.9791259765625 215.8778076171875 213.445343017578125 211.7664794921875 208.4407958984375 201.2546234130859375
402.528106689453125 415.114654541015625 423.49603271484375 422.948089599609375 417.4398193359375 404.990447998046875 387.45391845703125 373.492706298828125 359.979034423828125 347.387542724609375 340.478363037109375 337.7808837890625 340.1781005859375 341.78680419921875 338.61865234375 332.411956787109375 325.01617431640625 314.547698974609375 305.132476806640625 296.659637451171875 286.782867431640625 275.6671142578125 265.821197509765625 259.548248291015625 254.3204193115234375 249.89324951171875 245.6651458740234375 240.7868804931640625 236.7777099609375 233.0203857421875 227.5413360595703125 220.50732421875 216.402679443359375 215.177215576171875 214.1770172119140625 213.910797119140625 213.08209228515625 211.126495361328125 210.382415771484375 209.21441650390625 207.0182342529296875 200.446563720703125
396.00738525390625 407.741424560546875 415.3502197265625 416.43743896484375 411.533111572265625 398.373199462890625 380.000091552734375 366.95953369140625 353.75128173828125 340.21661376953125 329.9285888671875 324.9859619140625 324.865509033203125 327.20880126953125 327.604248046875 325.327667236328125 320.366424560546875 312.55535888671875 303.90142822265625 295.388885498046875 286.012542724609375 273.853851318359375 262.916168212890625 254.983551025390625 249.1974639892578125 242.8909912109375 236.517333984375 231.746337890625 228.24481201171875 226.062530517578125 220.69378662109375 214.6105804443359375 210.631256103515625 209.229217529296875 208.643524169921875 208.1660919189453125 207.9662933349609375 206.9305419921875 205.878204345703125 205.355010986328125 202.7448272705078125 197.771697998046875
388.487518310546875 398.9759521484375 406.429412841796875 409.0028076171875 404.6822509765625 390.850494384765625 375.409271240234375 362.04656982421875 347.743377685546875 333.553985595703125 321.644622802734375 314.672454833984375 311.779541015625 311.709259033203125 313.444732666015625 313.502410888671875 310.678558349609375 305.173187255859375 297.9688720703125 290.663665771484375 283.20654296875 272.1533203125 260.007568359375 250.981201171875 244.8414459228515625 238.1585540771484375 230.242706298828125 224.0670318603515625 220.205657958984375 217.91302490234375 213.851348876953125 209.5937957763671875 205.715240478515625 203.357208251953125 201.748077392578125 201.9898681640625 202.2448577880859375 201.39886474609375 199.5018310546875 198.1719512939453125 195.072906494140625 189.4439849853515625
378.453948974609375 389.031982421875 397.69525146484375 399.740020751953125 395.912994384765625 385.882598876953125 372.4434814453125 357.5523681640625 340.531005859375 326.04608154296875 314.761627197265625 305.533294677734375 299.7232666015625 295.915985107421875 296.720489501953125 298.764617919921875 298.658172607421875 295.35858154296875 289.391082763671875 282.696563720703125 275.539459228515625 265.957366943359375 255.2244720458984375 247.060699462890625 240.5628814697265625 233.1559906005859375 225.547821044921875 220.248443603515625 215.4648895263671875 212.61083984375 209.1982879638671875 205.600830078125 201.7142181396484375 197.512054443359375 195.5484466552734375 195.6121368408203125 195.6316680908203125 193.6033477783203125 190.4830780029296875 189.5798797607421875 186.7910614013671875 184.271453857421875
367.289215087890625 378.510711669921875 388.347076416015625 391.51129150390625 388.53302001953125 381.07171630859375 368.29376220703125 351.952545166015625 335.056793212890625 321.07708740234375 308.909942626953125 298.383636474609375 290.130340576171875 283.858795166015625 283.1160888671875 286.367279052734375 288.00177001953125 287.190155029296875 282.561126708984375 275.37139892578125 267.1529541015625 258.523590087890625 250.3449249267578125 244.0965118408203125 238.18084716796875 230.139923095703125 223.2555389404296875 218.459381103515625 212.621307373046875 208.8541107177734375 205.98779296875 202.360687255859375 198.11065673828125 194.0667572021484375 191.263946533203125 189.6272125244140625 190.0333404541015625 186.3062591552734375 182.340850830078125 181.9886627197265625 184.2640533447265625 184.33966064453125
354.997344970703125 365.084625244140625 375.67315673828125 382.857879638671875 381.3905029296875 373.011932373046875 361.410247802734375 346.350006103515625 332.02349853515625 318.486541748046875 304.87542724609375 293.857147216796875 285.06707763671875 277.580596923828125 274.612518310546875 275.938812255859375 278.055572509765625 279.673248291015625 277.459869384765625 270.787322998046875 262.127899169921875 254.4474334716796875 247.432342529296875 242.785888671875 238.4720306396484375 230.777099609375 223.7968292236328125 218.1489715576171875 211.2796630859375 206.9402008056640625 203.1781463623046875 198.979583740234375 195.8405914306640625 192.396881103515625 188.8491363525390625 185.4557647705078125 183.6916656494140625 179.842193603515625 176.679779052734375 179.4242401123046875 185.4211883544921875 188.8473052978515625
342.202362060546875 351.500762939453125 362.2496337890625 371.67364501953125 372.22454833984375 364.2703857421875 354.44830322265625 341.31170654296875 328.863922119140625 315.6116943359375 302.0694580078125 291.903717041015625 283.33074951171875 273.738067626953125 267.06689453125 266.568450927734375 268.694427490234375 271.18011474609375 270.645172119140625 265.584442138671875 258.8701171875 252.9804229736328125 246.126190185546875 241.2852783203125 237.131317138671875 230.74267578125 224.75201416015625 218.9541473388671875 211.6835479736328125 204.80438232421875 199.2541046142578125 195.154632568359375 192.09222412109375 188.7386932373046875 184.9553375244140625 181.0316314697265625 177.8714752197265625 175.4205169677734375 176.143280029296875 183.202545166015625 190.8562469482421875 195.092376708984375
331.783843994140625 342.688079833984375 352.528045654296875 361.78472900390625 363.927703857421875 356.599090576171875 347.439361572265625 335.68609619140625 322.88604736328125 310.345184326171875 298.734771728515625 289.68951416015625 280.232269287109375 268.3123779296875 260.11541748046875 258.8096923828125 259.866668701171875 261.47503662109375 261.5240478515625 257.891448974609375 252.8661041259765625 248.6177215576171875 242.79779052734375 237.7788238525390625 233.44049072265625 227.6959991455078125 222.3250885009765625 217.344696044921875 210.0992279052734375 201.40875244140625 196.1724853515625 192.1876678466796875 186.5063323974609375 182.4497222900390625 178.7489166259765625 175.210113525390625 171.921142578125 173.5866546630859375 180.99237060546875 191.40667724609375 198.192169189453125 202.701812744140625
324.8756103515625 335.658935546875 346.844482421875 355.1846923828125 354.749786376953125 347.735198974609375 337.9879150390625 327.673675537109375 315.73028564453125 304.7840576171875 294.258880615234375 283.08660888671875 273.6494140625 262.508331298828125 255.7301025390625 252.9239501953125 251.3580169677734375 251.6630096435546875 251.628936767578125 248.685638427734375 243.73773193359375 240.319580078125 237.432769775390625 233.0458526611328125 228.9762420654296875 222.68316650390625 216.494384765625 211.778350830078125 205.1854400634765625 198.213470458984375 194.1795654296875 188.5630340576171875 181.8018951416015625 176.808685302734375 171.1483612060546875 167.35821533203125 166.6044769287109375 173.4870452880859375 186.36138916015625 196.963287353515625 203.268096923828125 209.5384521484375
320.7626953125 330.297454833984375 340.487335205078125 347.9359130859375 345.74530029296875 336.799957275390625 328.020416259765625 318.464691162109375 306.80706787109375 296.442413330078125 285.994171142578125 274.13946533203125 265.962615966796875 256.795257568359375 251.2768402099609375 248.1357269287109375 244.339691162109375 243.03131103515625 241.9586181640625 239.3351593017578125 235.1456146240234375 232.7011566162109375 232.065826416015625 227.680572509765625 223.3610687255859375 217.2110137939453125 210.2551422119140625 204.7295684814453125 198.931915283203125 194.204010009765625 191.6364898681640625 185.556304931640625 178.85784912109375 172.6309967041015625 165.9168701171875 162.5133056640625 164.6108551025390625 174.5694122314453125 188.702911376953125 199.3829803466796875 205.9486236572265625 213.9549560546875
318.368865966796875 327.234161376953125 334.451416015625 339.244873046875 335.69873046875 327.51116943359375 319.144683837890625 308.77752685546875 296.279754638671875 286.918243408203125 276.775726318359375 267.482086181640625 259.18060302734375 249.8935546875 246.73553466796875 243.1612091064453125 238.4028167724609375 235.6751556396484375 234.120819091796875 232.48736572265625 229.3272552490234375 227.904510498046875 227.149505615234375 223.062347412109375 218.4069061279296875 212.23199462890625 204.73565673828125 198.3807525634765625 193.137939453125 190.0040435791015625 189.0503997802734375 184.7152099609375 177.7867889404296875 170.47161865234375 164.1324005126953125 162.220855712890625 165.029876708984375 176.051605224609375 189.736053466796875 201.57684326171875 209.6227264404296875 217.2554473876953125
