samples/dem.asc
ncols        70
nrows        124
xllcorner    350018.872239818913
yllcorner    6735579.873372113332
cellsize     30.000000000000
NODATA_value  -99999
[rows 76 to 94 of 124, columns 0 to 41 of 70]
314.0941162109375 324.97711181640625 332.207763671875 334.30267333984375 328.29736328125 319.483154296875 310.084991455078125 300.51092529296875 288.74822998046875 279.330169677734375 270.87713623046875 261.700469970703125 252.0391082763671875 244.24822998046875 241.291900634765625 237.9837493896484375 232.6093597412109375 229.3419342041015625 227.9631500244140625 226.7487945556640625 225.277191162109375 225.180450439453125 223.7992401123046875 220.311737060546875 216.1910400390625 209.42352294921875 201.0663909912109375 194.18914794921875 189.8182373046875 187.4414520263671875 187.025970458984375 182.875885009765625 176.2528533935546875 168.6777496337890625 163.0218658447265625 162.2156219482421875 167.1217041015625 178.0983734130859375 191.236907958984375 204.595855712890625 213.6587066650390625 220.72882080078125
312.158355712890625 323.04278564453125 330.738677978515625 331.1322021484375 325.213897705078125 314.89947509765625 304.399261474609375 295.39654541015625 283.276611328125 272.504119873046875 264.059356689453125 255.0513763427734375 246.06805419921875 240.4566192626953125 237.09857177734375 232.4451446533203125 227.197418212890625 224.568603515625 222.7371673583984375 221.9002227783203125 222.2269439697265625 222.5435791015625 219.65087890625 216.17449951171875 213.6777801513671875 207.59521484375 198.7695465087890625 192.237884521484375 187.977447509765625 184.559295654296875 182.1802978515625 177.265228271484375 171.14178466796875 164.590179443359375 159.9153900146484375 160.969085693359375 169.6182708740234375 182.2009735107421875 194.0298309326171875 206.19268798828125 216.204254150390625 223.879852294921875
312.12005615234375 322.448028564453125 328.373809814453125 327.94134521484375 320.432342529296875 311.036346435546875 302.446563720703125 291.51263427734375 277.98663330078125 267.3321533203125 258.57623291015625 248.9852294921875 242.274566650390625 239.3336181640625 234.6094512939453125 228.435943603515625 224.23333740234375 220.999847412109375 218.8624420166015625 218.520904541015625 219.2320404052734375 217.8328857421875 213.6705169677734375 209.71575927734375 206.9969329833984375 201.850555419921875 194.5905303955078125 189.030364990234375 183.3277435302734375 178.0496826171875 173.76556396484375 169.8814544677734375 163.642486572265625 158.810211181640625 156.213409423828125 159.7923126220703125 170.9791717529296875 184.9289093017578125 196.107330322265625 205.9134521484375 215.7458953857421875 223.958221435546875
313.9051513671875 322.78253173828125 325.6607666015625 322.166900634765625 313.216064453125 304.424652099609375 295.76483154296875 285.76837158203125 272.87640380859375 262.718536376953125 254.5018463134765625 245.0795745849609375 238.4705352783203125 234.832733154296875 230.0811920166015625 224.7148895263671875 220.499755859375 216.6982574462890625 214.9589996337890625 214.7507476806640625 214.380615234375 211.3466033935546875 208.07684326171875 202.7906951904296875 198.2052459716796875 193.7794189453125 188.5932464599609375 182.871673583984375 175.7154693603515625 169.0538330078125 165.2508544921875 162.63739013671875 157.086151123046875 154.6084136962890625 155.4222259521484375 161.0548248291015625 171.49090576171875 183.952545166015625 194.5624542236328125 203.001434326171875 213.054656982421875 221.9083251953125
314.740570068359375 324.65234375 326.05401611328125 319.81109619140625 309.600006103515625 298.981292724609375 288.416748046875 278.340301513671875 267.98956298828125 259.487457275390625 251.8410797119140625 244.5579071044921875 235.64678955078125 228.279144287109375 222.8601531982421875 218.47564697265625 215.122039794921875 212.0590667724609375 210.2609100341796875 209.3484649658203125 207.91314697265625 205.200775146484375 201.21282958984375 194.826324462890625 191.0384674072265625 188.1688690185546875 183.4921875 176.835174560546875 168.7274627685546875 161.4032745361328125 157.1428680419921875 154.5920257568359375 151.7332763671875 153.3888702392578125 157.5711669921875 162.9125213623046875 170.6699981689453125 180.6987152099609375 190.9016876220703125 199.5228271484375 209.90838623046875 219.333343505859375
313.380584716796875 321.138763427734375 323.3863525390625 316.497802734375 305.78106689453125 296.303131103515625 286.884552001953125 277.676422119140625 266.7239990234375 257.173126220703125 249.888916015625 241.463348388671875 232.5321044921875 225.1198883056640625 218.23504638671875 214.413299560546875 210.558807373046875 206.8633575439453125 203.1801910400390625 200.6131591796875 198.4593353271484375 196.5906829833984375 194.0866241455078125 189.5804443359375 188.2308197021484375 186.8632965087890625 181.5948638916015625 173.06658935546875 163.3945465087890625 155.2147979736328125 150.32110595703125 150.1699676513671875 150.172149658203125 154.433074951171875 160.319671630859375 164.44842529296875 170.5732879638671875 179.698760986328125 189.66668701171875 198.7883148193359375 207.9251861572265625 218.5057220458984375
307.943756103515625 315.244140625 315.99395751953125 308.137664794921875 300.230743408203125 295.146575927734375 288.156005859375 279.64739990234375 268.73651123046875 259.97503662109375 251.26922607421875 243.407562255859375 235.7246246337890625 226.4040985107421875 218.8796539306640625 214.1973724365234375 207.6634063720703125 202.2048797607421875 197.22235107421875 191.6996002197265625 189.3748779296875 189.911346435546875 189.6219635009765625 188.1345062255859375 188.353851318359375 186.6427459716796875 180.927154541015625 171.127471923828125 160.1027374267578125 151.5929412841796875 150.162567138671875 150.16473388671875 151.8364105224609375 157.0642852783203125 162.099151611328125 166.8087158203125 174.325439453125 184.1920318603515625 193.178314208984375 201.198333740234375 210.7906494140625 223.096221923828125
301.8394775390625 307.0174560546875 306.171173095703125 300.20697021484375 295.008056640625 291.352569580078125 288.68096923828125 284.234832763671875 275.244140625 265.376220703125 256.5150146484375 250.6268157958984375 242.019317626953125 232.0399169921875 222.8528289794921875 215.574005126953125 208.194488525390625 200.94952392578125 195.3087615966796875 189.770721435546875 186.7925567626953125 186.27288818359375 186.99017333984375 187.27484130859375 186.496856689453125 185.2917327880859375 179.3715362548828125 169.198333740234375 159.471221923828125 152.4985809326171875 150.1573333740234375 151.952117919921875 156.6011505126953125 159.51922607421875 163.4113006591796875 170.90289306640625 180.794921875 190.3933868408203125 197.7587738037109375 206.0335235595703125 217.982757568359375 230.8548583984375
294.538787841796875 296.029541015625 294.760009765625 291.55474853515625 286.595947265625 284.39837646484375 284.11090087890625 283.390899658203125 278.267303466796875 267.58709716796875 257.986541748046875 251.3733978271484375 242.72186279296875 234.4122467041015625 225.8752899169921875 219.930145263671875 214.226959228515625 205.177093505859375 198.239288330078125 191.9604949951171875 185.4810333251953125 182.48931884765625 182.7507171630859375 184.10662841796875 184.229278564453125 182.6018218994140625 177.714996337890625 168.2418365478515625 158.5841522216796875 152.6525115966796875 149.8967132568359375 152.3856048583984375 157.89910888671875 162.249481201171875 167.3694610595703125 176.57965087890625 187.0644378662109375 195.1041717529296875 200.80279541015625 209.3668365478515625 221.4363555908203125 233.604400634765625
288.189483642578125 287.987518310546875 285.79718017578125 281.6236572265625 278.148681640625 277.4451904296875 279.416534423828125 281.677001953125 277.40643310546875 267.12896728515625 257.107269287109375 250.01019287109375 241.7786102294921875 233.437957763671875 227.543365478515625 223.2828369140625 216.3709259033203125 208.2261199951171875 200.4036407470703125 192.2788848876953125 183.211944580078125 178.3435821533203125 177.2813720703125 179.4427947998046875 180.8114166259765625 179.567779541015625 175.1898651123046875 166.2592010498046875 156.105010986328125 149.77960205078125 148.0647735595703125 152.081298828125 158.665618896484375 165.2754974365234375 173.0827789306640625 181.3076324462890625 189.62066650390625 196.9282684326171875 202.8557281494140625 209.0680084228515625 218.5444793701171875 228.2913970947265625
280.04736328125 280.614227294921875 277.839202880859375 274.5167236328125 272.121002197265625 270.76104736328125 272.56793212890625 274.297607421875 271.36224365234375 263.146392822265625 253.8251190185546875 245.6214599609375 238.3026275634765625 230.6039886474609375 227.1546173095703125 221.4757843017578125 214.531494140625 205.1879119873046875 199.0062713623046875 191.0608673095703125 183.632659912109375 177.037506103515625 173.153961181640625 172.2616729736328125 174.83447265625 175.3043365478515625 170.5644378662109375 161.2902984619140625 153.1923370361328125 147.9636383056640625 147.9658050537109375 152.4573822021484375 160.585906982421875 168.687042236328125 177.346405029296875 184.0813751220703125 189.481292724609375 195.7090606689453125 201.904571533203125 208.6112060546875 216.1238250732421875 223.235626220703125
273.485992431640625 273.36260986328125 271.444732666015625 269.9786376953125 266.770355224609375 264.119842529296875 264.0208740234375 265.613128662109375 262.803497314453125 254.982513427734375 247.115325927734375 239.324188232421875 232.20684814453125 227.770050048828125 224.425445556640625 216.4675750732421875 206.7293701171875 200.75408935546875 196.456787109375 191.287567138671875 185.345062255859375 178.53173828125 171.609710693359375 167.119964599609375 167.077728271484375 167.19647216796875 161.725341796875 154.343475341796875 149.9594573974609375 147.958404541015625 149.0834197998046875 154.4454498291015625 161.328216552734375 171.4898681640625 182.0539398193359375 186.7590484619140625 191.2387847900390625 196.8022308349609375 203.57421875 210.7705078125 217.527313232421875 223.624755859375
268.367431640625 266.838623046875 265.981292724609375 264.690216064453125 261.042938232421875 258.204864501953125 256.967254638671875 256.30328369140625 251.20208740234375 245.089141845703125 237.4977569580078125 231.748199462890625 226.086517333984375 221.9831390380859375 218.616973876953125 210.0459747314453125 202.2779693603515625 198.380828857421875 196.133697509765625 193.472412109375 188.0106201171875 181.1444854736328125 173.911956787109375 165.343597412109375 159.4835968017578125 154.570892333984375 150.347686767578125 147.0201873779296875 147.01190185546875 148.9750823974609375 152.689208984375 157.8958740234375 164.1573333740234375 175.7094879150390625 185.7583160400390625 192.431640625 199.0516815185546875 205.2467193603515625 210.689300537109375 215.3545989990234375 219.0749359130859375 222.0885162353515625
261.180572509765625 261.2186279296875 260.61749267578125 259.423980712890625 256.648773193359375 254.054290771484375 252.6269683837890625 250.49017333984375 246.7827606201171875 238.9706878662109375 231.417144775390625 226.3382415771484375 220.6320648193359375 216.1746673583984375 212.808502197265625 204.4907073974609375 198.430816650390625 194.2550811767578125 191.97430419921875 190.535919189453125 187.200286865234375 182.6032867431640625 176.48480224609375 167.471435546875 156.931182861328125 148.1645050048828125 140.172271728515625 139.465576171875 144.3237762451171875 151.0212860107421875 157.4247283935546875 162.5635223388671875 167.5589447021484375 178.7938385009765625 187.5526580810546875 195.9414520263671875 206.9436187744140625 214.3463897705078125 215.849609375 216.5613555908203125 217.2321624755859375 217.1844482421875
252.10247802734375 253.8017120361328125 254.1143798828125 253.390350341796875 252.2474212646484375 250.1820220947265625 248.779541015625 247.03778076171875 242.54547119140625 236.0944061279296875 228.40032958984375 221.9053497314453125 217.4588165283203125 214.030029296875 209.210174560546875 202.452728271484375 197.013092041015625 189.914581298828125 185.7921142578125 184.6136932373046875 182.350677490234375 178.9734039306640625 175.63037109375 168.1134033203125 156.8443603515625 146.351409912109375 138.44256591796875 138.444732666015625 144.5936737060546875 152.5083465576171875 160.280670166015625 165.9303436279296875 172.7663726806640625 180.66546630859375 189.4703521728515625 199.9625244140625 210.1777191162109375 214.9468994140625 214.6030426025390625 213.19708251953125 211.7637176513671875 210.8890838623046875
241.1868133544921875 244.310302734375 245.818511962890625 245.6260833740234375 245.6789703369140625 244.5671234130859375 244.0178680419921875 242.5160675048828125 237.627960205078125 231.314422607421875 224.386199951171875 218.0240478515625 214.55865478515625 210.605438232421875 206.1225738525390625 201.2067108154296875 192.46929931640625 184.9017486572265625 179.3179473876953125 176.433990478515625 173.1061859130859375 171.696380615234375 169.8142852783203125 162.321929931640625 153.0172271728515625 144.6746978759765625 138.4373321533203125 139.5988311767578125 147.89288330078125 157.3143310546875 165.2374114990234375 171.991790771484375 177.9355926513671875 183.651458740234375 193.5958099365234375 203.3557586669921875 210.0705108642578125 212.51885986328125 211.345306396484375 208.7400970458984375 205.8190155029296875 203.552642822265625
233.495391845703125 236.04034423828125 237.0617523193359375 236.9856109619140625 238.786895751953125 239.844940185546875 240.58343505859375 240.628936767578125 234.390716552734375 227.8249053955078125 221.1826171875 215.0154876708984375 210.3186187744140625 205.33203125 200.5985260009765625 195.1141204833984375 186.213104248046875 180.2949066162109375 175.036102294921875 169.90203857421875 165.3538055419921875 164.2689666748046875 161.3672332763671875 153.6531219482421875 145.4016876220703125 139.500030517578125 137.45147705078125 141.5008544921875 151.4965057373046875 161.3344879150390625 168.47589111328125 176.2291107177734375 183.49395751953125 191.561553955078125 198.527740478515625 203.9801483154296875 207.6677093505859375 209.5734405517578125 208.096649169921875 204.06622314453125 199.14422607421875 196.8999481201171875
226.694000244140625 227.79864501953125 227.9315338134765625 228.59747314453125 231.6807861328125 234.7247467041015625 236.751953125 237.5168914794921875 232.3160552978515625 225.481781005859375 217.9920806884765625 211.735504150390625 206.7328033447265625 200.13665771484375 194.145263671875 187.745941162109375 180.4951171875 175.691619873046875 170.6120758056640625 163.7216796875 158.0474395751953125 155.3640899658203125 151.703277587890625 144.020294189453125 136.8152923583984375 135.0644073486328125 136.153900146484375 144.2807769775390625 156.009735107421875 163.1875457763671875 169.2088470458984375 177.634246826171875 188.2961883544921875 196.7541961669921875 201.935272216796875 203.1027069091796875 204.6717071533203125 204.214447021484375 201.39569091796875 197.564422607421875 193.9090423583984375 191.23126220703125
219.9237060546875 219.1165924072265625 218.9964599609375 220.70880126953125 224.2672271728515625 227.561065673828125 230.511566162109375 230.9778900146484375 228.4662017822265625 223.216461181640625 216.9151763916015625 210.39007568359375 204.12030029296875 196.9236297607421875 189.47088623046875 182.6472625732421875 175.62841796875 170.7229766845703125 164.7198638916015625 156.6925201416015625 148.5660247802734375 143.3326263427734375 139.2320556640625 133.757354736328125 131.4175872802734375 132.5399017333984375 137.2776641845703125 145.759490966796875 157.2995452880859375 164.612548828125 171.398406982421875 180.5055084228515625 190.3250732421875 197.5022430419921875 199.8275604248046875 199.6928863525390625 199.4282073974609375 197.9582672119140625 195.2525634765625 192.601806640625 189.3763580322265625 185.779541015625
