samples/dem.asc
ncols        70
nrows        124
xllcorner    350018.872239818913
yllcorner    6735579.873372113332
cellsize     30.000000000000
NODATA_value  -99999
[rows 95 to 113 of 124, columns 0 to 41 of 70]
213.84930419921875 210.347198486328125 210.7858734130859375 213.5469970703125 216.79132080078125 218.242523193359375 220.255645751953125 223.8956756591796875 225.533477783203125 222.884521484375 217.3285675048828125 210.266448974609375 202.8278045654296875 194.364715576171875 186.96929931640625 178.9394073486328125 171.63385009765625 165.5775146484375 158.0748748779296875 150.255828857421875 141.9994049072265625 134.539703369140625 131.412353515625 131.4101715087890625 131.412353515625 132.5052947998046875 139.9123992919921875 150.8226470947265625 161.0965576171875 169.4145355224609375 177.1566162109375 184.898590087890625 192.6009063720703125 197.596282958984375 197.7567596435546875 196.220703125 193.85443115234375 191.421630859375 189.6329803466796875 188.5535430908203125 185.99005126953125 181.2173309326171875
208.546173095703125 202.99249267578125 203.1798858642578125 206.0215301513671875 208.847900390625 210.6897735595703125 213.14971923828125 217.720123291015625 221.36859130859375 219.281494140625 214.2426605224609375 209.1962127685546875 202.739837646484375 195.1511993408203125 187.00689697265625 178.3499755859375 169.4463958740234375 161.5460357666015625 153.594390869140625 145.2496490478515625 137.437896728515625 131.4092864990234375 131.4071044921875 131.404937744140625 131.4071044921875 132.6101531982421875 141.9544677734375 153.9808807373046875 165.6283416748046875 175.1605377197265625 182.34881591796875 189.6826019287109375 195.87481689453125 198.7082366943359375 195.63623046875 191.3073883056640625 187.57916259765625 183.442047119140625 181.552520751953125 181.4775543212890625 179.4456939697265625 176.253631591796875
202.34381103515625 197.3084716796875 195.9633331298828125 197.27667236328125 200.76287841796875 205.3174285888671875 208.821075439453125 211.89794921875 214.665130615234375 213.8782196044921875 209.51507568359375 206.5193023681640625 202.1118621826171875 196.2720489501953125 189.8067169189453125 181.497100830078125 171.606353759765625 163.1172027587890625 154.544830322265625 146.1468353271484375 139.2352447509765625 134.064910888671875 131.4018707275390625 131.3997039794921875 131.4018707275390625 135.875518798828125 145.0023956298828125 158.354339599609375 169.0933074951171875 178.1093597412109375 185.7974853515625 193.505096435546875 198.966522216796875 199.95697021484375 195.6689453125 189.99658203125 184.206207275390625 178.384063720703125 175.9269561767578125 175.8770904541015625 175.1152191162109375 173.3773193359375
196.9244842529296875 192.5076446533203125 190.2926788330078125 190.31317138671875 194.24444580078125 199.8163909912109375 202.67852783203125 204.23822021484375 206.9148406982421875 207.1355438232421875 204.8709564208984375 203.9267730712890625 200.176361083984375 194.695526123046875 189.088714599609375 182.8592987060546875 174.5693359375 165.56976318359375 158.896331787109375 152.899383544921875 146.1962127685546875 140.91192626953125 135.3043212890625 131.39447021484375 132.4754180908203125 138.862548828125 150.85308837890625 161.4867706298828125 169.5041351318359375 178.13690185546875 186.8149261474609375 193.8959197998046875 198.289093017578125 198.225067138671875 195.6771087646484375 190.0593109130859375 184.00384521484375 177.453155517578125 174.486053466796875 173.9076690673828125 172.54034423828125 172.6959228515625
193.1917266845703125 189.069976806640625 186.0740966796875 185.4887847900390625 188.4123687744140625 192.9365081787109375 194.576507568359375 195.4612884521484375 198.049774169921875 200.5515899658203125 200.725189208984375 201.0874176025390625 198.144134521484375 191.40081787109375 185.0289306640625 180.0446014404296875 171.9909820556640625 165.1939697265625 161.3966064453125 155.9599151611328125 148.5452117919921875 140.40496826171875 135.3709716796875 131.2681427001953125 131.1355133056640625 140.4880828857421875 153.376861572265625 164.1285858154296875 171.4945831298828125 180.2772369384765625 187.623504638671875 192.093841552734375 193.40264892578125 194.1150665283203125 192.8565826416015625 187.072723388671875 180.7307586669921875 175.91473388671875 173.069580078125 171.3951416015625 170.233062744140625 171.3402862548828125
189.6920318603515625 186.898468017578125 182.4637603759765625 180.0622100830078125 181.307586669921875 183.9395751953125 185.1971893310546875 186.566741943359375 189.6435546875 194.798736572265625 196.8150634765625 197.466156005859375 194.6481170654296875 187.0080108642578125 180.22003173828125 175.4529266357421875 168.5745391845703125 162.5861968994140625 158.29449462890625 152.282196044921875 143.638702392578125 135.0085906982421875 130.545013427734375 127.57979583740234375 130.168487548828125 139.8107147216796875 153.509063720703125 164.63702392578125 172.5400848388671875 179.8379974365234375 184.1117401123046875 187.4605255126953125 189.1647491455078125 190.1835784912109375 188.225738525390625 182.3486328125 176.2100982666015625 171.7470245361328125 168.672454833984375 167.510162353515625 165.7164306640625 166.4385986328125
186.298492431640625 183.078643798828125 176.2764129638671875 171.5317535400390625 171.951019287109375 174.711517333984375 177.2287139892578125 179.831939697265625 183.45281982421875 189.0707244873046875 191.8841400146484375 192.4989166259765625 189.0860595703125 182.6949005126953125 177.1383514404296875 172.608734130859375 165.7968597412109375 158.244903564453125 151.6612548828125 144.00048828125 136.36773681640625 129.8380889892578125 127.56157684326171875 126.90756988525390625 131.324798583984375 141.60302734375 153.9266204833984375 164.95587158203125 172.904388427734375 176.8312530517578125 180.1686553955078125 183.9385833740234375 186.7188262939453125 187.3258819580078125 186.005889892578125 179.370025634765625 173.2451324462890625 169.4631195068359375 167.6117095947265625 165.4685211181640625 162.195709228515625 161.087615966796875
183.536712646484375 177.8673553466796875 167.85400390625 161.56854248046875 162.48944091796875 166.856842041015625 170.97686767578125 174.3243255615234375 178.373046875 183.282867431640625 186.6962432861328125 187.354248046875 183.4236907958984375 178.2250518798828125 174.290771484375 169.59820556640625 161.3449859619140625 151.5166778564453125 143.541595458984375 135.588653564453125 128.5609130859375 125.3038482666015625 125.97779083251953125 127.76108551025390625 133.728973388671875 144.89678955078125 156.936767578125 167.223358154296875 171.890625 174.2786407470703125 177.884613037109375 183.0801544189453125 186.9918365478515625 188.54254150390625 186.0435028076171875 179.2317962646484375 173.0597991943359375 169.033966064453125 166.25457763671875 163.5541839599609375 159.6481781005859375 158.12493896484375
181.4291534423828125 173.917266845703125 161.3262939453125 153.2872314453125 153.9462738037109375 157.945587158203125 162.3668670654296875 167.5742950439453125 173.2937469482421875 178.3527069091796875 181.255889892578125 181.7535400390625 178.07220458984375 174.02197265625 170.29608154296875 164.3420257568359375 155.6171722412109375 145.77618408203125 137.622314453125 130.421051025390625 123.9451904296875 122.256622314453125 123.8795928955078125 127.05619049072265625 134.726287841796875 146.30035400390625 159.5526275634765625 167.8072509765625 171.367584228515625 173.93927001953125 179.4484100341796875 185.374542236328125 189.5228729248046875 189.976226806640625 186.30108642578125 180.333831787109375 174.463226318359375 168.4768829345703125 162.8838043212890625 158.012054443359375 155.7214508056640625 157.1830291748046875
178.7037506103515625 170.3975067138671875 156.6693267822265625 147.8739013671875 145.5078277587890625 147.3685150146484375 152.8973541259765625 160.6927032470703125 167.750152587890625 173.2704010009765625 175.130706787109375 175.0891876220703125 172.655609130859375 169.6050262451171875 165.61785888671875 158.9755401611328125 150.405731201171875 141.1405487060546875 134.338531494140625 128.6762542724609375 122.677886962890625 120.80265045166015625 122.817230224609375 127.5087127685546875 134.584503173828125 146.2239227294921875 160.1789093017578125 170.0920867919921875 174.90478515625 178.636810302734375 182.6221160888671875 187.452728271484375 191.613677978515625 190.5963287353515625 185.73712158203125 180.5000152587890625 173.895599365234375 166.81793212890625 158.74493408203125 153.08551025390625 152.534515380859375 155.9031829833984375
172.0885467529296875 164.7838134765625 152.7947998046875 144.772674560546875 140.165435791015625 140.4658660888671875 146.652374267578125 154.378509521484375 161.2840576171875 166.323822021484375 167.572021484375 167.28887939453125 165.997283935546875 163.4544677734375 159.7081451416015625 153.4781951904296875 145.993133544921875 137.6256103515625 132.09539794921875 126.8154144287109375 121.5779571533203125 120.6631622314453125 124.271942138671875 128.976318359375 135.5948944091796875 146.2525482177734375 160.0419921875 171.839599609375 178.2523193359375 182.0360107421875 184.5438995361328125 188.5821533203125 191.7371673583984375 189.9404296875 184.228271484375 179.22125244140625 174.3111724853515625 165.322479248046875 156.0570526123046875 152.400909423828125 153.0407257080078125 156.0113372802734375
160.66400146484375 156.010101318359375 148.0306243896484375 142.206329345703125 138.2530517578125 137.7418670654296875 141.608856201171875 148.0406951904296875 154.7434234619140625 158.8657684326171875 159.8379058837890625 159.9696197509765625 158.7205657958984375 156.177337646484375 152.4194183349609375 146.8949432373046875 140.8173675537109375 134.6429290771484375 128.94598388671875 123.03252410888671875 119.6150970458984375 121.0813140869140625 125.78501129150390625 131.1743927001953125 138.0125732421875 148.739227294921875 162.9601898193359375 173.175384521484375 178.1703033447265625 181.3048095703125 183.4740447998046875 186.8970947265625 188.453460693359375 186.5445709228515625 180.2144775390625 174.3969573974609375 170.847412109375 163.2169952392578125 155.21728515625 152.3956756591796875 154.95709228515625 158.005126953125
149.4651336669921875 147.1055755615234375 142.096160888671875 139.59991455078125 136.0054931640625 133.8078155517578125 135.692657470703125 141.6727447509765625 148.354461669921875 152.466400146484375 153.82080078125 153.516998291015625 151.737518310546875 148.9011077880859375 145.1676788330078125 140.34912109375 135.7618865966796875 131.1362457275390625 124.67057037353515625 119.2467498779296875 118.26667022705078125 122.24617767333984375 127.87105560302734375 132.9192657470703125 140.49359130859375 152.8291015625 165.0431671142578125 172.2955169677734375 176.41033935546875 179.0956878662109375 180.8073577880859375 182.9015045166015625 183.05609130859375 180.613555908203125 174.5985260009765625 170.0714263916015625 167.1595611572265625 161.0737152099609375 152.2077178955078125 148.4373321533203125 152.071502685546875 159.1024017333984375
140.02862548828125 139.586517333984375 137.3826141357421875 135.451568603515625 132.7747344970703125 130.0257110595703125 131.016845703125 135.5634918212890625 141.462738037109375 146.1860198974609375 147.89947509765625 146.583984375 144.6426544189453125 142.0788726806640625 138.397430419921875 134.5740203857421875 131.97235107421875 128.2867279052734375 121.114349365234375 116.72525787353515625 117.5303192138671875 123.7489166259765625 129.593780517578125 133.9947509765625 142.7302398681640625 155.22296142578125 164.82666015625 171.508209228515625 175.405029296875 176.5875244140625 177.1919097900390625 178.450225830078125 177.91455078125 175.82012939453125 170.80572509765625 167.602386474609375 164.75799560546875 158.2301177978515625 147.9101409912109375 142.773223876953125 146.970916748046875 157.2169036865234375
133.444244384765625 133.0169677734375 130.835479736328125 129.8678741455078125 128.3779449462890625 127.3687744140625 128.6218109130859375 131.2733001708984375 135.2017822265625 139.6702728271484375 141.48095703125 140.24957275390625 138.64593505859375 136.2086029052734375 133.01422119140625 130.605804443359375 129.658935546875 126.05480194091796875 119.3406829833984375 115.59973907470703125 117.977020263671875 124.91071319580078125 130.250244140625 135.0198516845703125 143.9245147705078125 156.0944671630859375 165.4706878662109375 171.9172210693359375 174.9478912353515625 174.4212188720703125 174.0163421630859375 174.383758544921875 174.12969970703125 172.544586181640625 169.0092315673828125 165.6445159912109375 160.2591705322265625 151.3514404296875 143.2552947998046875 140.353851318359375 143.806304931640625 154.2569427490234375
127.0555419921875 126.43195343017578125 124.07391357421875 123.13014984130859375 121.597015380859375 121.80622100830078125 124.24742889404296875 127.0221710205078125 129.855499267578125 133.4522552490234375 135.4683380126953125 135.491058349609375 134.347076416015625 131.4647216796875 129.684539794921875 128.76873779296875 127.23249053955078125 123.25707244873046875 117.5452728271484375 114.6961212158203125 119.35536956787109375 125.9260406494140625 130.444427490234375 135.471588134765625 144.447052001953125 156.3998870849609375 166.5432891845703125 172.062255859375 173.48248291015625 171.8815765380859375 171.15216064453125 171.43035888671875 171.7181243896484375 170.7551422119140625 168.4815216064453125 163.1907958984375 153.1917266845703125 142.7635955810546875 138.188690185546875 137.70703125 142.0448760986328125 152.222869873046875
119.63031005859375 118.53711700439453125 116.75072479248046875 113.8099212646484375 111.08425140380859375 110.23490142822265625 113.568450927734375 118.6417388916015625 123.148040771484375 126.59404754638671875 128.998779296875 131.158111572265625 130.85235595703125 127.97029876708984375 126.40322113037109375 125.20932769775390625 122.02652740478515625 118.85324859619140625 114.74803924560546875 113.5150909423828125 119.79467010498046875 125.8315582275390625 129.6558990478515625 135.4625091552734375 145.488555908203125 157.0173797607421875 165.8900909423828125 171.2924346923828125 171.472564697265625 169.03656005859375 167.5119476318359375 169.5670318603515625 171 169.0276641845703125 165.0162506103515625 157.3693084716796875 144.54571533203125 135.6755828857421875 133.8873291015625 135.42144775390625 139.7786407470703125 149.5020751953125
113.96144866943359375 112.7248687744140625 109.0432586669921875 104.00391387939453125 100.1111907958984375 97.7870635986328125 100.8480377197265625 107.28749847412109375 113.12882232666015625 119.20330810546875 122.9506072998046875 126.58847808837890625 127.28836822509765625 124.36785125732421875 122.111114501953125 119.224700927734375 115.8708343505859375 113.34088897705078125 111.8578033447265625 112.98954010009765625 119.3418426513671875 124.33550262451171875 128.360504150390625 134.6861724853515625 145.495391845703125 156.9747467041015625 164.554229736328125 169.24609375 169.5489349365234375 167.0762786865234375 165.3308868408203125 167.2035369873046875 167.625152587890625 163.694427490234375 157.767059326171875 148.7709503173828125 139.0910797119140625 133.2040252685546875 133.110382080078125 134.80194091796875 138.3015594482421875 146.7252655029296875
108.93428802490234375 107.38927459716796875 100.8026123046875 95.2303619384765625 91.30413818359375 89.898468017578125 91.57642364501953125 95.64363861083984375 103.654510498046875 112.26214599609375 118.59626007080078125 122.35776519775390625 121.826873779296875 118.72978973388671875 116.07068634033203125 113.4180450439453125 110.3084716796875 108.352081298828125 109.2658233642578125 112.7916412353515625 118.3762359619140625 123.53424835205078125 128.214019775390625 134.2376251220703125 144.2317047119140625 155.0476531982421875 162.9332733154296875 166.8700408935546875 167.5362396240234375 164.737091064453125 162.447418212890625 161.338348388671875 159.42669677734375 155.69952392578125 149.305816650390625 141.960296630859375 136.2053375244140625 134.009796142578125 133.1051483154296875 133.872222900390625 136.9365997314453125 144.756195068359375
