samples/slope.asc
ncols        70
nrows        124
xllcorner    350018.872239818913
yllcorner    6735579.873372113332
cellsize     30.000000000000
NODATA_value  -9999
[rows 18 to 35 of 124, columns 0 to 39 of 70]
19.3231658935546875 17.257287979125976563 15.072010040283203125 14.44490814208984375 14.939288139343261719 15.252744674682617188 16.706312179565429688 19.4294586181640625 21.256914138793945313 23.456212997436523438 26.8346710205078125 26.139047622680664063 21.99764251708984375 19.737661361694335938 19.174900054931640625 17.600223541259765625 15.963929176330566406 15.325015068054199219 16.125013351440429688 17.874843597412109375 19.6382293701171875 20.684083938598632813 20.07849884033203125 19.5735321044921875 15.186373710632324219 6.2776408195495605469 13.599117279052734375 19.27550506591796875 21.87743377685546875 26.42377471923828125 31.416294097900390625 32.739543914794921875 36.875202178955078125 39.379100799560546875 36.317485809326171875 30.772150039672851563 24.606874465942382813 23.739995956420898438 32.302547454833984375 40.55648040771484375
5.5449414253234863281 3.7528755664825439453 4.1916379928588867188 4.7039313316345214844 4.015872955322265625 4.4725084304809570313 7.2060351371765136719 9.1149511337280273438 9.9816913604736328125 14.602831840515136719 19.516918182373046875 18.53560638427734375 15.250378608703613281 15.646103858947753906 17.30792999267578125 17.473941802978515625 18.457418441772460938 19.873380661010742188 21.128633499145507813 22.247463226318359375 23.441507339477539063 25.172445297241210938 23.664747238159179688 17.933345794677734375 8.914947509765625 3.6257112026214599609 13.975881576538085938 18.966566085815429688 21.904354095458984375 27.47454071044921875 33.070018768310546875 35.00928497314453125 37.73838043212890625 36.51689910888671875 25.989183425903320313 19.280721664428710938 19.72344970703125 22.307584762573242188 31.218379974365234375 38.041294097900390625
15.851458549499511719 16.476490020751953125 17.626043319702148438 18.02024078369140625 17.929309844970703125 18.353647232055664063 19.706865310668945313 20.71782684326171875 19.536840438842773438 20.524629592895507813 23.36102294921875 23.311487197875976563 21.336185455322265625 21.00399017333984375 21.75453948974609375 19.222688674926757813 16.024715423583984375 17.229986190795898438 21.031383514404296875 24.603296279907226563 27.123783111572265625 28.513202667236328125 25.121143341064453125 16.6820068359375 7.8256177902221679688 8.3635625839233398438 15.825283050537109375 20.420473098754882813 22.871358871459960938 27.944871902465820313 33.530384063720703125 36.37427520751953125 37.564998626708984375 34.879314422607421875 26.238555908203125 20.326028823852539063 23.100553512573242188 27.677196502685546875 33.633129119873046875 35.734039306640625
25.74335479736328125 25.691707611083984375 26.132282257080078125 26.347248077392578125 25.868190765380859375 24.821901321411132813 25.024883270263671875 26.737764358520507813 26.899389266967773438 26.876789093017578125 27.891834259033203125 27.972131729125976563 27.266389846801757813 27.663320541381835938 29.692996978759765625 29.486917495727539063 25.256467819213867188 22.064321517944335938 20.797443389892578125 21.689783096313476563 25.261400222778320313 27.393545150756835938 22.599138259887695313 13.508052825927734375 9.4886980056762695313 13.033098220825195313 20.290872573852539063 23.626466751098632813 23.10982513427734375 26.7236175537109375 33.482120513916015625 37.22714996337890625 36.833591461181640625 35.2154541015625 30.364437103271484375 23.079732894897460938 23.214796066284179688 30.0478363037109375 36.326019287109375 37.0377349853515625
31.775882720947265625 31.118709564208984375 30.793943405151367188 30.623432159423828125 29.533216476440429688 27.352483749389648438 26.427509307861328125 27.5871734619140625 28.131738662719726563 28.076410293579101563 29.516490936279296875 30.95078277587890625 31.010076522827148438 31.439914703369140625 33.965305328369140625 36.54000091552734375 35.3960113525390625 32.248870849609375 29.325962066650390625 26.498037338256835938 25.724733352661132813 23.674449920654296875 13.267923355102539063 6.3440313339233398438 9.7115154266357421875 15.845615386962890625 24.607358932495117188 26.5013580322265625 24.80840301513671875 27.707719802856445313 32.814479827880859375 36.10698699951171875 37.652919769287109375 38.894290924072265625 33.01444244384765625 21.855665206909179688 19.257028579711914063 27.3204193115234375 35.21395111083984375 38.107295989990234375
35.141353607177734375 34.69391632080078125 33.430736541748046875 32.870883941650390625 32.86510467529296875 31.780576705932617188 29.705736160278320313 28.773912429809570313 29.020856857299804688 28.358526229858398438 29.261941909790039063 31.732288360595703125 32.193378448486328125 31.456653594970703125 32.852008819580078125 37.09476470947265625 39.756526947021484375 38.556690216064453125 36.22397613525390625 33.3496856689453125 30.408582687377929688 25.431640625 12.723645210266113281 5.5362248420715332031 12.800700187683105469 19.6522369384765625 28.249912261962890625 30.201562881469726563 29.743869781494140625 31.529787063598632813 32.977199554443359375 35.086181640625 38.755893707275390625 40.525371551513671875 32.94416046142578125 21.057643890380859375 17.515323638916015625 24.288465499877929688 31.848134994506835938 35.375553131103515625
34.957744598388671875 34.522380828857421875 32.8173370361328125 31.849790573120117188 33.198291778564453125 34.385723114013671875 32.936344146728515625 30.72832489013671875 30.82457733154296875 29.701303482055664063 27.91201019287109375 29.0935516357421875 30.474092483520507813 29.579717636108398438 29.334140777587890625 33.288524627685546875 38.893894195556640625 41.56600189208984375 41.35315704345703125 38.79524993896484375 34.625141143798828125 28.590824127197265625 18.129886627197265625 10.416071891784667969 16.732173919677734375 24.325664520263671875 32.883602142333984375 34.917011260986328125 34.61572265625 35.583477020263671875 35.343349456787109375 35.249149322509765625 37.2119598388671875 38.483554840087890625 31.974615097045898438 21.354101181030273438 14.188531875610351563 18.660388946533203125 28.593791961669921875 33.39617919921875
31.561870574951171875 30.673343658447265625 29.474924087524414063 28.206647872924804688 28.186857223510742188 29.36350250244140625 30.158237457275390625 28.266887664794921875 28.196033477783203125 28.186920166015625 25.325258255004882813 24.516477584838867188 26.668237686157226563 27.312414169311523438 26.89055633544921875 28.83551788330078125 33.4965362548828125 38.930782318115234375 42.477142333984375 42.37107086181640625 38.291034698486328125 30.834781646728515625 21.723255157470703125 14.866926193237304688 19.14305877685546875 29.320158004760742188 37.095294952392578125 38.1231689453125 38.9115447998046875 39.8536224365234375 37.7350921630859375 34.898738861083984375 34.56555938720703125 35.069263458251953125 30.583156585693359375 23.043519973754882813 15.182424545288085938 14.896401405334472656 25.77569580078125 33.0054779052734375
26.828336715698242188 26.127908706665039063 25.786825180053710938 23.665224075317382813 19.65166473388671875 19.390062332153320313 22.5515594482421875 21.649906158447265625 21.430887222290039063 23.365720748901367188 22.307464599609375 19.696710586547851563 19.728649139404296875 20.922794342041015625 22.439083099365234375 25.082904815673828125 27.820924758911132813 32.67459869384765625 38.64472198486328125 41.81984710693359375 39.2944488525390625 30.24790191650390625 20.352796554565429688 13.649950981140136719 18.725179672241210938 32.773731231689453125 38.684116363525390625 38.690021514892578125 40.785106658935546875 39.52045440673828125 34.7946624755859375 31.352815628051757813 31.311544418334960938 32.348484039306640625 30.014322280883789063 25.65933990478515625 19.97022247314453125 17.692815780639648438 23.979480743408203125 29.96761322021484375
22.310245513916015625 21.372936248779296875 20.297918319702148438 17.232515335083007813 13.6118621826171875 16.055696487426757813 18.291440963745117188 16.1912689208984375 15.315135955810546875 18.982416152954101563 21.765045166015625 21.608392715454101563 22.013959884643554688 22.618923187255859375 22.373479843139648438 22.929126739501953125 24.497659683227539063 28.540681838989257813 35.01795196533203125 39.965106964111328125 38.14933013916015625 27.777286529541015625 16.661102294921875 7.5490202903747558594 16.48740386962890625 33.069293975830078125 36.72429656982421875 36.823604583740234375 39.18529510498046875 33.683467864990234375 26.467271804809570313 24.663616180419921875 27.545827865600585938 30.484655380249023438 29.679822921752929688 26.657335281372070313 21.055795669555664063 17.797687530517578125 21.867139816284179688 27.250841140747070313
16.174879074096679688 13.623643875122070313 12.525683403015136719 15.090653419494628906 20.2560577392578125 23.23273468017578125 21.328271865844726563 17.1980133056640625 15.492144584655761719 17.796941757202148438 22.463897705078125 26.3948211669921875 27.674556732177734375 26.543252944946289063 25.136960983276367188 25.181276321411132813 27.425870895385742188 31.032230377197265625 35.552394866943359375 38.634899139404296875 35.724246978759765625 25.717485427856445313 14.52516937255859375 2.68320465087890625 16.156198501586914063 29.977436065673828125 33.707057952880859375 37.552764892578125 39.81539154052734375 33.713191986083984375 27.714605331420898438 25.62837982177734375 26.364679336547851563 27.70465087890625 26.855806350708007813 23.852479934692382813 18.248308181762695313 14.826767921447753906 16.227535247802734375 21.791898727416992188
14.636407852172851563 14.748409271240234375 17.721807479858398438 22.761884689331054688 28.209171295166015625 28.814130783081054688 24.702053070068359375 21.77310943603515625 20.27570343017578125 19.210628509521484375 22.016956329345703125 28.311626434326171875 30.298509597778320313 26.733354568481445313 24.246484756469726563 27.224920272827148438 33.1920928955078125 36.741207122802734375 37.74703216552734375 36.853389739990234375 32.45360565185546875 23.744873046875 11.079251289367675781 6.1279206275939941406 18.45867919921875 23.22145843505859375 27.372959136962890625 36.362934112548828125 39.933719635009765625 36.69842529296875 33.584339141845703125 33.0214080810546875 31.40256500244140625 29.085916519165039063 27.836948394775390625 24.579000473022460938 19.186971664428710938 14.228176116943359375 11.032964706420898438 14.5637969970703125
22.072521209716796875 22.419656753540039063 25.222249984741210938 29.347126007080078125 32.76727294921875 32.1292266845703125 28.642145156860351563 26.908536911010742188 25.08823394775390625 22.120037078857421875 21.772970199584960938 27.280820846557617188 29.19925689697265625 25.577846527099609375 24.946407318115234375 29.634906768798828125 35.29508209228515625 36.586933135986328125 34.988006591796875 33.008331298828125 28.36893463134765625 17.882253646850585938 3.9883792400360107422 18.393171310424804688 25.5267791748046875 22.567108154296875 20.296049118041992188 28.882810592651367188 34.050876617431640625 34.710689544677734375 34.1754913330078125 35.050384521484375 34.644008636474609375 32.29322052001953125 31.070962905883789063 27.884677886962890625 22.49887847900390625 15.339643478393554688 10.461940765380859375 13.619482040405273438
26.731431961059570313 25.603235244750976563 27.620481491088867188 30.817480087280273438 33.09970855712890625 33.22754669189453125 31.65343475341796875 30.673650741577148438 29.482248306274414063 26.341897964477539063 22.428081512451171875 23.456090927124023438 24.600839614868164063 24.240659713745117188 27.810895919799804688 33.193920135498046875 37.56343841552734375 35.627384185791015625 30.10704803466796875 27.403638839721679688 20.357969284057617188 5.6117339134216308594 17.350126266479492188 29.653331756591796875 31.854223251342773438 28.460184097290039063 23.919717788696289063 22.021535873413085938 25.161685943603515625 30.47064208984375 33.12740325927734375 34.314971923828125 34.839405059814453125 33.1709442138671875 31.806871414184570313 29.712453842163085938 24.792291641235351563 17.913888931274414063 10.944253921508789063 12.026022911071777344
28.436946868896484375 28.078481674194335938 29.259088516235351563 30.4129486083984375 31.8340301513671875 32.417575836181640625 31.454010009765625 31.192144393920898438 31.965362548828125 31.543451309204101563 28.32976531982421875 24.869688034057617188 22.249029159545898438 23.576421737670898438 29.540857315063476563 35.93621826171875 39.903865814208984375 34.866546630859375 26.097051620483398438 20.98496246337890625 9.3309307098388671875 16.808885574340820313 31.44544219970703125 37.11731719970703125 35.709941864013671875 32.436634063720703125 28.98053741455078125 22.024120330810546875 18.9829864501953125 26.945146560668945313 33.425510406494140625 35.199161529541015625 35.14131927490234375 32.92029571533203125 30.958902359008789063 29.646900177001953125 24.806543350219726563 19.961938858032226563 14.665581703186035156 6.4445643424987792969
28.319026947021484375 31.537244796752929688 32.133453369140625 30.999650955200195313 31.001340866088867188 30.26363372802734375 28.612071990966796875 27.117422103881835938 26.40948486328125 30.754688262939453125 34.223663330078125 33.70644378662109375 30.460994720458984375 28.851518630981445313 31.354974746704101563 36.494503021240234375 39.404850006103515625 32.366657257080078125 22.474802017211914063 14.070315361022949219 13.319403648376464844 29.730875015258789063 38.438358306884765625 39.748546600341796875 36.714405059814453125 32.89508819580078125 30.038526535034179688 25.424205780029296875 21.653614044189453125 26.31645965576171875 32.724880218505859375 34.5902252197265625 33.754302978515625 32.05709075927734375 30.872304916381835938 29.299421310424804688 23.848384857177734375 20.069408416748046875 17.11541748046875 8.1985559463500976563
23.54138946533203125 30.427366256713867188 34.060955047607421875 33.155902862548828125 31.903270721435546875 30.678958892822265625 29.984905242919921875 29.086698532104492188 23.078399658203125 23.341930389404296875 31.349969863891601563 35.54229736328125 36.372577667236328125 36.544055938720703125 36.577785491943359375 36.715923309326171875 35.807781219482421875 28.201364517211914063 18.236989974975585938 9.8010473251342773438 22.829486846923828125 35.3520660400390625 39.226161956787109375 38.728221893310546875 35.87946319580078125 31.81977081298828125 30.127201080322265625 28.697061538696289063 28.572446823120117188 28.896192550659179688 28.872724533081054688 30.5712432861328125 31.506517410278320313 31.401411056518554688 31.864238739013671875 30.10271453857421875 23.494081497192382813 19.190332412719726563 17.206829071044921875 12.582401275634765625
23.608366012573242188 23.494052886962890625 29.527217864990234375 32.443462371826171875 32.44548797607421875 32.459072113037109375 33.170543670654296875 34.578395843505859375 31.610361099243164063 26.708360671997070313 26.633785247802734375 30.713983535766601563 35.18743133544921875 38.582317352294921875 40.331844329833984375 38.888782501220703125 33.367588043212890625 22.741315841674804688 9.202953338623046875 13.001018524169921875 30.093196868896484375 37.81113433837890625 38.53034210205078125 37.6556396484375 35.23300933837890625 32.2602386474609375 33.91260528564453125 34.166828155517578125 33.497882843017578125 29.611421585083007813 24.476522445678710938 25.8924407958984375 28.7620391845703125 30.096029281616210938 33.299892425537109375 32.02223968505859375 23.375120162963867188 17.634366989135742188 16.230060577392578125 15.630742073059082031
