samples/slope.asc
ncols        70
nrows        124
xllcorner    350018.872239818913
yllcorner    6735579.873372113332
cellsize     30.000000000000
NODATA_value  -9999
[rows 72 to 89 of 124, columns 0 to 39 of 70]
23.730737686157226563 23.7220306396484375 22.674634933471679688 17.8763580322265625 16.809343338012695313 21.620252609252929688 23.776357650756835938 25.094797134399414063 24.915620803833007813 23.738910675048828125 21.3085784912109375 19.299711227416992188 20.666204452514648438 19.75382232666015625 13.922472000122070313 13.146725654602050781 15.9048309326171875 17.482225418090820313 17.591676712036132813 17.86557769775390625 16.633073806762695313 14.676312446594238281 13.097698211669921875 11.580588340759277344 12.325891494750976563 13.413568496704101563 12.62830352783203125 13.325514793395996094 15.225403785705566406 13.348958969116210938 10.474665641784667969 11.362424850463867188 12.743814468383789063 13.673438072204589844 14.464799880981445313 13.630986213684082031 9.0526552200317382813 8.64833831787109375 17.195528030395507813 19.057430267333984375
22.091730117797851563 22.011615753173828125 20.759065628051757813 15.465043067932128906 17.714014053344726563 23.16767120361328125 24.582502365112304688 25.447420120239257813 25.1356048583984375 23.542348861694335938 23.095373153686523438 22.3504180908203125 22.074005126953125 19.36998748779296875 12.82062530517578125 11.403933525085449219 14.120661735534667969 16.694883346557617188 17.846967697143554688 18.584453582763671875 17.822080612182617188 15.278066635131835938 13.220256805419921875 12.656991958618164063 13.585554122924804688 15.245192527770996094 15.153325080871582031 15.583892822265625 15.859798431396484375 12.381748199462890625 10.310757637023925781 12.594661712646484375 13.141536712646484375 13.605242729187011719 14.103363990783691406 11.466807365417480469 8.2413930892944335938 16.8558502197265625 21.14902496337890625 17.3851165771484375
20.687641143798828125 19.576335906982421875 19.065296173095703125 15.444591522216796875 19.513616561889648438 23.477201461791992188 24.16356658935546875 25.794332504272460938 25.923305511474609375 24.626434326171875 24.565004348754882813 22.736539840698242188 21.098325729370117188 17.8025665283203125 12.349026679992675781 11.599111557006835938 12.913969993591308594 14.720012664794921875 15.942071914672851563 16.147663116455078125 14.738446235656738281 12.143727302551269531 11.388386726379394531 12.570448875427246094 13.854122161865234375 15.797987937927246094 15.967097282409667969 15.838006019592285156 14.65154266357421875 10.580684661865234375 9.2776355743408203125 12.225296974182128906 12.897221565246582031 13.022223472595214844 10.78420257568359375 4.7343125343322753906 10.490839958190917969 21.161830902099609375 22.539896011352539063 17.084428787231445313
20.568080902099609375 17.252521514892578125 14.514760971069335938 12.48325347900390625 18.934185028076171875 22.280210494995117188 23.2697906494140625 25.37969207763671875 25.085422515869140625 23.197856903076171875 22.399168014526367188 20.891925811767578125 20.068735122680664063 16.312992095947265625 12.053972244262695313 12.450671195983886719 12.983901023864746094 12.985882759094238281 13.071735382080078125 12.366436958312988281 10.26519775390625 8.1458187103271484375 8.7688312530517578125 10.690655708312988281 12.261524200439453125 14.952516555786132813 15.480863571166992188 14.121415138244628906 11.584136009216308594 7.7829561233520507813 7.1810431480407714844 11.255842208862304688 13.328080177307128906 12.938160896301269531 8.196964263916015625 1.1200468540191650391 13.181450843811035156 22.286886215209960938 23.285617828369140625 18.881931304931640625
20.92041778564453125 16.9651031494140625 10.269769668579101563 7.7682127952575683594 16.50435638427734375 20.42879486083984375 21.439167022705078125 23.102191925048828125 23.103893280029296875 21.036993026733398438 20.366872787475585938 20.36518096923828125 18.9800262451171875 13.986880302429199219 11.296263694763183594 12.967902183532714844 12.901996612548828125 11.377805709838867188 10.806736946105957031 9.7107095718383789063 7.3524332046508789063 6.2934565544128417969 8.14946746826171875 9.3809576034545898438 10.901455879211425781 14.512822151184082031 14.898654937744140625 11.911244392395019531 8.7142457962036132813 6.5724167823791503906 8.1485376358032226563 12.282185554504394531 14.347603797912597656 13.158172607421875 6.9551644325256347656 4.5076169967651367188 15.884171485900878906 22.543695449829101563 23.4935150146484375 20.388519287109375
20.487409591674804688 16.775594711303710938 8.330585479736328125 7.9414353370666503906 16.49840545654296875 19.35405731201171875 19.31693267822265625 21.650726318359375 22.73691558837890625 20.377580642700195313 19.788213729858398438 19.613361358642578125 15.697953224182128906 10.585944175720214844 10.229034423828125 12.165051460266113281 11.090638160705566406 9.2435846328735351563 8.5998487472534179688 7.5423855781555175781 6.5796957015991210938 7.8734173774719238281 10.862703323364257813 11.3703765869140625 12.052968978881835938 15.176924705505371094 14.961775779724121094 11.737399101257324219 10.167508125305175781 10.704991340637207031 13.138830184936523438 15.675591468811035156 16.219724655151367188 13.639824867248535156 6.8575801849365234375 9.2433080673217773438 19.366277694702148438 22.73972320556640625 22.032991409301757813 19.912939071655273438
19.92223358154296875 14.699662208557128906 6.3636226654052734375 11.469916343688964844 18.543926239013671875 19.52147674560546875 19.666889190673828125 22.72362518310546875 23.130481719970703125 19.720937728881835938 18.785455703735351563 17.627298355102539063 12.639998435974121094 9.852748870849609375 11.405430793762207031 11.699542045593261719 9.99019622802734375 8.6827249526977539063 7.6040191650390625 7.1074895858764648438 8.1310052871704101563 10.931238174438476563 13.360096931457519531 14.310475349426269531 15.6014251708984375 16.833255767822265625 15.762904167175292969 14.457734107971191406 15.329937934875488281 16.223230361938476563 16.413068771362304688 16.701061248779296875 15.805082321166992188 11.187685966491699219 4.6404018402099609375 12.988425254821777344 21.50604248046875 22.195020675659179688 19.504669189453125 18.53131103515625
19.51401519775390625 12.06427001953125 2.5244648456573486328 13.449263572692871094 19.361370086669921875 20.30377197265625 21.39548492431640625 23.371839523315429688 22.235429763793945313 18.272367477416992188 16.967840194702148438 15.8798675537109375 12.8163909912109375 12.907855033874511719 14.142981529235839844 12.964366912841796875 11.231524467468261719 9.8075160980224609375 8.639537811279296875 9.08878326416015625 10.83684539794921875 12.904294013977050781 14.793512344360351563 15.983226776123046875 15.97104644775390625 15.61011505126953125 15.490515708923339844 16.708967208862304688 18.286615371704101563 17.793142318725585938 16.450748443603515625 15.631440162658691406 12.40252685546875 5.2262048721313476563 5.5692782402038574219 14.135751724243164063 20.290830612182617188 21.090793609619140625 18.58425140380859375 18.283008575439453125
18.479818344116210938 10.574338912963867188 4.54439544677734375 15.461256027221679688 19.417409896850585938 19.541036605834960938 19.6287841796875 20.455995559692382813 19.565938949584960938 16.470449447631835938 15.3380889892578125 15.849776268005371094 14.997074127197265625 14.247097015380859375 13.932771682739257813 12.579878807067871094 11.555699348449707031 11.121048927307128906 11.640726089477539063 13.328710556030273438 14.649752616882324219 14.957247734069824219 15.531369209289550781 14.477788925170898438 11.139192581176757813 10.376206398010253906 13.238045692443847656 16.706506729125976563 18.2211456298828125 16.72162628173828125 14.375611305236816406 11.89180755615234375 6.4614152908325195313 4.8342709541320800781 8.9548673629760742188 12.592234611511230469 17.0860443115234375 19.260309219360351563 17.994470596313476563 17.789556503295898438
18.049001693725585938 12.482970237731933594 10.930594444274902344 18.403095245361328125 18.806108474731445313 16.945728302001953125 17.017793655395507813 18.48384857177734375 18.348897933959960938 15.663448333740234375 14.695473670959472656 15.489661216735839844 15.383256912231445313 13.749738693237304688 10.771716117858886719 9.3946695327758789063 10.469198226928710938 11.814074516296386719 13.908543586730957031 16.193746566772460938 16.567087173461914063 14.61483001708984375 12.270314216613769531 8.54738616943359375 4.5769095420837402344 6.9932947158813476563 13.095223426818847656 17.453016281127929688 17.981931686401367188 13.873056411743164063 7.9770717620849609375 3.8712635040283203125 3.3939313888549804688 9.071018218994140625 10.08174896240234375 11.433118820190429688 15.663352012634277344 18.078359603881835938 17.276887893676757813 17.0108795166015625
18.071710586547851563 15.068816184997558594 16.202287673950195313 19.600902557373046875 16.19594573974609375 12.420868873596191406 13.355840682983398438 17.599973678588867188 19.47882080078125 17.839374542236328125 16.388042449951171875 16.644067764282226563 17.861429214477539063 16.860286712646484375 12.774586677551269531 10.619709968566894531 11.108519554138183594 11.008579254150390625 11.845332145690917969 11.851255416870117188 10.817114830017089844 9.3625001907348632813 6.7651052474975585938 3.8409206867218017578 2.5359997749328613281 7.0033054351806640625 14.421526908874511719 18.638576507568359375 17.358736038208007813 10.23320770263671875 2.0382580757141113281 3.2836041450500488281 7.6747956275939941406 10.005319595336914063 10.51908111572265625 13.657635688781738281 18.224544525146484375 19.240976333618164063 17.732973098754882813 18.56610870361328125
16.6479034423828125 17.355093002319335938 18.911273956298828125 18.920946121215820313 15.473970413208007813 11.241254806518554688 8.1212911605834960938 12.618234634399414063 18.27625274658203125 18.7621917724609375 15.975108146667480469 15.541663169860839844 17.82977294921875 18.0098114013671875 15.321827888488769531 13.557038307189941406 14.05873870849609375 12.663055419921875 10.9374542236328125 8.930023193359375 5.6148171424865722656 6.11074066162109375 6.0082144737243652344 4.5424757003784179688 4.2277483940124511719 7.6257109642028808594 14.815855979919433594 18.530376434326171875 15.972828865051269531 8.8239917755126953125 0.934604644775390625 5.894458770751953125 8.857898712158203125 9.4142475128173828125 12.528406143188476563 17.68704986572265625 20.130552291870117188 18.170074462890625 16.55692291259765625 19.707378387451171875
14.444846153259277344 16.726222991943359375 18.740438461303710938 18.923654556274414063 16.619129180908203125 12.876324653625488281 8.3755922317504882813 7.0680899620056152344 15.178387641906738281 18.399629592895507813 15.006618499755859375 14.117161750793457031 16.058038711547851563 15.705327033996582031 13.716553688049316406 13.289669036865234375 15.5917205810546875 15.573634147644042969 13.396982192993164063 12.142787933349609375 9.1112642288208007813 7.4124102592468261719 8.4329862594604492188 7.5081725120544433594 6.04077911376953125 7.9337792396545410156 14.163000106811523438 18.091566085815429688 15.274089813232421875 8.6237573623657226563 1.6430281400680541992 7.8408474922180175781 9.858860015869140625 10.944670677185058594 15.458474159240722656 19.11634063720703125 18.439840316772460938 14.859943389892578125 13.962731361389160156 18.018369674682617188
13.976274490356445313 14.62117767333984375 16.319646835327148438 16.62908172607421875 14.632679939270019531 12.520070075988769531 11.107051849365234375 9.0601348876953125 14.566446304321289063 18.63104248046875 16.359762191772460938 15.074781417846679688 15.746720314025878906 13.468752861022949219 10.370746612548828125 11.045750617980957031 14.303913116455078125 14.810294151306152344 13.865729331970214844 14.614815711975097656 12.302337646484375 7.9662089347839355469 8.648151397705078125 10.362939834594726563 8.9911298751831054688 9.03057098388671875 14.475969314575195313 18.2666015625 15.334783554077148438 8.1405401229858398438 2.9200158119201660156 9.8877630233764648438 12.637287139892578125 14.193267822265625 16.364446640014648438 16.359395980834960938 14.650759696960449219 12.41736602783203125 12.107699394226074219 15.482080459594726563
13.897754669189453125 13.805362701416015625 13.854610443115234375 12.788295745849609375 11.962834358215332031 12.550323486328125 14.378655433654785156 14.570127487182617188 17.246425628662109375 19.76802825927734375 18.480199813842773438 17.070177078247070313 15.849706649780273438 11.861307144165039063 10.366796493530273438 14.082668304443359375 16.631664276123046875 14.931901931762695313 13.157819747924804688 13.850164413452148438 12.872780799865722656 9.6355848312377929688 7.3021745681762695313 10.415221214294433594 12.347972869873046875 13.017500877380371094 17.258892059326171875 18.149923324584960938 13.120837211608886719 5.0627088546752929688 4.2802591323852539063 11.497038841247558594 14.980665206909179688 16.865139007568359375 15.993226051330566406 12.774982452392578125 11.691103935241699219 11.873540878295898438 12.225050926208496094 13.622826576232910156
11.106844902038574219 12.184227943420410156 11.686507225036621094 11.092499732971191406 11.689948081970214844 12.359440803527832031 14.467869758605957031 16.778795242309570313 20.126657485961914063 21.7757110595703125 20.483676910400390625 18.420438766479492188 15.608881950378417969 12.021399497985839844 13.432215690612792969 17.952665328979492188 16.953924179077148438 12.012735366821289063 9.2995042800903320313 10.886051177978515625 12.695264816284179688 12.619652748107910156 10.254729270935058594 8.4916515350341796875 13.776002883911132813 18.5894012451171875 20.351499557495117188 16.377956390380859375 8.3443918228149414063 0.33876529335975646973 7.314605712890625 12.276232719421386719 16.457225799560546875 19.279371261596679688 16.357669830322265625 13.103982925415039063 13.566472053527832031 14.361062049865722656 14.298183441162109375 13.23777008056640625
11.137589454650878906 11.30785369873046875 10.701282501220703125 10.839763641357421875 11.193089485168457031 10.444140434265136719 11.386728286743164063 14.167351722717285156 17.857324600219726563 19.818475723266601563 18.792303085327148438 16.706560134887695313 14.727113723754882813 13.028974533081054688 15.427858352661132813 18.050195693969726563 14.145435333251953125 9.1867771148681640625 6.6882352828979492188 7.6875643730163574219 10.823882102966308594 12.84134674072265625 14.002053260803222656 12.484604835510253906 13.225857734680175781 18.565608978271484375 19.564617156982421875 13.745856285095214844 5.9015045166015625 5.9891629219055175781 10.716793060302734375 12.861164093017578125 17.208204269409179688 20.127283096313476563 16.560199737548828125 15.794081687927246094 18.305816650390625 17.830600738525390625 14.0697784423828125 9.421630859375
14.467014312744140625 12.731842994689941406 11.416028976440429688 10.782190322875976563 9.970638275146484375 8.652645111083984375 8.4834661483764648438 10.059070587158203125 13.4769744873046875 15.957073211669921875 15.04013824462890625 13.517339706420898438 12.150612831115722656 10.8994293212890625 13.614274024963378906 15.066216468811035156 12.222513198852539063 10.492128372192382813 9.904308319091796875 9.4119539260864257813 9.5897731781005859375 10.170275688171386719 13.375454902648925781 16.801908493041992188 16.688913345336914063 15.92237091064453125 12.2781524658203125 7.9181714057922363281 9.5453653335571289063 11.565806388854980469 12.388848304748535156 12.849359512329101563 16.630270004272460938 18.732660293579101563 16.935312271118164063 18.151926040649414063 17.5101470947265625 11.380557060241699219 4.7622818946838378906 2.7048652172088623047
