samples/slope.asc
ncols        70
nrows        124
xllcorner    350018.872239818913
yllcorner    6735579.873372113332
cellsize     30.000000000000
NODATA_value  -9999
[rows 36 to 53 of 124, columns 0 to 39 of 70]
22.921375274658203125 17.43260955810546875 19.820261001586914063 27.10596466064453125 30.470487594604492188 32.501758575439453125 34.494777679443359375 36.82134246826171875 37.1953582763671875 34.1534271240234375 29.370182037353515625 26.35604095458984375 30.52492523193359375 35.537567138671875 38.550907135009765625 37.354129791259765625 29.433511734008789063 15.14791107177734375 5.4990611076354980469 24.137722015380859375 35.956127166748046875 39.285022735595703125 38.31085205078125 37.1722259521484375 35.070674896240234375 32.747562408447265625 36.5421905517578125 36.87845611572265625 32.399539947509765625 26.765535354614257813 22.820653915405273438 23.1915283203125 25.9378662109375 29.783330917358398438 34.705417633056640625 32.485870361328125 22.743810653686523438 17.01241302490234375 15.434012413024902344 16.92438507080078125
20.755456924438476563 16.3989715576171875 12.688106536865234375 18.320220947265625 25.015186309814453125 31.052021026611328125 35.1521453857421875 37.089878082275390625 38.818912506103515625 37.914562225341796875 35.229312896728515625 30.735080718994140625 27.103710174560546875 27.719058990478515625 29.9712371826171875 25.77257537841796875 18.098529815673828125 13.140569686889648438 22.058771133422851563 34.40287017822265625 39.717571258544921875 39.887722015380859375 37.56960296630859375 35.873126983642578125 34.271678924560546875 31.221401214599609375 32.7456512451171875 34.36579132080078125 30.397859573364257813 26.835638046264648438 25.489786148071289063 24.2694091796875 26.48305511474609375 32.65418243408203125 35.1430206298828125 29.613786697387695313 21.662290573120117188 17.956562042236328125 15.907643318176269531 17.999605178833007813
24.061336517333984375 23.041131973266601563 20.070831298828125 16.229999542236328125 18.821054458618164063 27.630001068115234375 33.6613922119140625 35.090663909912109375 36.7476654052734375 37.289676666259765625 38.339748382568359375 38.73917388916015625 34.02825164794921875 25.588254928588867188 23.974653244018554688 15.53814697265625 7.8117289543151855469 21.534738540649414063 35.39139556884765625 41.031414031982421875 40.418182373046875 37.86238861083984375 34.213848114013671875 33.0262603759765625 32.1574859619140625 29.112646102905273438 25.43346405029296875 29.993055343627929688 31.012004852294921875 30.352182388305664063 29.958423614501953125 28.737581253051757813 30.590406417846679688 34.396671295166015625 32.07946014404296875 24.285692214965820313 19.997852325439453125 18.79846954345703125 16.431245803833007813 19.276493072509765625
23.973806381225585938 26.096660614013671875 28.48084259033203125 26.504400253295898438 24.300497055053710938 26.659763336181640625 29.195344924926757813 31.030315399169921875 33.689067840576171875 33.59995269775390625 35.679927825927734375 40.6973724365234375 39.3914642333984375 31.517530441284179688 28.7393951416015625 20.09508514404296875 5.3403525352478027344 27.52666473388671875 43.578022003173828125 44.2236480712890625 37.84111785888671875 33.111660003662109375 29.909040451049804688 30.548162460327148438 30.092174530029296875 28.301418304443359375 21.92629241943359375 24.9938812255859375 28.916151046752929688 30.11486053466796875 30.327545166015625 30.268777847290039063 31.484035491943359375 30.82096099853515625 25.035440444946289063 18.915056228637695313 18.103845596313476563 18.939062118530273438 18.118076324462890625 21.448223114013671875
21.679290771484375 26.980236053466796875 34.873897552490234375 39.719829559326171875 38.326175689697265625 32.026214599609375 25.4070892333984375 26.166093826293945313 31.473550796508789063 30.730169296264648438 29.731500625610351563 36.697566986083984375 36.87337493896484375 30.823461532592773438 30.921092987060546875 23.443017959594726563 11.085771560668945313 28.523143768310546875 46.32288360595703125 45.010845184326171875 33.464641571044921875 28.34433746337890625 28.248355865478515625 29.7724761962890625 28.748910903930664063 27.634321212768554688 20.996904373168945313 21.55225372314453125 26.566097259521484375 28.104297637939453125 28.15763092041015625 28.40804290771484375 27.781492233276367188 23.752443313598632813 17.700059890747070313 14.99631500244140625 16.541044235229492188 19.452600479125976563 21.030496597290039063 22.802350997924804688
23.641819000244140625 29.092708587646484375 34.859588623046875 39.05289459228515625 39.925861358642578125 36.6422882080078125 32.537261962890625 30.11518096923828125 31.999311447143554688 31.883045196533203125 29.737232208251953125 33.571590423583984375 33.20471954345703125 28.128896713256835938 27.397390365600585938 20.904754638671875 19.631542205810546875 29.30605316162109375 43.180812835693359375 43.266536712646484375 33.747608184814453125 28.9415283203125 28.519388198852539063 28.633352279663085938 27.713792800903320313 26.3908233642578125 21.225656509399414063 20.90613555908203125 25.73908233642578125 26.975070953369140625 26.247552871704101563 25.266658782958984375 22.431247711181640625 17.85742950439453125 14.306342124938964844 13.814574241638183594 16.49558258056640625 20.540800094604492188 22.607547760009765625 22.101427078247070313
29.2154693603515625 32.408748626708984375 31.328382492065429688 26.187177658081054688 28.93323516845703125 33.324859619140625 34.43914794921875 33.015773773193359375 31.62299346923828125 31.095335006713867188 29.552145004272460938 30.753225326538085938 31.075410842895507813 26.625299453735351563 19.175539016723632813 13.9263458251953125 24.367435455322265625 32.197246551513671875 36.661952972412109375 36.1511383056640625 33.089496612548828125 31.733411788940429688 30.825481414794921875 30.315557479858398438 29.623006820678710938 26.991748809814453125 23.920330047607421875 20.343471527099609375 19.934354782104492188 22.285608291625976563 22.792041778564453125 21.903242111206054688 19.635000228881835938 17.487874984741210938 17.207820892333984375 17.923574447631835938 19.10433197021484375 20.73159027099609375 21.452280044555664063 21.360486984252929688
34.1700439453125 34.30117034912109375 29.740993499755859375 25.1591949462890625 27.867143630981445313 33.959011077880859375 37.129352569580078125 37.11933135986328125 35.063091278076171875 33.7430267333984375 32.274623870849609375 32.5590057373046875 33.194362640380859375 24.266269683837890625 4.4608721733093261719 18.87201690673828125 29.909740447998046875 34.79709625244140625 33.533802032470703125 29.090719223022460938 28.674287796020507813 29.928050994873046875 30.936880111694335938 31.949306488037109375 31.689891815185546875 29.012865066528320313 26.440385818481445313 20.783933639526367188 13.327681541442871094 15.582798004150390625 19.237821578979492188 20.49919891357421875 20.6333770751953125 21.223272323608398438 22.656116485595703125 23.1483001708984375 21.89717864990234375 20.13858795166015625 19.704372406005859375 21.398777008056640625
34.726749420166015625 33.481555938720703125 31.387201309204101563 31.369344711303710938 31.536708831787109375 33.14989471435546875 34.611583709716796875 35.206024169921875 36.122982025146484375 36.40401458740234375 35.28740692138671875 35.991268157958984375 33.46245574951171875 14.688221931457519531 17.747999191284179688 31.014505386352539063 37.325428009033203125 39.97796630859375 36.97676849365234375 31.546735763549804688 28.976175308227539063 28.976045608520507813 29.6945343017578125 31.6626739501953125 31.836536407470703125 29.83794403076171875 27.073713302612304688 21.280427932739257813 13.116694450378417969 11.597384452819824219 15.284819602966308594 18.259569168090820313 20.55265045166015625 22.98371124267578125 24.955987930297851563 24.966157913208007813 23.319307327270507813 21.266992568969726563 20.3912200927734375 21.651256561279296875
33.462390899658203125 32.862522125244140625 35.458484649658203125 38.21369171142578125 35.73944091796875 31.964147567749023438 30.081529617309570313 31.5016326904296875 34.7696380615234375 35.39362335205078125 35.68814849853515625 35.54828643798828125 23.988433837890625 14.112992286682128906 34.4342498779296875 37.998523712158203125 39.69730377197265625 39.751216888427734375 36.748600006103515625 35.974964141845703125 35.144077301025390625 30.871875762939453125 26.298969268798828125 28.685274124145507813 30.702180862426757813 28.9969940185546875 26.0377044677734375 21.060014724731445313 15.917805671691894531 13.661160469055175781 12.937474250793457031 14.660503387451171875 18.80226898193359375 22.906101226806640625 25.389766693115234375 25.228635787963867188 23.887323379516601563 22.7769775390625 21.856885910034179688 21.109142303466796875
34.0825958251953125 34.993457794189453125 39.03624725341796875 41.71369171142578125 38.479373931884765625 33.919464111328125 34.165119171142578125 36.59510040283203125 38.422969818115234375 37.18155670166015625 33.81256866455078125 24.242376327514648438 8.8373813629150390625 32.2200469970703125 39.46014404296875 38.25164794921875 37.2519378662109375 35.196102142333984375 33.079639434814453125 34.94289398193359375 35.34488677978515625 30.978668212890625 25.345050811767578125 26.805942535400390625 29.293184280395507813 27.017759323120117188 24.209939956665039063 20.470027923583984375 17.919256210327148438 17.23614501953125 15.612112998962402344 15.920708656311035156 19.18209075927734375 22.61004638671875 23.8221435546875 22.413116455078125 21.370317459106445313 21.128643035888671875 19.755247116088867188 17.73055267333984375
35.2369537353515625 36.638477325439453125 39.21103668212890625 40.055362701416015625 37.887783050537109375 34.57501220703125 32.732608795166015625 33.805938720703125 34.396205902099609375 31.74334716796875 25.9451446533203125 13.059262275695800781 31.988546371459960938 40.338054656982421875 38.5010986328125 37.871891021728515625 38.164676666259765625 36.707744598388671875 34.131458282470703125 33.441192626953125 32.054473876953125 30.652803421020507813 29.8734283447265625 30.618291854858398438 30.502153396606445313 26.383726119995117188 23.322490692138671875 20.95246124267578125 19.1330413818359375 19.427089691162109375 19.431882858276367188 19.1388397216796875 19.471904754638671875 20.126100540161132813 18.46166229248046875 16.310579299926757813 17.047780990600585938 17.69321441650390625 15.825612068176269531 13.541239738464355469
34.93852996826171875 38.482425689697265625 40.870746612548828125 39.37427520751953125 38.48525238037109375 38.154102325439453125 30.277271270751953125 27.812572479248046875 23.231327056884765625 15.346184730529785156 11.109620094299316406 27.60355377197265625 42.834659576416015625 40.90311431884765625 37.607059478759765625 38.22479248046875 38.96031951904296875 37.26644134521484375 32.517726898193359375 29.80448150634765625 28.493867874145507813 29.55831146240234375 32.002986907958984375 32.320873260498046875 29.508340835571289063 24.580560684204101563 21.262598037719726563 20.124866485595703125 20.144222259521484375 21.40084075927734375 21.663732528686523438 19.948034286499023438 17.981885910034179688 16.479969024658203125 14.07900238037109375 13.862516403198242188 15.939584732055664063 15.957910537719726563 14.27178192138671875 12.288982391357421875
34.104190826416015625 39.4971466064453125 45.07749176025390625 44.167724609375 41.225162506103515625 41.40360260009765625 32.266571044921875 19.228269577026367188 11.06928253173828125 5.480381011962890625 22.788297653198242188 39.985347747802734375 44.107204437255859375 40.141033172607421875 38.421131134033203125 37.108425140380859375 35.116580963134765625 33.33225250244140625 29.750522613525390625 24.96010589599609375 23.776178359985351563 26.52037811279296875 28.15619659423828125 26.572996139526367188 22.846324920654296875 19.38675689697265625 17.44203948974609375 18.777826309204101563 21.77590179443359375 23.090579986572265625 21.473291397094726563 18.819469451904296875 16.89971160888671875 15.34174346923828125 14.584588050842285156 15.331594467163085938 15.921617507934570313 15.032248497009277344 14.651801109313964844 13.522403717041015625
33.589141845703125 38.276218414306640625 46.447551727294921875 51.002288818359375 49.11077880859375 45.363269805908203125 36.26619720458984375 19.714351654052734375 15.690748214721679688 25.389333724975585938 38.083576202392578125 40.96781158447265625 37.6903839111328125 38.787921905517578125 40.280643463134765625 37.042537689208984375 32.4868621826171875 31.121631622314453125 29.19866943359375 24.19513702392578125 21.682926177978515625 22.28629302978515625 21.17427825927734375 19.17897796630859375 17.2858734130859375 16.147068023681640625 15.807354927062988281 18.499750137329101563 22.832929611206054688 23.659353256225585938 19.903102874755859375 17.219516754150390625 17.047349929809570313 16.485263824462890625 16.511623382568359375 16.11582183837890625 14.478199005126953125 12.816245079040527344 12.859778404235839844 12.704608917236328125
31.555253982543945313 34.10985565185546875 40.1531829833984375 49.490474700927734375 53.27570343017578125 49.814910888671875 42.607952117919921875 34.725521087646484375 32.6563720703125 36.772426605224609375 40.317302703857421875 35.94463348388671875 32.620147705078125 37.50014495849609375 41.08080291748046875 37.034824371337890625 30.050764083862304688 28.150659561157226563 26.3498687744140625 23.4677276611328125 21.683439254760742188 20.346302032470703125 18.03491973876953125 17.462553024291992188 17.299940109252929688 17.297708511352539063 17.347337722778320313 19.161001205444335938 23.3675689697265625 23.940311431884765625 19.435251235961914063 17.4527587890625 18.351840972900390625 17.937208175659179688 17.686407089233398438 16.295621871948242188 13.919241905212402344 12.16294097900390625 11.564825057983398438 12.449131011962890625
29.554586410522460938 29.661075592041015625 31.262651443481445313 41.68830108642578125 48.4465179443359375 45.9912872314453125 40.90468597412109375 32.338954925537109375 32.07872772216796875 37.857669830322265625 38.9720611572265625 34.73465728759765625 31.944520950317382813 34.3606109619140625 37.338016510009765625 34.101192474365234375 28.019769668579101563 25.36856842041015625 23.806987762451171875 22.047433853149414063 21.300718307495117188 21.740304946899414063 18.526449203491210938 17.224636077880859375 18.393070220947265625 19.093725204467773438 20.533685684204101563 23.857839584350585938 26.416692733764648438 24.77361297607421875 20.399501800537109375 18.55254364013671875 18.528032302856445313 18.358247756958007813 18.806447982788085938 17.259115219116210938 15.081415176391601563 13.650362968444824219 13.091325759887695313 13.990706443786621094
33.0783843994140625 30.26753997802734375 31.079553604125976563 38.762050628662109375 40.45452880859375 37.55670928955078125 35.53211212158203125 23.394365310668945313 26.914648056030273438 35.11541748046875 36.419277191162109375 33.667659759521484375 29.836297988891601563 27.561981201171875 29.5521087646484375 29.50911712646484375 27.88455963134765625 27.558374404907226563 25.79595947265625 21.947206497192382813 21.1980133056640625 23.693546295166015625 19.891527175903320313 15.985022544860839844 16.573747634887695313 17.521394729614257813 21.4448089599609375 26.152845382690429688 26.590448379516601563 22.64745330810546875 18.49822235107421875 16.2005615234375 15.776146888732910156 17.679447174072265625 18.729551315307617188 15.789519309997558594 12.830658912658691406 11.644995689392089844 11.528398513793945313 11.649775505065917969
