samples/slope.asc
ncols        70
nrows        124
xllcorner    350018.872239818913
yllcorner    6735579.873372113332
cellsize     30.000000000000
NODATA_value  -9999
[rows 0 to 17 of 124, columns 0 to 39 of 70]
30.494325637817382813 29.525171279907226563 23.6463470458984375 20.475259780883789063 24.9491729736328125 28.03484344482421875 26.704242706298828125 25.307554244995117188 30.099590301513671875 36.5312957763671875 38.111660003662109375 35.054851531982421875 27.921068191528320313 18.445558547973632813 16.214588165283203125 20.44866943359375 24.048534393310546875 27.58759307861328125 30.440382003784179688 31.866632461547851563 32.1185150146484375 32.506053924560546875 33.097049713134765625 32.1158905029296875 28.285203933715820313 22.607667922973632813 16.576663970947265625 9.1290531158447265625 0.57908046245574951172 11.060171127319335938 15.923308372497558594 11.700029373168945313 10.943503379821777344 18.746171951293945313 26.396017074584960938 29.849470138549804688 30.23229217529296875 26.608316421508789063 19.624603271484375 14.635396957397460938
25.504133224487304688 29.1502532958984375 30.013002395629882813 29.180406570434570313 26.957281112670898438 26.102022171020507813 25.846433639526367188 26.345647811889648438 32.368968963623046875 37.37853240966796875 37.023929595947265625 33.8231353759765625 30.288484573364257813 23.899545669555664063 19.968633651733398438 23.161359786987304688 26.587474822998046875 28.780986785888671875 29.971517562866210938 30.697093963623046875 30.254390716552734375 28.848527908325195313 28.61632537841796875 28.02374267578125 25.7266998291015625 21.348537445068359375 14.903203964233398438 7.6312699317932128906 4.6636791229248046875 9.9467515945434570313 14.281476020812988281 16.931827545166015625 23.290361404418945313 29.025148391723632813 30.6330108642578125 28.246448516845703125 24.6908721923828125 20.814619064331054688 16.550878524780273438 14.377163887023925781
17.949460983276367188 24.323253631591796875 29.025953292846679688 31.187570571899414063 30.465204238891601563 28.398014068603515625 28.041873931884765625 30.06424713134765625 35.10059356689453125 38.139141082763671875 37.1251983642578125 34.572849273681640625 31.235063552856445313 24.448047637939453125 16.69625091552734375 16.930278778076171875 21.475564956665039063 25.059312820434570313 26.664285659790039063 26.909238815307617188 25.901746749877929688 23.149156570434570313 22.19690704345703125 22.294094085693359375 21.1128692626953125 18.4006195068359375 15.055011749267578125 11.822104454040527344 11.318421363830566406 15.83213043212890625 21.028533935546875 24.080631256103515625 26.890590667724609375 27.757251739501953125 25.217050552368164063 20.556085586547851563 16.794422149658203125 15.118398666381835938 15.419775009155273438 17.729167938232421875
11.402231216430664063 15.99430084228515625 18.668561935424804688 21.542316436767578125 25.062744140625 28.441774368286132813 31.693927764892578125 33.929813385009765625 36.49210357666015625 37.32134246826171875 34.779422760009765625 31.562349319458007813 27.439039230346679688 21.26125335693359375 12.464368820190429688 2.0104856491088867188 6.510868072509765625 12.060442924499511719 16.415559768676757813 19.18817901611328125 18.371959686279296875 13.585544586181640625 11.190667152404785156 12.650454521179199219 13.76131439208984375 13.09008026123046875 13.125642776489257813 13.409902572631835938 16.269102096557617188 19.684274673461914063 21.342164993286132813 21.378482818603515625 22.125545501708984375 21.411960601806640625 19.07459259033203125 17.665416717529296875 17.998920440673828125 18.838541030883789063 20.08351898193359375 23.334552764892578125
6.6767344474792480469 8.8915014266967773438 12.245391845703125 17.28326416015625 21.582094192504882813 25.488126754760742188 29.6993865966796875 31.826902389526367188 32.6483306884765625 31.6958770751953125 28.725671768188476563 25.788053512573242188 23.142086029052734375 20.308969497680664063 16.861543655395507813 14.504474639892578125 13.397084236145019531 11.942807197570800781 12.426503181457519531 16.164579391479492188 15.721426010131835938 9.7004032135009765625 6.1362872123718261719 6.2307415008544921875 6.7610077857971191406 7.6403174400329589844 10.038545608520507813 14.455303192138671875 18.97432708740234375 19.989391326904296875 19.803358078002929688 19.674213409423828125 21.066255569458007813 21.051126480102539063 21.250391006469726563 22.676416397094726563 23.941314697265625 24.311758041381835938 24.217355728149414063 25.565896987915039063
10.76165771484375 7.9680147171020507813 8.5251369476318359375 13.225553512573242188 15.951357841491699219 18.770898818969726563 23.42346954345703125 25.873012542724609375 25.859987258911132813 24.49752044677734375 24.156290054321289063 22.082159042358398438 18.1030120849609375 16.557546615600585938 16.98171234130859375 18.495782852172851563 19.116666793823242188 18.49292755126953125 18.756877899169921875 20.45587921142578125 18.432353973388671875 13.043033599853515625 9.9447374343872070313 8.021686553955078125 4.94171905517578125 1.938567042350769043 9.8541421890258789063 17.494815826416015625 21.2496490478515625 21.188793182373046875 22.071710586547851563 24.412466049194335938 26.046234130859375 25.671789169311523438 25.880426406860351563 25.425558090209960938 23.568162918090820313 22.35312652587890625 22.59255218505859375 22.9186248779296875
20.562883377075195313 17.395275115966796875 16.052808761596679688 17.447978973388671875 18.282581329345703125 20.149505615234375 24.19155120849609375 26.431116104125976563 24.03231048583984375 20.959032058715820313 22.458986282348632813 20.19527435302734375 14.744217872619628906 15.310161590576171875 17.830051422119140625 19.44571685791015625 20.16109466552734375 21.235631942749023438 23.477069854736328125 23.46346282958984375 18.580492019653320313 12.549448966979980469 8.6720018386840820313 6.1282520294189453125 3.0662636756896972656 7.4057402610778808594 15.17903900146484375 19.842161178588867188 20.680818557739257813 19.97760009765625 22.59554290771484375 27.646942138671875 29.551683425903320313 28.436571121215820313 26.1760101318359375 21.761526107788085938 17.0982666015625 15.440183639526367188 16.537607192993164063 15.517365455627441406
25.871496200561523438 24.916652679443359375 24.014192581176757813 23.961063385009765625 23.645692825317382813 23.973806381225585938 26.758852005004882813 29.579244613647460938 27.410421371459960938 22.657863616943359375 22.363424301147460938 20.366910934448242188 15.614663124084472656 14.680508613586425781 15.900469779968261719 16.909959793090820313 17.916296005249023438 20.561517715454101563 23.340419769287109375 21.873464584350585938 17.22003936767578125 12.031142234802246094 6.9905943870544433594 2.8209357261657714844 8.4733123779296875 16.442033767700195313 20.753450393676757813 20.828390121459960938 19.05879974365234375 19.286163330078125 22.953813552856445313 25.826658248901367188 24.485157012939453125 22.251111984252929688 18.77789306640625 14.136511802673339844 10.880900382995605469 8.7194356918334960938 7.9896731376647949219 4.3814415931701660156
25.199220657348632813 26.444669723510742188 27.2047576904296875 27.845212936401367188 27.567230224609375 26.510143280029296875 28.154272079467773438 30.461887359619140625 28.527967453002929688 23.79692840576171875 22.049253463745117188 21.426239013671875 17.072195053100585938 13.682809829711914063 13.854748725891113281 15.308872222900390625 17.92748260498046875 21.162290573120117188 21.410421371459960938 17.465810775756835938 13.957507133483886719 11.6124114990234375 8.8177824020385742188 9.5486459732055664063 16.664403915405273438 22.272327423095703125 22.934291839599609375 20.48038482666015625 18.145605087280273438 18.399080276489257813 19.262401580810546875 15.613180160522460938 10.342991828918457031 8.0796728134155273438 6.3657937049865722656 6.5814685821533203125 6.268558502197265625 1.8962463140487670898 1.7719242572784423828 7.1852278709411621094
24.614963531494140625 24.792287826538085938 26.21212005615234375 28.591852188110351563 29.853509902954101563 27.789182662963867188 28.0429229736328125 30.353357315063476563 27.83962249755859375 22.033842086791992188 20.15566253662109375 21.652471542358398438 19.196651458740234375 14.385966300964355469 13.626003265380859375 15.884614944458007813 19.604034423828125 21.54845428466796875 18.581117630004882813 13.348369598388671875 9.8545169830322265625 9.1269054412841796875 12.089191436767578125 16.394292831420898438 20.96343231201171875 23.69274139404296875 22.767656326293945313 19.873699188232421875 16.3470306396484375 13.096834182739257813 9.0516109466552734375 3.6114339828491210938 2.3129899501800537109 2.7714006900787353516 5.0581760406494140625 7.8826146125793457031 8.643268585205078125 8.710453033447265625 11.407742500305175781 15.188165664672851563
23.707700729370117188 22.720096588134765625 23.7610931396484375 27.162622451782226563 31.528324127197265625 31.560686111450195313 29.64791107177734375 30.318948745727539063 28.860340118408203125 24.538455963134765625 21.53615570068359375 21.214300155639648438 19.796953201293945313 16.962884902954101563 17.289915084838867188 19.098207473754882813 20.276212692260742188 18.062112808227539063 12.647603988647460938 8.9530668258666992188 9.3842058181762695313 12.842890739440917969 16.926836013793945313 20.541479110717773438 23.480091094970703125 24.644268035888671875 22.318014144897460938 17.216005325317382813 11.586010932922363281 5.912567138671875 1.1920101642608642578 2.1332185268402099609 4.6945772171020507813 9.1305332183837890625 13.560593605041503906 15.978009223937988281 16.598392486572265625 16.408145904541015625 17.604413986206054688 20.129716873168945313
20.8091278076171875 20.992742538452148438 23.293195724487304688 27.022434234619140625 31.72216796875 34.611049652099609375 34.244533538818359375 33.329921722412109375 32.261627197265625 30.392642974853515625 28.269195556640625 25.97507476806640625 23.639009475708007813 22.446535110473632813 22.491954803466796875 21.7592926025390625 18.22381591796875 11.171513557434082031 5.75255584716796875 8.938777923583984375 13.596408843994140625 16.764650344848632813 19.584009170532226563 23.285837173461914063 25.363714218139648438 24.510400772094726563 20.23169708251953125 12.049123764038085938 3.2707324028015136719 3.1576688289642333984 5.4645414352416992188 8.1769542694091796875 11.932454109191894531 17.119367599487304688 20.9300994873046875 22.07656097412109375 20.84194183349609375 19.009456634521484375 18.96524810791015625 20.683773040771484375
16.282314300537109375 17.611261367797851563 22.234788894653320313 27.19850921630859375 31.060482025146484375 34.56995391845703125 36.5195465087890625 36.294647216796875 34.377590179443359375 32.34235382080078125 31.922359466552734375 31.42999267578125 30.493787765502929688 28.717584609985351563 24.269090652465820313 17.616380691528320313 10.606878280639648438 6.3343319892883300781 6.988498687744140625 10.314526557922363281 15.459486007690429688 18.712825775146484375 22.395086288452148438 26.035238265991210938 25.483453750610351563 21.775630950927734375 15.483499526977539063 6.1613340377807617188 5.6695599555969238281 11.851532936096191406 13.999239921569824219 16.073972702026367188 19.351959228515625 23.566427230834960938 25.707925796508789063 25.566297531127929688 23.925233840942382813 21.57295989990234375 19.247776031494140625 18.601514816284179688
10.178374290466308594 10.831670761108398438 16.24249267578125 22.56401824951171875 26.84307098388671875 30.309244155883789063 33.316631317138671875 34.929126739501953125 34.41652679443359375 32.129764556884765625 30.523649215698242188 29.995145797729492188 30.130985260009765625 28.517606735229492188 22.751207351684570313 13.849625587463378906 8.3294267654418945313 8.7822551727294921875 7.8758802413940429688 10.865437507629394531 17.465501785278320313 21.19106292724609375 24.800138473510742188 25.942043304443359375 23.103090286254882813 18.262388229370117188 9.9154720306396484375 1.907756805419921875 12.540679931640625 17.876485824584960938 19.482053756713867188 21.60367584228515625 24.232992172241210938 27.202173233032226563 28.439096450805664063 28.99707794189453125 29.071533203125 26.391466140747070313 19.998888015747070313 14.480387687683105469
11.507289886474609375 9.2365083694458007813 9.5055665969848632813 13.608849525451660156 17.767528533935546875 21.605821609497070313 25.852705001831054688 29.564910888671875 31.206556320190429688 30.052450180053710938 26.996639251708984375 24.062440872192382813 23.394817352294921875 23.518995285034179688 22.9839935302734375 16.483068466186523438 11.41863250732421875 10.906943321228027344 9.3403482437133789063 13.770703315734863281 20.7398529052734375 24.369863510131835938 25.16162109375 23.597667694091796875 22.435749053955078125 17.1726531982421875 4.6106677055358886719 9.5151653289794921875 18.246576309204101563 21.302289962768554688 22.96353912353515625 24.737611770629882813 26.7585906982421875 29.104852676391601563 29.979700088500976563 31.258998870849609375 32.22470855712890625 30.870086669921875 24.025640487670898438 13.112235069274902344
25.294656753540039063 25.408285140991210938 24.818738937377929688 21.672105789184570313 17.818449020385742188 14.942959785461425781 14.399201393127441406 19.0900421142578125 23.993824005126953125 25.670259475708007813 23.495372772216796875 18.379766464233398438 15.25185394287109375 19.347059249877929688 24.046863555908203125 19.494760513305664063 13.893677711486816406 12.003847122192382813 11.957375526428222656 17.359945297241210938 23.035068511962890625 24.786218643188476563 22.858472824096679688 22.0819091796875 22.376155853271484375 13.926862716674804688 3.8076920509338378906 15.853459358215332031 20.497039794921875 23.512006759643554688 26.4178466796875 26.806369781494140625 28.139995574951171875 29.97919464111328125 30.682689666748046875 31.985202789306640625 31.740831375122070313 33.918975830078125 32.787017822265625 22.313335418701171875
35.62451171875 36.622528076171875 36.89432525634765625 35.52825927734375 32.39272308349609375 28.642709732055664063 23.938444137573242188 19.835996627807617188 19.124250411987304688 19.54428863525390625 19.026021957397460938 16.92334747314453125 18.091146469116210938 22.587293624877929688 24.61293792724609375 20.007953643798828125 13.608418464660644531 11.618379592895507813 14.261152267456054688 19.42546844482421875 22.223644256591796875 20.887088775634765625 19.169467926025390625 21.811639785766601563 21.2626953125 8.6101846694946289063 9.7948970794677734375 17.443918228149414063 20.01206207275390625 24.737073898315429688 28.391382217407226563 27.319837570190429688 29.541027069091796875 32.863803863525390625 34.4886322021484375 34.813800811767578125 31.871599197387695313 34.191555023193359375 37.96488189697265625 33.72087860107421875
33.62430572509765625 33.718509674072265625 32.896854400634765625 32.689205169677734375 31.977396011352539063 30.462919235229492188 29.280488967895507813 28.140329360961914063 26.707172393798828125 26.065366744995117188 27.659475326538085938 28.848608016967773438 28.028013229370117188 25.9837493896484375 22.516326904296875 17.037363052368164063 11.951656341552734375 11.2602691650390625 15.346219062805175781 19.452632904052734375 20.665767669677734375 19.016759872436523438 17.942272186279296875 21.710462570190429688 20.343685150146484375 8.2869510650634765625 12.743130683898925781 18.317035675048828125 21.086315155029296875 25.930341720581054688 29.761999130249023438 28.816188812255859375 33.50405120849609375 39.768341064453125 40.9713592529296875 37.49881744384765625 31.157548904418945313 30.4983367919921875 36.159084320068359375 39.543323516845703125
