samples/twi.asc
ncols    70
nrows    124
xllcorner    350018.87224
yllcorner    6735579.87337
cellsize    30.0
NODATA_value    -99999.0
[rows 81 to 107 of 124, columns 0 to 60 of 70]
4.522161 4.9086075 5.045105 5.194511 4.4781065 5.2824597 5.6834235 5.882963 6.113962 6.4641414 6.6851425 7.9029803 8.354902 9.028045 9.514442 9.784627 6.4755235 4.9653406 10.654533 10.509438 5.9995384 5.843593 4.926328 8.003727 5.9250216 6.5972867 6.2454133 7.890181 12.557851 5.897869 5.3656487 6.7859907 10.799291 7.7202163 5.1277394 8.257114 7.8912644 7.6984773 7.564497 7.2243 7.0463514 6.948161 6.5632987 6.249012 5.5855217 5.240269 4.6846113 5.009869 5.2041674 7.0678034 6.2890787 6.0389185 5.7471457 5.4150734 5.1746273 5.858001 5.03056 5.8699512 5.4911366 4.124303 4.269062
5.213964 4.7129893 4.6367636 5.1266026 5.735789 4.913753 5.531851 5.935342 6.2319727 6.7318645 7.0226245 7.1732893 5.2264686 5.9809656 6.67652 7.0205455 9.692001 9.710651 4.9626226 4.9621086 10.944669 6.5894437 8.365355 6.100724 6.515928 5.497231 6.1451716 6.0971603 6.3554993 13.147474 14.8106165 11.101832 8.772031 7.7745605 7.3869557 7.0127435 6.591249 5.14663 5.639635 6.1013427 5.6947246 4.9785132 5.541757 4.5832114 5.4076505 4.7990336 5.496721 4.815013 5.4823093 7.2717743 6.420213 6.4318933 6.2885942 5.9507756 6.2086225 5.259358 5.8813405 5.633939 4.6536818 4.6449947 5.7727623
5.3012433 4.563963 4.472108 5.164705 5.783781 6.4026775 5.347506 4.8974824 5.201921 4.4806204 4.6516495 4.6805844 4.535215 4.5244846 4.6955376 7.0204186 7.4244823 7.666409 7.9348345 8.195664 11.667825 7.244079 8.542044 7.031208 6.0045857 5.411223 4.7307053 4.493972 5.344947 6.361968 15.588923 5.6709065 5.2594614 7.7624903 7.469807 5.9300823 5.0976844 6.124449 4.613893 5.1207376 4.239304 4.3738947 4.7436676 5.63969 5.017924 6.069814 4.8362913 5.4182973 5.746375 7.524889 6.467679 6.5569167 6.5710363 6.920245 5.924907 6.141816 5.789392 5.12942 5.0321155 5.6707087 5.441813
4.757192 5.296275 5.1750145 4.4714036 6.4016857 6.485998 5.3162646 5.487937 4.7053995 5.1947126 5.8159328 6.1674023 6.2556314 6.461334 6.7569575 6.2301464 4.677206 4.678426 4.835515 5.630241 5.23081 11.421313 8.400384 5.4269266 5.6462317 5.371157 4.777732 5.21279 5.797423 5.2866526 15.027818 5.3830814 5.8436875 5.043787 7.1711273 6.539933 4.499225 4.7275977 6.17885 5.622589 5.0471525 4.5992656 4.99459 5.034276 6.3361583 4.7890244 5.3088536 5.6146765 5.9160047 7.7909527 6.5583763 6.5909734 7.025488 6.4074054 6.6840467 6.185816 5.4539666 5.4147687 5.881196 5.436933 5.311075
4.791547 5.8431396 4.629146 5.9955873 6.689616 6.851455 5.0286975 5.2365294 4.7484436 5.1813035 5.725166 4.712575 4.6668067 5.5231204 6.1974964 5.0343695 5.4605637 5.82971 6.1861005 6.3544197 6.7154007 5.367028 11.32642 5.0996532 6.6305923 5.2398505 4.7549467 4.5093393 6.0809455 7.4245496 14.460189 8.091995 7.668513 7.4835587 7.265309 7.0244727 6.6883264 6.7058034 6.5495124 6.070913 5.5942564 5.309386 5.516371 4.8508635 6.3251214 5.214739 5.451992 5.6556892 7.6872573 6.3724446 6.4115777 6.8640757 6.3315635 6.7334986 6.5420537 5.961806 5.7602973 6.1324754 5.7460513 5.409695 4.9185643
5.4905543 6.190636 4.80064 6.675411 7.0319085 6.9824953 5.4551296 5.4413266 4.5706406 4.424261 4.4968805 5.967844 5.353095 6.059849 5.099273 4.7836547 4.6091285 4.722544 5.547329 5.8995857 6.2631392 6.7833204 11.53268 6.886271 4.9198236 4.8652806 4.5698724 5.2093453 4.857096 8.126372 14.079853 6.939204 6.510892 6.203804 6.03675 7.449678 7.278683 7.1574006 7.0095787 6.7640786 6.5536823 6.5331645 5.779515 4.9602203 6.5094967 5.6039114 5.741336 5.8953023 7.886957 6.3158784 6.6179724 6.1712666 6.613938 6.5511017 6.2481804 6.2051463 6.384456 5.9992886 5.746197 5.9908776 5.392379
6.127329 6.5430217 5.6696496 5.030041 6.9221096 7.75208 5.8541427 5.6984167 4.4047475 5.0116863 5.0787535 5.193501 6.285488 4.94744 6.219085 5.2210274 5.281947 6.334477 6.819455 6.8410463 6.970638 7.0945907 5.1103745 11.407105 5.4997015 5.589171 4.3926606 4.6253796 5.320048 16.61282 8.544361 6.7175903 6.2297163 5.8376255 5.3198357 5.9570394 7.307379 6.960484 6.5595937 6.234201 5.693936 5.4282937 5.417182 5.6471972 6.647451 5.948199 6.1307015 6.339119 8.142485 6.591903 4.1410065 7.8099294 6.4091787 6.265539 6.4832897 6.8328295 6.354667 6.0431848 6.4565287 4.4851837 3.7989266
6.412177 6.8020835 6.1654205 5.0536494 5.713934 8.3105545 6.389486 4.777412 5.919861 5.1146455 5.5775084 5.702986 5.8355975 6.6561284 5.3814487 6.1315284 5.8776364 5.2224197 5.5436654 5.4030538 5.0551505 5.57252 6.175924 4.9084725 10.958087 6.283693 5.1286077 5.501978 13.7680435 6.348016 5.065326 7.5858283 5.266145 4.404714 4.613684 4.6636477 5.20019 5.228312 5.477755 5.196743 5.5860868 5.6212606 5.0154676 6.068768 6.6393538 6.166167 6.4413466 4.774092 8.642328 7.182493 9.35045 8.473253 8.365319 6.3804765 7.036039 8.379841 7.7897325 7.0646143 5.440411 4.9649577 4.5508
6.3650303 6.834134 6.386848 5.0591006 5.832192 8.615464 5.3032894 6.7394753 5.522487 6.5987496 7.0175695 6.2125316 6.3227243 6.4343233 6.764731 7.015755 7.70294 6.473287 6.2444634 5.1977887 5.178736 5.1188173 4.837182 5.2914934 5.9917865 10.77543 11.065555 13.47876 8.227984 7.877541 7.749629 6.9581695 7.094124 6.091751 5.9762588 5.614692 5.247645 5.003748 5.8851914 6.4515142 5.5293927 5.0959044 5.448544 6.411811 6.818925 4.6922503 7.341763 8.873743 7.5593553 10.149063 7.429711 6.9019256 4.276238 8.348994 8.3754 6.955629 6.5071692 5.9346814 5.593764 5.1496844 4.7060485
6.358193 6.725593 6.391243 5.5867076 5.030889 8.6123085 5.279343 5.841666 6.646894 4.70655 4.7534666 7.330636 6.7461 6.7882023 6.588685 6.650753 4.8355246 7.685251 6.9750066 5.5178146 4.815136 5.6493955 4.878034 4.5401125 4.4730515 5.336153 11.61407 13.730758 6.5959997 5.7858496 6.146577 6.1654525 6.619484 6.3713484 6.117977 5.58668 4.808265 5.9007316 5.9188223 5.3829947 5.762891 4.86317 5.410477 5.8669205 7.6998205 5.7965775 7.9051876 10.596299 10.0156 7.532957 7.122073 6.7283907 6.865429 6.7169056 6.7209077 6.8957205 6.6458974 6.2494025 5.968788 5.6255507 5.4221373
6.564055 6.7922077 6.4486814 5.831804 5.5907617 8.594586 6.054926 5.2292333 5.9620323 6.690855 5.4602914 5.6603446 7.5805607 6.800019 6.7127366 4.726244 6.5606 5.423098 7.7416244 7.142198 5.374148 5.8355894 4.628299 5.1031404 4.452993 5.4578843 14.283505 5.862924 4.5783353 5.2585692 5.359101 5.789939 5.7557273 6.3487296 5.905757 4.7152996 5.206883 5.831206 5.438999 5.794474 6.31117 4.832076 5.5094233 6.7652183 8.106144 8.444784 11.252357 7.702549 7.0598907 4.564313 4.450504 4.568304 6.8230205 6.554672 6.446019 6.509217 6.357751 5.95602 5.4550304 4.9722686 4.726642
6.8764777 6.984111 6.5870833 6.073289 5.956139 8.651027 6.596466 5.4035635 6.0031357 6.7527876 6.8961186 6.0578146 6.0632296 7.395965 6.6709504 6.5004854 5.26505 6.868071 5.937352 7.694827 7.361924 6.0460877 4.4706526 5.7111773 4.4801292 4.9914975 14.596564 6.8769298 6.280626 4.650789 4.7536106 4.6779957 5.283818 5.264703 4.806666 6.3536024 6.2103114 5.4160485 5.078223 5.5864964 6.839813 4.8947234 6.2756405 7.0344687 8.427725 11.425529 8.364501 5.4179263 4.8986225 6.266027 5.9961815 6.009292 5.8489285 5.290509 4.5325885 4.631209 4.691096 5.908742 5.3515058 4.943176 5.0303583
7.040162 7.0945125 6.720262 6.7602386 8.286392 6.308493 5.1154084 5.2118673 4.935705 5.534594 7.158267 7.9095736 6.2999187 6.1705627 7.3387 6.6770773 6.7602644 5.9209085 6.9044514 5.9650035 8.069823 4.44033 6.270524 4.3500385 6.51222 13.782205 8.451975 4.562396 4.513871 6.182199 5.8664546 5.2651167 4.570717 4.864213 5.561869 5.8342357 5.386188 5.0637074 5.5777025 5.5777116 6.0710287 7.3950987 6.4703884 7.184041 11.150863 5.5009804 5.440552 7.8175864 7.37703 6.758578 6.4262695 6.481109 6.6036825 6.359211 5.9953094 5.314963 6.23301 5.545226 4.919804 4.214366 4.831872
7.843965 7.1920257 6.8713527 8.462654 6.3007164 5.3595777 4.708317 5.6500497 5.161106 5.716921 6.023071 6.3184347 8.02565 8.1213045 8.258996 7.4012594 6.961289 6.9597774 5.9678526 6.7720294 6.0650754 7.985719 4.483448 6.9950476 13.803325 9.146624 4.8707213 7.4465046 7.3500366 7.305547 6.8539824 6.327139 5.7620463 5.2477493 6.0373354 6.2128463 5.838537 4.955317 5.669724 6.19336 6.1891837 6.308429 7.8478827 10.895297 5.095225 8.247326 8.34589 8.383123 8.129825 7.5500183 7.215375 7.301178 7.5609574 7.527456 7.3076124 7.191886 6.4051833 5.1563926 4.3241982 4.9363685 4.6147723
5.924116 8.271576 7.034428 8.60183 4.694729 5.7491755 6.04235 4.8989086 5.4014874 5.210725 4.983957 5.591366 5.8925447 6.1319814 6.3493915 8.404863 8.7930355 7.0156593 6.8728495 6.1253963 6.9714155 8.802399 6.0520806 14.442532 7.7205997 5.362098 5.2790294 4.3711214 5.132572 5.665624 5.6738176 5.2938614 5.5541224 5.8881354 6.019384 5.973739 6.0599904 6.2128334 5.979535 5.0028057 6.608619 4.95564 8.40491 11.351535 8.837894 8.865489 9.006353 9.087388 8.9168215 7.3334317 7.0333805 7.094293 7.289607 7.2726955 7.028799 6.8311687 6.57586 6.360458 6.098835 5.082044 4.738675
5.872563 8.464204 7.190471 8.5866165 5.398567 6.2249126 6.6740785 5.587775 5.1215634 5.0544205 5.679297 5.016766 5.5793257 5.8869658 6.5049577 6.5916615 6.781157 8.914318 9.018006 9.167922 9.381669 10.440115 8.214092 19.857475 6.7213287 6.465759 5.524001 5.002025 4.416802 4.5715513 5.3378205 5.4107814 5.094651 6.6704264 5.5723877 6.2985783 6.0639935 6.950024 6.2799125 4.955821 5.033705 7.0119405 11.959442 5.584703 7.330795 7.2090816 6.278758 5.698799 6.131001 8.086191 7.9172063 7.0570364 7.204723 7.108212 6.7741213 6.536919 6.3096657 6.058831 5.7169275 5.3271704 5.055883
5.4839787 8.647914 7.415551 8.725199 6.340431 6.8200274 6.0373774 4.8343287 5.5639234 4.931916 5.7514887 6.3345656 5.072513 5.633911 4.807886 5.3207893 5.685566 6.0453715 6.760181 6.989453 7.2581544 7.7730412 10.860376 15.393585 7.8553295 4.779498 6.6367974 5.717417 5.6048903 5.3414288 4.735712 4.9003696 5.562492 6.621502 6.0040507 6.2168326 6.9984913 7.608624 7.689665 8.199287 6.2622876 6.1671047 12.85675 6.936998 6.0183043 5.354332 6.6557665 5.0739083 5.0784655 5.420932 4.6753473 7.8025484 7.3366804 7.0332246 6.5741506 6.368346 6.200331 5.820767 5.3515553 4.91753 5.1734138
5.621604 6.1850543 9.166431 9.083073 6.869575 6.1728096 4.7862277 5.3824 5.816603 5.614276 6.324624 5.4616895 6.5178757 4.948359 4.9248824 4.7752123 5.357714 5.8841867 4.828777 4.7160826 4.7505655 4.9683375 5.356917 14.830672 8.082015 7.053775 4.3244267 6.0771527 6.0140557 5.760645 5.49881 5.1339583 5.6569586 5.789055 5.2891445 5.000219 4.9784656 5.9702644 8.422797 8.53714 8.935982 12.601884 5.558994 4.8487983 4.610364 4.8503585 5.224951 6.8932514 6.381593 5.7855115 5.473036 5.2349577 7.5481267 7.014896 6.5563946 6.4049654 6.264223 5.8469024 5.433782 5.279561 5.301485
6.705942 6.329937 9.373918 9.364563 6.4100823 4.6785636 5.332291 5.705995 6.0486016 6.0464497 6.714578 5.5101013 5.7352667 6.401549 5.538568 5.478883 4.724073 5.6870227 5.1502805 4.9065695 4.762701 4.8952928 5.1890903 5.9483204 13.526098 6.216297 5.9350657 5.9518695 5.8045893 5.459559 5.0081387 5.259509 6.031734 6.0781393 5.1211977 5.5330944 5.5859556 5.1696744 6.6092963 5.5652003 11.69618 7.0840793 5.1138015 5.5436783 4.8051505 5.1249003 5.4054546 6.5661826 5.9019327 5.399931 4.9469824 5.3061447 7.2103863 6.668283 6.188091 5.935565 5.5902967 4.725138 4.7776327 5.6175046 5.277312
6.2947516 6.919602 6.3774514 9.730258 6.4588933 5.286376 5.7351437 6.079921 6.799298 6.522022 5.220743 5.286713 5.590613 5.8221784 6.6693077 5.958678 6.5603065 4.8881617 5.911841 5.277414 5.198329 6.3424926 5.8677034 14.395525 8.219436 7.542498 5.696333 5.6593885 5.5068064 5.0038815 5.807487 5.2483144 6.567797 5.5743003 6.2503767 5.527141 6.0416822 6.332328 7.5990105 5.5124226 11.494108 5.0920987 5.8424654 4.644351 5.3857245 5.601805 6.680428 6.471832 6.025983 5.9106865 5.799726 7.56859 6.5869927 6.1846952 5.5674505 4.908536 4.9423604 6.044228 5.362247 5.2571263 4.8664656
6.3061657 6.208954 6.534337 9.487207 6.5120645 5.7173047 6.1529264 7.428778 6.605096 5.568002 5.096703 5.119914 5.5320377 5.905881 6.3907113 6.849183 4.6704645 6.5567064 5.202588 5.79837 6.4516068 4.9433494 7.888651 14.490977 6.395708 4.345299 7.272396 7.489968 6.4345245 6.374438 5.9380746 7.0181804 5.9790335 6.7596993 6.4448094 6.879354 7.437035 6.9397216 7.440137 7.8135614 11.65018 5.2672844 5.453748 5.6568813 5.606133 6.4281516 6.533051 4.5645485 4.477814 7.491179 7.8269196 5.094035 6.600701 6.488367 6.135537 5.6741695 6.5668707 4.6805325 5.2880507 4.748363 4.5792823
5.898028 5.9861526 6.0310206 9.532994 6.983909 6.1985583 7.3335924 6.7507777 5.927172 5.592728 5.068719 5.076528 5.5715322 6.0327525 6.3954964 6.3667765 6.5740867 5.147532 6.5555754 5.60219 6.126172 8.179957 14.403933 6.1692524 4.6445093 5.41966 5.0587544 4.7626505 7.971947 8.016302 7.487644 6.41901 5.8241835 6.5545883 5.978029 6.054386 5.1381707 7.922131 5.444236 11.441612 5.5088944 7.5984564 6.4972715 7.235303 6.5922494 6.6436553 5.4023175 7.25998 7.0333033 4.7387385 5.276593 7.2521596 5.936233 5.788804 5.2913923 6.8836007 5.6319947 5.8308954 4.5868325 5.272136 4.6140623
5.160852 5.551168 6.448503 9.709952 7.486253 7.195822 6.5786777 6.001536 5.8492856 5.609011 5.028016 5.001751 5.623249 6.0984764 6.293676 6.2346034 6.234168 6.6849384 7.131635 7.81103 8.412381 14.295285 7.1857095 5.160211 7.344762 6.9976993 7.0225344 7.4455395 7.7543073 7.29741 6.4745107 5.8292475 5.7144337 6.1256185 5.9162893 6.096377 6.964425 7.1221347 7.5591016 11.44357 5.575747 9.573535 9.319731 8.7903185 8.433805 8.224642 8.1215105 6.130434 5.7001286 5.3094826 7.383635 6.0639997 5.4550304 5.092207 7.460977 7.3337593 6.534139 4.9198475 5.438971 5.849822 5.6463356
4.9573364 5.0643725 5.453501 7.309498 10.000452 7.7973967 6.110827 5.919512 5.7505946 4.8280354 5.57721 5.5573916 4.890584 6.0276065 6.1889772 6.2109585 6.293116 7.1790614 7.495929 7.680204 8.198534 15.433235 8.693016 8.097457 5.963216 5.3703485 5.0212746 4.7632527 5.830133 5.860464 5.846367 5.248137 6.2119827 5.767968 5.863309 6.1588 6.2914395 6.3704605 11.273866 5.4578686 10.812193 9.549337 9.442687 9.089689 8.692126 8.792101 8.847403 8.438668 7.3153167 7.441448 6.359439 5.5680943 4.7844872 7.1798263 7.6666107 5.6850276 5.4718494 5.9506044 6.1970735 6.891019 5.3360825
4.5798483 5.0542703 5.537656 6.2856693 10.568251 8.484256 6.267649 5.940404 5.3107667 4.7485027 5.8806286 5.888241 5.4986134 4.7889695 6.086523 6.2179 6.390872 6.6944146 4.9471126 5.0433154 6.3577576 14.757246 7.814856 7.3952265 6.2139654 5.6620264 5.3740134 5.3629265 5.216406 5.574302 5.5572314 5.528885 6.3753934 5.3658996 4.9986463 5.052629 5.5675964 5.750568 11.374474 8.899547 8.5408125 7.876611 7.5124135 6.7489743 6.20506 5.885464 5.9990964 5.4661355 8.104198 8.183974 8.026937 7.7819695 7.765401 7.250891 6.044406 5.4286413 6.0748763 6.503761 7.701677 5.998621 5.4882355
5.1016917 4.426035 4.62324 5.0564084 10.76301 9.023555 6.4106145 5.692432 5.345011 4.8097563 6.255046 6.244737 5.9014363 4.7342453 5.357944 6.2579713 6.518306 4.8285728 6.967014 5.790353 14.547932 6.7654567 5.856276 4.9476132 6.171928 5.6474085 5.4215097 5.477982 5.359996 5.695178 5.58935 5.457144 5.402598 5.6789365 5.494403 5.6558914 4.9099317 5.364718 11.417265 6.294949 5.6363983 6.3109074 5.5726204 5.3360534 4.6600113 4.9118357 5.6770473 5.7208023 5.396199 5.3845344 4.9303646 4.803586 4.7982435 5.876316 4.9137373 5.713279 6.907985 5.3620415 8.1624975 6.182396 5.4997725
5.6115656 4.6215253 5.5608654 5.890503 6.069235 10.819598 7.126519 5.744454 5.365743 4.8678565 6.577333 6.5116277 6.2015004 4.7562566 5.413428 5.8837385 6.7246733 6.844387 5.5702314 7.9140024 14.617118 8.074159 7.876603 7.1167517 6.5688143 6.2414017 6.289873 6.604956 6.8884425 6.3806386 6.1791544 5.319434 5.168833 5.614017 5.970467 7.2231154 5.066073 4.682537 11.256299 6.0313144 6.3742323 5.530151 4.832804 4.8390074 4.8663297 5.6652966 5.0642376 5.4162483 5.9314303 6.1446886 5.6115713 4.697409 6.177139 5.15769 4.5132523 5.7376223 6.852379 7.671308 6.543467 5.508838 5.3576674
