samples/twi.asc
ncols    70
nrows    124
xllcorner    350018.87224
yllcorner    6735579.87337
cellsize    30.0
NODATA_value    -99999.0
[rows 0 to 26 of 124, columns 0 to 60 of 70]
5.316801 6.0490003 6.3062825 7.430577 8.05803 6.228426 6.167525 6.095854 5.7380805 5.310516 5.030164 4.8540087 4.7291408 4.498893 5.32911 4.387471 5.3064747 4.743261 5.031273 5.262729 5.8125625 5.7975926 5.2153277 4.965367 5.8124604 6.222936 6.2220707 5.2288275 7.985859 5.0330324 5.7536826 8.471821 9.306576 6.678763 6.5864415 3.9564059 4.6341376 6.8648467 6.917054 7.046097 6.1496787 6.046961 5.9294796 5.098522 4.318659 5.405286 5.054377 6.202361 8.853785 5.0289464 4.2506123 5.5434775 4.875714 5.7918153 7.020804 8.140165 6.9922295 7.703352 5.994179 5.9354043 5.141726
4.8342395 5.5943146 5.8957167 6.2862253 6.3797054 7.77803 6.428381 6.300968 5.9364085 5.616211 5.47491 5.410924 5.325032 4.908012 4.41331 4.9432044 4.093167 4.693232 5.050091 5.021043 5.038717 5.7890534 5.105519 4.7248154 5.7405677 5.7266417 5.417704 6.7967806 5.906183 8.137223 8.136349 7.4805546 7.188285 6.0694566 4.6181264 6.2195473 4.17804 6.4475484 6.5601897 7.159986 6.805706 5.47108 5.26686 5.1823993 4.155239 4.9776464 4.358541 5.9000587 8.84005 6.2306094 5.078949 4.730078 5.9332695 5.93018 7.27548 6.869582 7.3343487 8.353273 6.825574 5.6846995 5.777075
5.9143653 5.2936482 5.0885944 5.848932 4.6248164 6.2132144 7.36311 7.125797 6.4617496 5.7223234 5.4712358 4.466489 3.901152 4.189245 4.6050267 4.5902796 4.333826 4.85434 4.782968 4.7723436 4.816485 5.3492584 4.990515 4.2925286 5.7388244 5.60012 4.7139497 6.063254 7.8997374 6.740557 6.6595016 6.1522684 6.9703746 4.736063 5.7634735 4.3817577 6.67826 6.655459 6.4806113 6.843837 5.870633 5.164213 4.7187967 4.8857493 5.2196836 4.8049884 4.7916656 5.4483714 9.155458 4.6621947 5.6612706 5.6654124 5.5194955 6.3634667 5.9786763 6.4834843 7.574585 10.585809 9.438216 8.804368 8.13395
5.694942 5.343532 5.179143 6.122171 4.1610365 5.6236033 4.9817786 4.8960757 5.7819495 5.46413 3.7656372 4.986921 4.749588 4.3448467 4.910146 6.7477927 5.5707583 4.9441013 4.622957 4.456447 4.5031786 4.8210135 5.0210085 4.894849 5.50081 5.552673 5.5498643 7.3994646 6.0187154 6.3747706 6.5379 6.130567 6.6035175 6.2829976 4.4628477 5.9313865 6.471041 6.268013 6.016517 6.4389486 4.7166243 4.6994376 4.9320545 4.7531643 5.6046524 6.493439 5.6674037 5.265018 7.549488 8.6682005 8.495649 7.0652337 7.5625744 6.6284947 6.694659 6.4846826 7.658516 5.758159 5.2021513 4.9253697 5.797143
5.5454006 5.2556167 4.928424 5.666985 5.0215282 4.834958 4.655629 4.571129 4.5393577 5.8290005 5.6118116 5.5146885 5.3496 5.0880857 5.2877393 4.7528934 4.835507 4.954191 4.9132853 4.639221 4.6684976 5.1670527 5.630441 5.6150603 5.5327525 5.409288 5.8252683 7.0590224 5.5671372 6.2039413 6.501767 6.038852 6.4343944 4.35574 6.1371675 5.3722615 6.0046577 5.8050084 5.5862617 5.930081 4.7714453 4.3221846 4.902749 5.968275 5.959068 5.762307 5.7362003 6.170462 6.8751774 5.6652465 6.0819864 9.134955 9.936184 10.02899 9.237509 9.530068 7.254233 5.848694 5.0135674 4.9555526 5.262447
5.0610514 5.366799 5.2983203 4.848863 4.653217 4.4801216 4.2374644 4.1246142 4.125193 4.1869555 5.994578 5.912542 5.9052606 5.712466 4.587063 5.1891236 5.1536202 5.1892896 4.4809246 5.080234 5.1928077 5.5564 5.8348446 6.0531497 5.848071 6.7841434 6.942788 5.6540427 5.0385933 5.958031 6.2495375 5.5771885 5.215546 5.519876 5.7337227 4.8377714 5.839997 5.6758914 5.3763814 5.6481123 4.41847 5.074354 5.994758 5.404052 5.236469 6.635372 6.720494 7.1885257 5.637145 5.139462 5.2210217 6.444982 6.2708745 6.4030223 8.625597 5.8826404 7.742728 6.0969896 5.2464004 6.0525327 4.7931185
5.0745444 5.25465 4.6465373 4.558284 4.508403 5.7898088 5.2997837 4.7931447 4.2086234 5.4591546 4.9775023 4.401047 4.735772 4.6963367 5.2283454 5.5406647 5.5015016 5.4447827 4.234903 4.9287 5.589686 6.5125637 6.3796043 6.7303724 7.4247565 5.4408092 6.3147926 5.1133504 4.3751545 5.799117 6.0693817 5.146205 4.6616273 5.1129947 5.497498 4.3192577 5.966099 5.7860756 5.3082747 5.3753753 5.2200427 6.036172 5.0594063 5.539619 5.7523623 7.202341 7.484718 9.313868 8.786169 8.556201 7.8540306 8.090355 8.104324 5.670894 7.07454 6.9351525 6.6030307 5.9591017 5.836055 6.101887 5.6291146
5.223294 4.8608413 4.902621 4.905117 5.8363104 4.2113705 4.0857115 3.9673595 5.443957 4.27456 4.2890863 5.0849833 4.675661 5.4334445 5.7551937 5.977847 5.9163404 5.767764 4.2414427 5.699891 5.958562 6.7383657 6.8853583 9.405252 7.8694534 6.700696 5.7576184 5.7536783 4.4637403 5.5495634 5.869545 4.819823 4.187527 4.987814 5.1728683 4.779681 6.1483836 5.968603 5.364051 5.9687905 5.9079843 4.910231 5.2473655 5.3213654 6.6380796 7.7968526 9.225399 7.335532 7.0146766 6.601236 8.042993 7.9007764 7.1670876 7.406275 6.035927 6.051751 6.831922 6.9851646 6.7096705 6.393948 6.2030244
5.253455 5.1980166 5.1650786 5.830955 4.7441273 4.789689 6.42408 6.129026 5.3968716 4.9128547 5.4033656 5.029502 4.581424 5.9122186 6.186924 6.305863 6.1388173 4.349966 5.9466047 6.348956 6.402383 7.3809333 8.308593 6.2817245 5.3001947 5.6799054 5.3596683 5.484394 5.615065 5.1947446 5.1454287 5.368908 5.1016216 5.3527093 5.593463 5.5598884 5.608967 6.806167 6.873812 5.4713426 4.84977 5.1807857 5.1143193 6.3281293 8.0299835 9.265871 7.597938 7.4382415 6.710519 5.117988 6.1399775 5.703908 6.694394 6.9058876 7.59211 5.7073855 5.722308 7.1823235 7.112533 6.252914 5.2011514
4.1815343 6.1192946 6.055523 5.106535 5.054855 6.9860034 5.9767714 5.7278996 5.6488695 5.6918206 5.5017943 5.0179424 5.842265 4.7614527 6.4273643 6.4493914 4.4332824 6.276008 6.282797 4.839284 7.635896 8.839985 6.3279443 5.317474 4.360312 4.2246394 5.367793 5.111628 5.3205233 5.552139 5.237486 6.1624107 6.6078672 6.4272275 5.8246865 5.3777056 5.28436 5.276502 5.001299 5.397872 5.158892 5.07219 5.672509 7.2188754 9.975061 7.301754 6.9330688 6.9028955 6.6581054 6.3215313 5.818618 5.4592094 4.9606338 6.6623797 7.021763 7.3824015 5.513917 6.526791 6.3474317 6.111347 5.3033724
6.303372 6.3509502 5.607696 5.4545703 6.9341626 3.8883736 3.9645703 3.9375176 3.9968061 5.571358 5.4293385 5.9567113 5.1158233 4.588239 6.359723 4.4615145 6.3426056 6.7186093 4.8950815 8.24434 9.208126 7.7124615 7.363084 6.86744 6.3142 5.7896223 4.984487 5.2656636 4.9853764 5.6678205 7.2688446 6.688649 5.899558 5.228663 5.516069 6.0377526 4.6112475 5.3165812 4.548779 5.0977297 5.4126616 5.528995 5.940311 10.095752 7.5792775 6.684891 6.2907515 6.3477902 7.0419626 6.199231 5.717562 5.621955 5.295119 6.54657 6.5412984 6.4328594 5.4926934 6.015925 5.8970203 6.3481703 6.0579615
6.56562 5.96822 5.8531475 7.1653514 3.8820643 4.4650626 4.4787784 4.513313 5.470551 5.3208632 5.81313 5.218697 4.22719 4.978118 6.2286367 5.0125184 6.5912914 5.022765 10.249297 9.409113 6.8996253 6.546608 4.4343886 4.2440634 5.246022 4.8795075 5.092234 4.9450684 6.2615747 6.296766 5.747061 5.340587 5.648231 5.271642 6.153814 4.3033843 6.563897 4.4665327 4.46904 5.0681458 5.4489813 6.528804 6.5314827 10.650955 7.901454 7.2082076 6.6670933 6.331043 6.433988 6.533658 5.800465 6.0065255 6.0083733 6.6173034 6.401075 5.7999177 6.912955 6.449714 6.3258033 5.305906 6.483118
6.9341493 6.94626 7.430974 4.759882 5.006646 4.872062 4.800119 5.5014825 5.390082 5.8039045 5.260561 4.586641 3.9305282 5.1013207 6.2769976 5.646667 5.075872 10.316953 7.4452767 6.896196 6.29559 4.483452 5.896955 5.503715 4.8351684 5.01169 4.684522 5.62634 5.710035 4.9620843 5.482986 5.3382955 5.140421 5.329254 6.4345527 4.8314505 6.5162406 4.328847 4.4531016 5.183007 5.6926136 7.8815107 10.280939 7.4360266 6.6018677 5.6192474 5.669908 6.0069847 6.121171 5.7555137 5.5329833 6.1570134 6.156035 6.4148426 6.9260135 7.3309355 6.0760036 5.8709807 5.36177 6.167509 6.1222467
8.806884 8.386619 7.9299855 5.3777857 6.479955 5.3242006 5.766581 5.551826 5.858628 5.4756546 5.027949 3.950526 4.6382055 5.3973026 6.46721 4.801014 10.084041 8.263902 8.3230095 7.9415994 4.5572157 5.447088 4.866172 4.121549 4.252872 4.5095863 5.1447024 6.800129 4.903847 5.225569 5.8263283 5.425893 4.1992383 5.1651897 6.7868657 5.089782 6.3860035 5.200347 4.4116664 4.754628 6.9423766 10.811842 6.050619 5.5270443 5.3540993 5.226348 5.3565893 5.57424 5.6753683 5.831105 5.6538854 5.3652177 5.882921 6.8006353 6.6128316 5.8746867 6.9578753 5.848981 5.9295864 6.5642667 8.274256
10.815425 11.034041 10.968459 10.590675 6.8415313 6.5243955 6.2049584 5.913852 6.0994987 5.7399774 5.4617157 4.9003577 5.337448 5.84234 6.5612264 9.397743 8.296157 6.8390827 6.814997 5.905566 7.144629 6.4954557 6.235988 6.0209146 5.6717987 5.268342 5.9176507 5.186688 5.203661 5.0358768 5.358247 6.2553344 4.0857224 4.679887 3.9511485 6.9447327 6.3474474 5.8614745 4.902084 4.857775 10.844108 6.893107 6.112705 5.349985 4.8897176 4.8746805 5.0660605 5.291072 5.5505424 5.8059187 5.806512 5.3857093 5.5742364 6.433965 6.6333365 6.6538954 8.272149 6.0351458 6.454764 7.001522 8.922302
4.150526 6.091312 5.558467 5.016944 10.236336 10.391651 10.416486 7.5530176 6.695337 5.7430882 5.332641 4.502723 9.859393 9.553493 9.244894 7.9656897 6.589472 6.558382 4.9529366 4.5636654 4.9493113 5.7831006 4.264747 4.3031163 4.288455 4.7952313 6.109426 4.6596985 5.0780425 5.3318477 5.199191 6.568557 4.0267835 4.644316 3.923003 4.564972 7.4076967 5.8773136 4.5340357 9.341429 6.981346 5.8026595 4.8045406 4.8149714 4.903591 4.387009 4.6735234 5.073699 5.5607133 5.5152364 5.3391886 6.2505364 5.6052732 6.034028 7.3402357 8.491327 9.35752 9.003679 8.470301 8.797552 5.532548
4.8329396 4.7963634 4.7864704 3.7378771 5.4654884 5.104424 5.311646 9.965717 9.993435 9.945973 9.946234 10.054545 8.597205 8.285361 8.113453 8.239816 8.556937 4.98251 5.869149 5.1363254 4.296035 4.3643055 5.8437934 5.415333 5.0379195 5.288251 5.157175 5.251679 5.1040983 5.785355 5.4025607 6.834123 3.9689136 4.531094 4.875101 5.1506515 7.4871593 5.9848437 8.773111 6.002572 5.8734465 4.130075 4.1258674 4.2324457 4.533842 4.765767 4.914687 5.3162174 5.8225174 5.7315717 5.6385155 5.1490054 4.816283 4.99612 5.534076 6.007856 6.0983725 5.9651833 5.838735 6.4828353 5.4518914
4.502147 4.4985847 4.529829 4.537788 4.565275 4.6249075 4.6726885 4.719917 5.697394 5.2147 4.7402077 4.690438 5.1301007 5.2183127 5.6678185 5.682204 6.899339 8.511157 6.7733107 6.387578 6.167709 6.0755568 5.914793 5.42046 5.086226 5.327049 4.887308 5.1995335 5.452522 4.1220684 5.905855 6.4835362 6.6467686 4.2778673 4.640786 3.665952 7.665405 9.11213 5.9119096 5.672154 3.6699326 3.9707775 4.125901 4.1809306 4.439115 5.2511845 5.318373 5.3770523 5.350028 4.6054807 4.421211 4.8311014 5.1634684 4.914077 5.2054667 4.661871 5.686854 5.2749166 4.6768126 5.9591155 5.066908
4.4488816 4.569971 4.7127676 4.7571874 4.722027 4.700277 4.6043887 4.442956 5.038218 4.929046 4.775571 4.112834 4.307344 5.119074 5.150341 5.647645 5.3455343 6.487079 7.81986 7.4769588 7.0704536 6.4544234 6.3532615 5.821262 5.3979955 5.6075087 4.8199773 5.144695 5.9228344 5.4866133 3.8940308 3.8427088 6.2535024 7.0325403 5.500647 3.9194489 7.9885693 9.458842 5.2458262 4.6554265 4.2452526 4.472601 4.62267 4.7160707 5.4233174 5.6263375 4.453326 5.343068 5.1741695 4.6702743 3.9010093 5.2526197 5.3092947 5.564999 3.9605958 4.639066 5.2893505 4.9761896 4.627173 4.11445 6.189765
5.73238 6.123947 6.0131826 5.8975606 6.0561066 5.948163 5.4684224 5.2303987 5.1379147 4.745838 4.438101 4.493669 4.7004395 4.673547 4.5668564 4.556701 5.191351 4.418498 5.9611497 5.681143 5.622896 5.765494 4.9191146 5.2221775 5.252942 6.158461 4.7915764 5.5675774 5.6983333 5.8466864 6.2279596 6.3220377 4.3504524 4.8002157 7.8330317 4.451256 9.886292 5.901296 5.511246 5.032693 4.6996427 4.7471976 4.8371787 5.2323046 5.4926963 4.3516107 4.9101353 5.3686085 5.1996064 4.807075 4.4064813 5.4278507 5.5128074 5.61924 4.3737006 4.7320313 5.264612 5.0586505 3.7563622 6.243974 4.296712
4.6598315 5.312189 5.2406178 5.217013 5.222418 5.1973944 5.5262303 5.0663486 4.4369974 4.3834286 4.2404547 4.9359784 5.0341306 4.358196 4.319612 4.454509 4.648383 4.571654 5.0499153 4.875219 5.168557 5.1098037 4.8515306 4.6059303 5.385049 6.010869 6.047865 4.388975 4.2641187 5.8267493 5.758467 5.786253 6.754604 6.8974133 4.1084495 8.131694 9.898441 5.838068 4.5018134 3.730293 5.1071634 5.04908 5.266708 5.329748 4.5857153 4.0064464 5.003361 5.42673 5.3430963 5.024215 4.6953573 5.392806 5.3951273 5.5327125 4.6518493 4.9449534 5.433082 3.7956083 6.6852474 4.6416383 4.290292
4.823534 5.231304 5.211745 5.202286 5.2234406 5.27064 5.954519 4.779774 4.7727695 4.773747 5.135839 5.1324534 4.7569704 4.7400446 4.655888 4.6642632 4.152252 4.3039975 4.3690095 4.3228984 4.152029 4.7515306 4.9705925 4.8269506 5.1895237 4.8640413 5.089056 6.173696 6.4497705 4.0872416 4.507534 4.774393 5.0763607 5.3588796 7.1137505 4.947149 9.924235 5.0470157 5.500335 5.292087 5.340701 5.5099974 5.498158 4.803258 3.8277457 4.6211195 5.2482967 5.578247 5.483586 5.1989045 4.887258 5.4140368 5.4638085 5.6984167 5.083797 5.3313637 3.7714121 7.083909 5.0531588 4.607696 6.2444344
4.978582 5.2920303 5.304878 5.311655 5.3555255 5.4464326 6.046066 5.6595697 5.1257424 5.415748 5.3562064 5.010982 5.0086374 4.991717 4.8947387 4.3939075 4.4359083 4.554754 3.9776824 5.195683 4.8243647 4.2255073 4.845549 5.5969124 5.1658864 4.660219 4.875032 5.1955376 4.172646 6.347599 3.8398361 4.4097414 4.759 5.002129 6.1347713 7.5333714 10.214634 6.3640947 5.6954074 5.435786 5.5754104 5.6101246 5.1839213 4.4997253 3.8622644 5.171365 5.5988708 5.7230554 5.5602365 5.3285365 5.135227 5.637783 5.7093587 5.9044266 5.3920355 5.630168 3.8519099 7.189587 4.921542 6.271573 3.9149513
5.138482 5.3782616 5.425774 5.447114 5.4473352 5.4892244 6.041666 6.197602 5.5996294 5.627075 5.366595 5.267964 5.2500477 5.2787423 4.937011 4.7791924 4.6837516 4.3210535 5.0986032 3.8194144 4.6270785 4.1443505 4.8888893 5.7339616 4.88265 5.123771 4.0221777 3.9422238 5.3469734 4.5827303 6.231505 3.7542338 4.3139267 4.6565256 5.2211666 7.0634513 10.365324 7.087026 6.0743794 5.8229585 5.72515 5.229866 4.8552556 4.4649467 5.1920547 4.0530524 3.9570985 5.535232 5.73037 6.298147 5.4988413 5.898516 5.8605013 5.9421535 5.467786 3.792407 6.0124016 7.412204 6.4105616 4.741852 4.125768
5.3684406 5.566987 5.631486 5.6688495 5.6169333 6.419397 6.1377563 5.712949 5.709128 5.571842 4.0363755 6.184428 5.540752 5.3536344 5.3636427 5.208034 4.7144613 5.1306796 4.2218747 4.717985 3.7713895 4.7011123 4.5173798 5.094428 5.2958984 4.888071 4.935801 4.4536643 4.464888 5.3452783 4.8433204 6.2331004 3.6763313 4.323673 4.970848 5.7263556 10.601856 7.8186707 6.310427 6.014873 5.440888 4.922713 4.661704 5.255243 4.448432 4.014654 4.0195093 4.56344 5.8194027 7.064078 3.9193363 6.598998 6.0510416 6.1331887 5.7333493 6.243028 7.663124 6.9245434 5.56157 4.4903502 4.6803308
5.680087 5.8692846 5.917515 5.969899 5.9707284 7.1950245 3.9439635 4.021467 6.589383 5.816575 4.8422914 6.488664 5.8814087 5.6712904 5.689442 5.607269 6.586429 6.0994387 4.8755608 4.186131 4.7360406 4.610111 4.3211985 4.7271066 5.152133 5.076532 4.779173 5.0297503 4.713831 4.6803064 5.449183 5.147491 6.3385634 3.7548616 4.620112 5.354367 6.0914154 10.659929 6.2083864 5.778439 3.642565 5.629219 5.340642 4.6999807 4.4673896 4.1075287 4.0844555 4.591015 4.992917 6.012464 7.118378 6.6727176 6.2252994 6.3706164 6.856484 7.550752 6.853896 3.955234 5.215081 4.827421 4.5570645
6.0286083 6.192767 6.2078905 4.225945 7.138706 8.206349 7.1130004 7.032976 6.2820263 5.338842 6.6897593 8.417161 8.276569 8.076009 7.8406873 7.527416 6.5251284 6.243097 5.9273405 5.4582324 4.7001786 4.633512 5.085738 4.816103 4.4827423 4.94001 5.0096407 5.0094295 5.1581807 4.97982 5.151364 5.8424325 5.5075817 6.4968147 3.9497533 4.134138 5.106371 10.491475 6.6089993 4.644783 6.013911 5.7415705 5.0975113 4.698022 4.4342704 4.0370054 3.9318523 4.447978 4.829196 6.639027 3.7654257 7.6274023 6.4321175 7.452695 8.240128 7.33127 5.9953933 5.558093 3.958214 4.625567 4.290713
