samples/twi.asc
ncols    70
nrows    124
xllcorner    350018.87224
yllcorner    6735579.87337
cellsize    30.0
NODATA_value    -99999.0
[rows 27 to 53 of 124, columns 0 to 60 of 70]
6.371167 4.3390927 7.228744 7.4047112 10.387349 10.030843 9.869177 9.634693 9.637639 9.380721 8.991908 8.258865 8.198344 8.12662 8.072778 7.9501863 7.71331 7.4757843 5.836208 5.5236506 5.434275 5.14068 5.7058697 5.421442 4.618342 4.9287047 5.6399536 6.1753364 6.438668 6.942256 7.43062 7.6758013 6.131332 5.722652 6.6713257 4.783271 8.798148 10.492974 6.798823 6.367075 5.941277 5.4352994 5.1969543 4.748522 3.6931188 4.533643 3.8045895 4.4369 4.883712 3.823738 7.007587 7.943224 8.061662 8.465524 4.1617675 4.0741925 3.9158185 3.7660222 3.9663107 4.702824 4.352539
7.471763 10.535134 10.557571 10.298721 5.7840724 5.3452296 5.727685 8.732511 8.294854 7.3703947 4.2841125 4.1015873 4.0464206 4.788243 5.256278 5.765094 4.057003 3.9091496 6.828029 6.1900563 5.8100953 6.077451 5.4445524 6.4595494 4.6397686 4.644387 5.1921644 5.455763 5.662492 6.290545 6.752773 6.9081116 8.014932 8.122682 8.271163 8.623803 4.510412 9.195844 10.624083 7.2621584 5.7548513 5.4331217 5.201756 4.3829913 3.6330626 4.843496 4.5205727 3.8834708 5.068299 4.0072722 4.17637 8.7586775 9.375002 6.1997733 5.845873 5.7638426 5.4644065 5.0015993 4.756374 4.827621 4.302314
10.511761 7.4435253 7.180752 6.8344126 5.4101777 4.6918616 5.2761383 5.9281087 7.441245 8.038705 7.0789623 5.118209 4.6314836 4.0868187 4.1986094 4.7587485 5.2117047 3.6934278 3.6569934 5.481106 5.2399974 4.2221694 5.0312657 5.631815 4.4981303 4.2471604 4.0592628 3.7072258 4.677466 4.388133 5.1968074 5.6236796 5.8404794 6.066959 6.236769 6.4857774 6.85441 7.663321 11.22382 7.7443657 7.0779796 5.5630007 5.0080853 4.5346847 5.130397 3.8183978 5.07581 4.0656223 4.7064633 5.373841 4.2488647 9.8585 6.654096 4.7294846 3.9260192 4.162837 4.13419 5.3753204 5.2143617 4.8403482 4.27575
6.249497 6.0780597 5.2524123 5.363112 5.2279396 4.96485 4.005835 4.7723737 5.546172 7.2969403 7.8740263 6.548112 5.3691616 5.236398 4.8594832 3.9650981 3.7464936 4.797661 4.856491 4.525567 4.017203 4.5320773 6.062989 5.600554 4.1400757 4.2790217 4.3956313 4.689026 3.7929056 4.866811 3.7882223 3.7555623 4.4638324 4.958504 5.2939143 5.6469665 6.0741444 4.694319 11.336044 8.45601 4.400778 6.0558195 5.1687336 4.0677333 5.5866246 4.6324925 5.3647523 3.957985 4.5633435 5.9349937 4.372821 9.84671 6.8137217 6.6612363 4.4388957 4.6667566 6.006343 4.653831 4.1633463 4.7243114 4.1767683
4.086902 4.1366487 4.0487165 4.6107974 4.927544 4.9226723 4.5778947 3.9233625 5.0699186 5.4902024 6.9939337 7.762265 6.128095 5.99064 5.650084 5.211635 4.76223 4.4273686 4.6391683 4.751099 4.3923144 5.7203426 5.6628795 3.9643505 5.6686773 4.013398 4.213915 4.3061438 4.849691 3.931452 4.521023 4.881602 5.1496983 5.435654 5.6705213 5.907862 6.2528257 6.727414 5.043826 11.269609 6.5572705 5.351765 4.960535 6.116309 4.2949514 5.306652 5.6890106 3.9412735 5.3198853 4.1958013 6.71274 9.89749 7.92451 4.0479956 6.3419333 6.185679 4.697333 3.9808218 4.8711433 4.5712934 4.190838
4.707514 4.0293665 3.9804173 3.9337568 3.877704 4.548239 4.585699 3.9028416 4.5657425 4.9876604 5.6282763 6.3670654 7.7912784 7.174605 5.355215 4.8214717 4.2730594 3.762394 4.114688 4.3591886 5.2065854 4.5979066 4.586035 5.0660563 5.928405 3.854357 4.684998 4.306014 4.4680333 4.7707915 4.915147 5.1363397 5.3616266 5.6275444 5.857959 6.044053 6.3699555 6.716259 7.139255 11.954392 6.1491036 6.4576283 6.3259535 5.2091994 4.5739284 5.862974 6.096318 4.1890826 4.9659634 6.5944486 6.9740615 10.128573 7.0800943 5.273649 4.6133785 3.887824 3.9479368 5.182282 4.990552 4.637258 4.3401384
5.8110466 5.498729 4.964686 3.910437 4.6035175 3.9397337 4.007083 4.0702186 4.100945 4.6132894 5.172708 4.9045057 5.541275 6.5621195 6.535495 6.005006 4.983931 4.9556684 4.976721 4.7845683 4.8415356 3.9612057 5.01844 4.684035 6.402454 3.8367496 5.0473905 4.8378325 4.324737 4.105025 3.8432715 4.46584 4.902697 5.2553287 5.5249147 5.770527 6.163187 6.4872847 6.7759647 5.3379145 11.573008 4.457055 5.391963 5.080503 4.518719 6.1076884 4.4257045 6.3467803 5.22955 6.9939885 10.435697 7.530395 4.4773407 6.2711 6.005001 5.733155 5.2777796 5.1693535 5.046909 4.600009 4.358388
9.275259 5.7249403 5.4019647 5.2130833 3.8750093 3.9231513 3.9509387 3.9874852 4.254066 4.24137 4.9952464 4.430506 5.093168 5.086907 5.778824 4.7929606 5.3370175 5.1228228 4.5110765 5.156535 4.266161 4.437533 3.6039982 5.4135284 6.6693835 5.487697 5.043823 4.003558 4.0087285 4.6884737 4.689442 5.0260515 5.2767887 5.5040526 5.6682873 5.892105 6.313532 6.6535506 6.875668 7.2983136 11.663732 6.150207 4.1879683 5.7833433 4.3367 6.2100754 5.113769 4.4461746 6.9634833 10.461326 7.9138575 6.9488564 5.8469524 5.3828373 4.931439 4.079662 5.3015246 5.093609 4.9238524 4.462085 4.2414618
5.6149406 9.231304 5.7612348 5.463532 5.24031 4.5466394 4.519378 5.159429 4.579578 4.0879045 4.784296 3.9217591 4.849092 4.725601 4.6633673 5.002326 4.5118814 4.2704697 5.2206306 4.8665915 4.639725 4.3478303 3.62885 5.2697277 7.006888 5.6529264 5.40755 3.7885475 4.506936 5.0646644 4.187927 4.1237507 4.6940155 5.0450764 5.2076015 5.4798245 6.0315385 6.4928775 6.714398 6.8718038 4.899434 11.1916895 6.21523 4.7946644 4.1689286 6.1997423 4.294043 5.7896786 10.236769 7.828583 7.5903406 4.7670627 5.632592 5.1219893 4.3555226 5.768832 5.3651223 5.1278186 4.9129257 4.4479527 4.1914167
4.261684 4.5592217 9.363043 4.763859 3.9314582 6.336755 5.9734836 5.076806 4.775545 4.482198 3.9758763 4.1032877 4.622433 4.430681 4.3212605 4.364331 3.9732924 4.7075057 5.7407317 4.203686 4.4152756 4.7005143 4.7353296 3.677771 5.834251 7.3389087 5.4924397 5.0747294 3.8557878 5.4717155 4.266592 4.9417496 4.1217346 4.6522284 3.768395 4.545607 5.36896 5.9714413 4.687883 5.2837963 5.650822 11.213281 6.805891 4.176123 4.093792 4.119165 6.363413 5.9061894 10.068122 7.4005246 4.784735 5.400816 4.706079 4.6462374 6.3032966 6.468027 5.4678507 5.2130704 4.9681683 4.4605494 4.2904615
4.3712187 6.0103197 4.891779 9.389002 6.871251 4.6015153 3.7517874 3.6807573 4.7171397 4.3441052 3.7489283 4.614068 4.0708084 4.0445337 3.9514897 4.129084 4.519231 5.5486875 4.304276 5.165992 5.3782816 3.5804846 3.6633952 3.7251773 3.784613 7.6628895 5.788385 5.5728455 3.93436 5.6918197 4.8348837 4.197541 5.1963377 3.8459857 4.850738 5.35225 5.933734 6.319408 6.2655444 4.52509 4.342313 5.2028537 11.056791 4.998356 4.853006 4.835682 6.4768434 9.860385 7.109191 4.312643 4.428014 4.6293955 5.460246 6.7219725 6.985753 6.508891 6.207727 5.360384 4.402665 5.321314 4.529631
4.2072625 5.3544827 4.407766 7.5793996 9.051964 6.1277537 5.753507 5.3635054 3.6931927 3.6735165 4.734293 3.6213775 3.793757 4.1373196 4.211331 4.680822 5.386846 4.3307986 5.534691 3.5400574 5.1711397 5.7322783 4.4799294 3.8317351 3.8651428 4.679567 8.076095 5.89652 5.9893904 3.9361873 5.0506186 4.695028 3.9266758 5.166224 4.5613136 5.295396 5.798017 6.087981 7.1068544 6.243252 4.914309 5.454375 11.068487 5.584894 5.450883 5.4386888 6.81264 10.164851 7.2349257 6.026691 5.9315734 5.718903 6.8299656 7.1166415 6.8286138 4.464628 5.512633 5.147944 5.768625 5.136886 4.8059745
4.2113705 4.8078523 5.3988323 4.0967927 6.681001 8.567354 6.2856126 6.1064496 5.8859916 5.755832 4.4254327 4.244986 4.2912602 4.58321 5.1004176 4.406454 5.7701616 4.7458534 3.450749 5.7307825 6.218552 5.6202354 6.1512237 5.3146534 3.9466193 4.020023 8.318267 6.243613 6.191728 3.9457068 5.3234677 5.03814 3.8913748 4.610659 5.7717166 6.263652 6.464827 6.549969 6.715301 6.9001765 7.1664076 7.3813696 6.066635 11.226961 6.0372767 10.451161 10.643857 7.9373517 4.395486 6.6438155 6.65389 6.913504 7.329975 6.9907417 5.239954 6.0631657 4.461425 5.875307 5.422438 5.2544365 4.764786
6.115191 4.0761294 4.8607326 4.279589 3.6361673 5.9496737 8.489261 8.172084 7.3257732 7.3223133 7.0057025 6.1799235 5.63453 5.303707 4.606692 4.23653 5.030663 4.010778 4.048055 3.4007187 3.8150496 6.9086018 5.968153 6.2621055 5.6108494 4.741276 8.383917 6.5271287 6.3966837 5.974192 4.026044 5.401866 4.0418897 4.914958 5.641616 4.7180395 5.308055 5.540282 5.7431087 6.5700703 6.620336 6.869973 8.279584 11.503677 10.775317 4.866362 4.9376597 4.7407365 5.0951686 4.2597675 4.337002 7.2450423 7.9751177 7.1069517 6.531297 4.4964385 6.0872393 5.541595 4.678863 4.92604 5.245585
4.2270565 5.5966763 4.4558 3.6101744 4.6777444 5.083325 3.8504813 6.7789073 7.1293736 3.875796 6.0403895 5.8904376 5.7708397 5.819009 4.751366 4.3633804 4.431765 4.6716433 3.4646351 4.154784 4.90295 3.9934576 7.2690306 7.5615478 7.8733983 8.053006 8.354019 8.552962 6.5284724 6.1557937 4.1080537 5.7612295 4.9788737 5.6321726 4.7672396 6.189943 4.617818 4.3825693 4.970179 6.2480493 6.3986583 6.611469 6.99202 11.582039 10.963452 4.947952 4.7485485 7.523125 7.2956834 7.074158 6.9588337 7.660165 7.550338 7.550626 7.3051877 7.1168804 6.3573074 5.165644 4.6537404 4.6525297 5.073143
5.0808153 4.5485797 5.2837763 4.1107116 4.686947 4.91897 5.5700994 6.134721 3.885937 7.0421524 5.354756 5.8661103 5.293739 4.0915184 4.4571576 4.79527 4.192983 4.556751 4.7949266 5.1012707 5.4387593 5.673385 3.9173326 3.9376533 6.045023 6.272857 6.5164714 9.275892 6.900081 6.490175 6.213899 4.3120947 5.5301867 5.9421473 4.5730214 5.2227597 6.0706067 5.0656233 5.4336314 5.726027 5.936298 6.1569314 4.543798 11.837871 5.1742015 5.679318 7.5946994 4.535956 8.207181 8.050613 8.000975 7.235243 4.652459 4.8608313 5.5367484 4.7785034 4.7177696 5.252699 4.6307716 4.5770698 5.0968366
4.481574 3.783507 3.9607956 5.255269 4.038269 4.4895105 5.2887635 5.8769135 6.463141 4.903123 4.959223 4.542792 3.8253238 4.1976876 5.9507756 5.572956 5.3402653 3.764979 3.8124275 3.9873202 4.6976495 5.051844 5.299214 5.482657 3.883324 3.9905205 6.045502 6.4491615 9.87133 6.9803925 6.533101 5.9942183 4.377662 5.9562473 4.274646 5.636982 4.3124003 6.195863 4.4277554 4.3377647 4.954644 5.661914 6.3786807 5.479028 12.055654 7.917105 5.287794 8.18656 4.45194 4.376997 4.315953 5.054607 5.1845255 5.814217 5.9414887 5.559849 5.968038 5.3983297 4.739364 4.762891 5.292013
5.153894 4.9130206 4.58832 3.8958733 4.5824594 3.827018 5.15819 5.829232 5.3254457 5.9029493 4.4399247 4.4139857 3.8151329 4.7397485 5.6387315 3.90985 5.0585165 5.5231953 3.6848629 3.8889198 3.9920306 3.9920359 3.962679 4.5775337 4.9762187 5.3431664 4.0720997 4.343857 7.160008 10.084235 7.6425133 6.3015113 6.3278503 4.258655 4.859046 5.774873 4.935603 4.3445506 6.3364472 5.0180044 4.250862 4.2725906 6.210292 7.0712423 11.982632 5.9216285 8.2810335 5.047944 5.0454726 5.024353 5.3501296 5.3577046 6.4778724 5.9988666 4.80948 6.3136797 6.0823717 5.563271 4.881192 4.989148 5.4338393
6.3800845 6.2358913 5.5322123 5.2496424 4.423241 3.8726425 5.0456595 5.8365955 5.152296 4.8414617 5.3414207 3.737138 4.2106833 4.7814155 3.7785232 5.4396963 4.2803893 5.194766 5.9957438 3.7214367 3.7520866 4.6086407 4.79894 5.102659 5.3085227 5.6006117 5.909071 6.3011875 4.655434 4.815251 10.019155 7.9998183 6.557768 5.6487217 4.146236 5.9452705 5.314053 4.9618726 4.314434 6.432165 5.4701853 5.7876596 6.2155576 7.320154 12.099909 8.776108 5.634433 5.4075294 5.3435397 5.6791687 6.8094325 6.383861 4.317201 5.1761594 6.204798 6.1314225 6.004044 5.633343 4.9969296 5.190182 5.539847
3.7917128 3.757676 4.9970627 3.5160515 4.3238225 3.7978535 4.481759 5.49051 4.731309 4.37058 4.900497 4.1988006 5.2618165 3.8627212 3.5956697 3.6388416 5.8721075 4.848771 5.6214566 6.324504 3.744651 5.009879 4.1482515 4.0836687 3.9790223 4.7676578 5.2989254 5.7726274 6.1393075 6.363034 4.6758327 9.820028 7.752626 6.4741335 6.7034225 4.286624 5.7255216 5.4503236 5.1181087 4.541168 6.8070025 4.561666 4.3843446 5.3092594 12.222292 9.008903 6.1328263 5.854058 5.8519464 6.8886 4.2546506 4.830592 5.2900257 6.0599117 5.8678775 5.750406 5.7130485 5.538258 5.0744457 5.486162 5.615243
4.8472576 4.390317 3.604537 4.267689 3.6519222 3.773261 3.842975 5.411573 4.473094 3.881238 4.814559 4.8619657 3.8716948 4.2576823 4.3230443 3.6524944 3.6419644 6.0925417 5.1761703 6.860462 3.8691359 5.3104863 4.648585 3.9255652 4.6233416 4.1020737 4.242303 5.054033 4.45955 5.136235 4.442821 4.4592233 9.622381 7.7369823 7.5889993 5.3228803 6.6623845 4.543416 5.760161 4.8244042 5.4629674 6.828792 4.308162 7.072307 12.211057 4.9958987 6.458088 6.42153 6.9928246 4.908587 5.345104 5.49525 6.0307407 4.138304 4.136951 6.8389173 5.8235526 5.8200617 5.732253 6.245488 5.9114585
5.705627 5.4223256 5.1551595 4.985019 4.7290773 4.335491 3.939187 5.1391873 4.246685 4.6938715 5.0284605 4.0494356 4.1698933 4.9308743 4.760655 4.738418 3.6134777 5.4661174 6.3361397 7.2163215 5.8037553 3.9682105 4.969746 3.8588238 4.663391 5.2817326 5.037925 4.4048443 5.502412 4.3376584 5.422835 4.41443 4.5261426 9.822825 10.135784 7.935541 7.0518894 6.2622223 4.76976 4.9247613 5.436332 5.504337 6.6992807 4.581979 12.230078 5.649698 8.062656 7.359005 5.435118 5.634752 5.8946486 6.283522 4.1524816 4.2205567 7.7767553 6.455195 6.499161 6.089018 5.0831017 5.3044186 5.737938
3.790901 3.5943542 3.3983924 3.4301503 3.533233 3.5269527 3.8609219 4.4541955 5.0321884 5.7441516 4.268172 3.5770235 4.5308757 4.9578023 5.829987 5.066379 5.1394005 3.8200772 6.1576343 7.2567534 7.516525 6.49399 4.026104 4.7869453 4.2653394 5.543946 5.9449406 5.578337 5.011677 5.639771 5.0270896 5.8636374 4.592196 4.6941752 4.7471437 10.056162 8.21053 6.507293 6.1286364 4.8258486 4.7698407 5.8111076 6.4842887 4.744024 12.2543 6.204323 8.323656 6.0373898 6.10049 6.203592 6.6147075 5.1132064 5.090399 7.9583874 4.328033 6.3012643 6.125215 6.168821 6.147517 6.097038 6.362237
4.5034785 4.331107 4.9599895 3.883194 3.9502697 4.48703 3.7107637 4.427207 4.6705513 4.1462555 4.3380256 4.2354465 3.6590362 4.3127823 4.6651783 6.2474246 5.4618597 3.9056206 3.9828913 5.2996163 7.4587407 7.6251206 7.0573955 4.4569645 4.568212 5.333512 6.049058 6.1051846 5.652287 5.3248363 6.026315 5.670912 6.1924076 4.6184793 4.6167903 4.6424074 10.120762 8.619065 6.669649 4.890436 4.884043 4.4618196 4.439468 6.985079 12.267554 8.987058 8.227205 7.9564223 7.5732327 6.978097 5.7015066 8.322712 8.217405 5.6030874 4.3394685 4.1375084 4.231572 4.826847 5.9164257 5.988264 5.117943
6.778958 6.4987383 5.768302 5.3231606 4.7175803 3.2322438 4.5832963 3.7676456 3.8459015 4.3854384 4.2584167 4.8211627 4.9459057 3.665904 4.2314644 4.7813673 6.781499 7.1618304 4.1035585 4.2353487 7.960807 7.5709925 8.307185 5.6560073 4.5673475 4.5674844 5.6630507 6.0674133 6.0319004 5.8223834 5.8289285 6.349752 5.890647 6.32056 5.236974 6.2401395 4.7958007 10.484462 7.184481 4.9114084 4.724608 5.1273727 5.207971 6.316778 12.612833 9.747152 6.1140194 5.5928206 4.9254766 6.227759 8.588107 6.414815 6.179887 5.899292 5.4429426 4.83389 4.196039 4.6829658 5.561083 7.001676 5.528205
7.1872377 7.0550785 6.6081166 5.8195286 5.3599524 5.158251 3.5445247 3.8581257 3.868195 5.444766 3.6130586 3.7673051 5.2597 5.1675744 5.2812047 5.582773 5.9777455 6.2266326 7.6849675 7.801352 4.3428106 8.271577 8.728306 5.958278 5.60056 4.461767 5.7692413 4.2168307 5.892389 6.1201506 6.181854 6.102127 6.4400177 6.1134167 6.4239974 6.6493 6.503874 10.410783 4.8594275 4.7904735 4.6652555 5.311332 6.433526 6.9974957 12.974145 9.787121 5.6090503 4.8665357 6.591567 8.741261 5.337454 4.6327357 4.5853257 4.4840393 4.313332 4.169576 4.8985214 5.166292 5.647566 5.70103 6.0811467
4.5228925 5.549015 3.907281 5.006854 3.560417 3.6638608 3.737735 4.2388573 5.6884003 3.7531493 5.902392 3.80736 3.9569383 5.660641 5.7602224 5.9161224 6.1169753 6.2485814 6.4306273 6.7077756 6.8330226 4.2246013 8.544642 8.955061 5.9991136 6.499724 4.335402 4.112225 4.7861843 6.2209806 6.575277 6.582786 6.4566026 6.6236877 6.274251 6.6098614 7.5882835 10.582278 4.9904966 4.9797373 5.0213284 5.7391853 5.0869436 5.1872306 6.091557 12.405727 6.7100945 6.474394 8.793429 5.8651433 4.5835557 5.2736154 5.260166 5.164558 4.9753613 5.262901 5.3157167 5.464711 5.2673426 4.8599815 5.6276197
