samples/twi.asc
ncols    70
nrows    124
xllcorner    350018.87224
yllcorner    6735579.87337
cellsize    30.0
NODATA_value    -99999.0
[rows 54 to 80 of 124, columns 0 to 60 of 70]
3.8077097 3.9123008 5.1649847 4.3453226 4.877944 4.5652246 4.0332775 4.7748046 4.022164 5.6944733 4.412144 6.2968993 3.9706864 4.1874413 4.2684016 4.9042625 5.217289 5.3964086 5.6885624 6.040861 6.182723 6.217008 4.329518 9.746025 6.5919657 6.817392 4.4514637 4.3263283 5.1290965 5.750322 6.85579 7.0287986 6.837354 6.4910655 7.291147 7.6570115 7.174779 10.823073 5.229444 5.9760804 5.318802 5.8577666 6.095205 5.693271 6.235097 12.334762 8.739391 8.537871 6.0857344 5.4140477 5.682723 5.59656 5.583775 5.5750775 6.421135 5.593505 5.6361823 5.469912 5.1067142 5.5508127 4.825271
5.185048 4.9631553 4.488306 3.8361144 3.90118 4.0280643 4.7155027 4.2206945 3.8211596 4.387712 5.7666454 4.879472 6.5869474 3.9965138 4.1243873 4.18917 4.195241 4.808795 5.232669 5.5786176 5.7490926 5.956989 6.303599 7.202929 10.094142 6.648243 7.0497465 4.5710645 4.650328 5.955971 6.303899 7.08916 7.065326 6.745566 4.544103 7.346394 7.9265423 10.811113 6.8700304 5.2613363 5.1338425 5.6419826 5.9964967 7.2416587 5.2684464 12.602298 7.612888 6.2464952 5.795348 6.165661 6.0622377 5.8934116 5.8073235 7.8313904 7.4563813 7.2720594 6.961463 6.704447 6.292885 5.3688593 5.159228
4.7860503 4.5026646 3.9531345 4.0801816 4.017176 4.3669224 5.25845 4.439845 3.6994205 3.6848655 5.0940433 5.986596 6.801693 4.932566 3.8266547 3.893469 4.7663646 4.206641 4.1667056 4.104087 4.801583 5.408614 5.938734 4.6603727 5.8118205 9.788238 9.859706 9.843564 4.608965 4.7379165 6.298112 6.5834785 7.083828 6.9326324 6.8828764 4.881797 7.6297116 10.861267 7.0807824 4.9820285 4.838795 5.4941 6.030542 6.5631633 7.590543 12.554299 4.908989 6.831143 6.402572 6.5270734 6.472598 8.437354 8.103255 6.652686 6.616424 6.391288 6.1956534 5.974791 5.639077 5.290039 5.042496
5.0215597 4.8917084 4.782637 4.26814 4.2487497 5.772137 3.7296555 5.4651475 4.445593 3.8118248 3.8318367 5.788112 7.2895565 5.2657857 4.921572 3.8723216 5.110663 4.126998 4.804286 4.790461 5.289024 5.819635 4.6285796 4.668972 4.6035676 5.2856603 4.639353 9.774816 4.531254 4.6104527 5.534126 6.53339 6.510122 6.941529 7.8083477 4.8904347 5.630899 10.896769 7.2842956 4.9020147 5.511228 5.9795675 5.0575995 5.226996 6.7959094 12.615495 6.980835 6.561561 6.71006 6.792403 8.948154 7.175164 6.869202 6.7623672 6.7137914 6.565609 6.3975363 6.118784 5.804352 5.526963 5.3674955
5.0282054 4.8515196 4.7837367 4.403736 4.551607 4.036163 5.7121053 5.894607 5.3153744 4.010259 3.9640164 3.8985603 6.2043114 7.618766 5.6203814 3.961618 5.349731 4.009296 4.796635 5.343907 4.3292193 4.397409 6.090849 5.217607 4.4804482 6.033879 5.5088058 9.650082 4.4777393 4.514873 5.441622 5.8951855 6.4295197 6.5712214 6.900314 8.390611 8.459228 6.2380543 11.023996 5.087347 6.0759764 4.9426036 6.746382 4.9396687 5.7025423 12.873275 9.2239895 9.070587 9.393953 9.256729 7.43267 7.257264 7.0589886 6.8867426 6.7569833 6.6711125 6.5499406 6.2839437 5.9620852 5.671236 5.537398
5.1048303 4.8809423 4.7810903 4.524691 4.4826655 3.9835856 4.5705595 6.7356644 6.0088487 4.079283 4.036204 4.0412245 5.533978 6.5946703 7.792218 6.060232 5.8399477 4.062487 5.2496777 4.241065 5.5540075 4.8035035 4.9310374 6.163998 5.4556274 4.274082 6.1917806 5.7073245 9.607733 4.4928083 4.7533803 5.9102726 6.0666084 6.6971254 4.967143 5.000981 6.310773 8.536316 6.593727 11.028158 4.908745 4.7385373 6.731577 5.4066744 12.390185 5.2799296 8.444727 8.444243 8.486718 8.271685 7.818071 7.8740797 7.0193186 6.6878867 6.454097 6.3849034 6.24009 5.8979416 5.480585 5.0869017 4.789426
4.895999 4.581446 4.218139 4.778676 4.304309 4.6438394 5.536901 6.941181 6.104934 4.018813 4.093532 4.941887 4.28055 6.218314 6.652122 8.013204 6.173199 5.7848067 4.1358895 4.0519695 4.619691 5.537649 5.7009077 4.209421 6.14144 4.1571984 6.4918213 6.3841834 6.0389423 9.815709 4.771959 4.8249707 6.1751113 6.5001173 7.1275625 5.7024937 4.837329 6.8377395 8.716169 6.635857 10.562572 4.6825705 7.0009446 12.418588 7.295024 6.6977363 6.3082857 6.0690436 5.6017184 5.116188 7.285363 5.0899343 7.2127476 6.717226 6.498273 6.5168214 6.3691916 5.9908285 5.6671505 5.435496 5.274535
4.955966 4.7099395 4.4263024 4.8637147 4.8713937 4.6468964 3.9428763 5.9183207 7.3129663 5.100959 4.1441436 4.364826 4.363115 4.221332 6.5850983 7.4233556 8.281645 6.0089097 5.1964 4.0209413 3.973895 5.143741 6.5837793 4.8880854 4.1279125 6.243899 4.314258 7.022606 6.743174 9.870525 4.67152 4.719518 5.4462705 6.4436083 6.7418604 7.1518564 4.899947 4.979852 7.4969177 8.6256275 8.541537 10.970832 13.403512 8.341018 7.3159304 7.0909886 6.1397376 5.6610274 5.0593424 4.498939 5.103118 7.914852 7.1637278 6.6543913 6.514632 6.581312 6.3551674 5.9615345 5.7596602 5.58606 5.3348236
4.6197658 4.114916 4.5424066 4.637975 4.7925344 5.0612826 3.9647033 4.6956615 7.6298747 5.680525 4.1450186 4.990157 4.3726625 4.253944 4.224956 4.3270063 7.640465 8.238575 6.4879866 5.2532406 4.1523614 4.2281275 5.677291 6.707729 5.274175 4.9779563 4.449347 4.488189 7.215731 6.8618507 9.863723 4.604432 4.663808 5.8313985 6.638049 6.912413 7.3689957 5.143874 5.2430644 7.7518334 7.6295233 7.9391875 14.926218 6.2450585 5.428262 4.769847 6.4033456 5.9204726 5.4942694 5.3416343 5.2492504 8.158102 7.4490056 7.0612717 7.0307636 7.1046405 6.86137 6.6040545 6.588653 6.5226717 6.3557453
3.9885042 4.8201957 4.499478 4.5003037 4.804989 5.093959 5.4006147 6.2505236 5.180851 7.8422117 5.700682 4.1244493 4.2749248 5.0270414 4.333352 4.352463 4.301803 7.8124423 8.985433 4.372857 5.8802238 6.0192995 4.186725 4.1710553 6.8206286 6.19309 4.474488 4.461772 5.9011574 7.354502 6.9713235 9.87502 4.6239133 4.709391 7.150483 7.084681 5.132674 7.6230907 5.3715043 5.377895 6.1784587 6.533178 13.674039 5.035007 5.2844796 4.623387 5.447757 4.6353106 4.4798527 4.6022134 7.836863 4.9275427 4.5056486 4.255939 4.315305 6.857954 6.649325 6.4458103 6.4280443 6.3452964 6.1745114
5.155827 4.8574634 4.5054016 4.5384674 4.9263053 5.642968 5.4025207 4.05247 6.454568 7.9432044 5.8985457 4.0478973 4.822429 4.306719 5.491232 5.104513 5.4415693 4.4112597 4.655366 9.216684 5.077846 6.04273 6.431293 4.3181186 7.078672 6.4612694 4.5055556 5.191613 4.5885625 6.590724 7.4430203 9.967865 5.730717 4.7153664 7.275189 7.2394886 5.1358786 5.9369226 7.985709 5.642695 5.1610785 6.054712 13.189664 7.1537576 5.918662 5.5691705 4.5629582 5.2338405 5.082283 7.3361373 5.3187637 5.376495 5.080235 4.8101845 6.564938 4.2357955 6.5762787 6.4363832 6.396964 6.3070765 6.2350445
5.2085056 4.9388833 4.6036015 4.7144055 5.0585265 4.012263 5.7658005 4.0678473 6.7225447 6.666147 8.210689 5.755354 4.091115 4.8999267 4.391122 5.9221406 4.5173554 5.1949453 5.7364326 4.625605 9.085688 9.040885 9.219116 7.0370526 7.7614174 4.6036644 4.513072 5.203976 4.6133456 4.6736474 6.926792 7.571545 10.177059 5.5697603 8.027134 5.0874424 5.853008 6.356642 7.9821177 5.4790154 5.155443 4.9057727 6.1855817 13.028605 5.7782655 5.2438536 5.6979046 5.6627383 7.439494 5.5126743 5.6827645 5.821014 7.9346957 7.521 6.689855 6.5899167 4.1750555 4.180194 4.2047086 4.2051735 6.267503
5.2215033 4.967645 4.587537 4.7913704 5.075437 5.087323 5.602462 6.5999193 4.102643 6.9518876 6.8917375 8.398668 4.180049 5.245228 4.9697685 4.459641 6.1478157 4.539037 4.5904946 4.5973215 4.447914 5.4602175 5.902334 9.4732895 7.2557793 7.872375 4.5675488 5.6702766 4.637018 4.6646333 4.647015 7.4141865 10.4980755 6.111892 8.084016 6.637462 5.1035814 6.523207 7.7514553 5.0298967 5.542722 4.852529 5.6544585 13.223945 8.34343 8.244179 8.194049 7.8856916 5.9804626 5.933692 6.052741 8.805497 7.8798413 7.5908837 7.367883 7.286901 7.2840943 7.2142797 7.048655 6.845971 6.212634
5.21096 4.930168 4.487335 4.6725087 5.0623293 5.676145 5.860812 6.0383863 4.04837 6.6884317 7.1356115 8.687159 5.8670044 4.105445 5.1951756 4.90876 4.3473053 6.2052007 5.1526427 5.2012935 4.4273143 4.3170843 5.813813 6.874768 9.493708 7.212063 8.066606 4.778565 5.537848 4.827122 4.8308887 4.9457626 5.0423884 10.543106 8.089318 6.904522 4.954573 6.468131 7.477092 4.709776 5.350783 6.2714777 13.227199 10.760772 10.589681 10.655634 10.9105015 10.834185 9.817567 9.665636 9.603267 8.747111 8.612414 8.540391 8.286307 8.116659 8.138856 8.177219 8.008247 6.242336 6.1507087
5.183685 4.860539 4.422285 5.3346896 4.475207 4.222614 4.7910385 5.105206 6.4010224 4.1335363 7.232788 7.2826066 8.698879 5.988693 4.127398 5.3032646 5.057314 4.467063 6.4169145 5.5393105 5.4584565 4.3122334 4.4566 4.7202444 7.5963774 9.573985 9.802718 10.191348 6.5052166 5.139651 5.1180425 5.118214 5.093515 10.656849 8.282205 7.101636 4.920932 4.7373185 7.714982 5.4614 6.148072 13.564066 10.902941 6.826238 4.818023 6.396691 4.7055383 7.4629354 9.19635 5.1829777 5.1741624 6.0318913 4.4902906 4.493903 5.739231 5.2474413 4.578259 4.712107 4.779926 7.679122 7.6314135
5.1484795 4.7521744 4.267907 5.7253375 4.5803056 4.986072 4.075405 4.6733737 5.141646 5.5636277 4.290769 7.7500052 7.433275 8.973924 4.4318285 5.7719274 5.601367 4.6739993 5.3480887 6.609813 5.842214 5.865499 6.283466 6.7340574 4.875768 7.9199452 8.156552 8.292981 10.482478 7.116356 6.367178 5.2028604 5.215159 6.012487 11.001853 7.3977547 5.6648703 5.4807987 7.9991794 7.07337 14.140584 9.761725 8.242345 4.6345634 6.445204 6.1392097 5.8439374 5.5447593 7.1399984 9.343952 4.6883 4.6434946 6.0719104 5.570008 4.6543245 3.7864327 3.9602656 4.2408686 4.3081117 4.1849194 5.3027115
5.131922 4.6794477 5.4758825 4.4403806 4.514957 4.962369 5.2015424 5.442485 5.7386804 5.973965 6.2320476 4.479802 8.007507 7.754584 9.267678 4.548915 5.943233 5.424882 4.7732487 5.7287483 7.120187 7.5638266 7.8163056 8.122686 7.99124 4.844007 4.991636 6.380696 6.651502 10.5550165 7.1261215 6.795332 5.2659936 5.2921476 6.3641906 10.828425 7.3081264 6.1409717 13.551117 13.106206 6.7635345 8.034948 7.1204944 7.2225804 6.722892 5.953068 5.9001794 5.8599877 5.583787 7.519336 9.630887 9.36619 6.3989277 5.785754 5.0410905 4.557318 4.067203 4.370506 5.5259233 4.9079127 4.2173486
5.205481 5.684736 4.8006935 4.374274 4.5207496 5.004973 5.293663 4.144412 4.1722527 4.8785315 5.416817 5.9084287 6.322894 8.016987 9.498406 6.4647603 4.5857577 5.7217264 4.672845 5.3302455 4.7381525 4.8493543 4.967297 5.1604366 5.03465 4.927985 5.7231646 4.9484034 6.240172 7.258326 10.407509 7.1920524 7.0015283 4.9920154 5.6609907 6.359941 10.775182 13.660548 7.3783484 5.7470984 6.0487185 4.6469746 7.292663 6.5437417 5.603053 5.7235703 6.0649347 5.925643 5.4371357 4.7138267 7.240549 7.7772274 9.233265 8.657501 6.529078 6.417425 6.414637 6.308882 5.616327 5.209739 4.847702
6.0145984 5.3218637 4.966884 4.532429 4.5978775 5.0195827 5.319292 5.545874 4.8608885 4.2224517 5.0355525 4.450193 4.3759265 6.6222644 9.772293 6.8009653 6.448052 4.5561967 5.2426972 4.5330734 5.707651 5.433743 5.5520706 5.6790047 5.6148167 5.527379 4.8966584 4.84106 4.702158 4.839238 7.573602 10.342922 7.0844774 6.8937593 6.1420465 6.426985 13.131314 5.283765 5.266928 5.156965 5.3134117 5.582439 6.0066276 6.5686693 6.511963 5.6495366 5.8313484 5.6913404 5.1366615 4.4556217 6.09748 6.2671967 7.118169 6.4617844 8.124664 8.164041 8.112766 7.3097854 7.207415 7.1514387 6.616951
6.2485347 5.4052544 5.0641756 4.685775 4.5421634 4.9428997 5.281643 5.5299354 5.7671647 5.330401 4.253245 5.3883433 4.3035126 4.446268 7.3659487 10.03208 6.72676 4.6051135 5.632798 4.4908447 6.145113 5.7971497 4.849278 5.992927 5.9196253 5.7994084 5.8057437 5.370881 4.659278 4.9170065 6.491104 7.464362 10.197798 10.244459 6.391564 12.898115 5.3326344 5.2880974 4.350654 4.5621243 4.7587805 4.488652 5.00006 6.0731015 6.9804354 6.816806 5.3487287 5.1657777 5.0139017 4.300293 5.6368814 5.7206645 6.3490815 5.517636 6.319707 5.4948773 5.480253 7.229463 6.965657 6.866458 6.314584
6.1665535 6.0442505 5.1565204 4.687164 4.4382834 4.9280434 5.3010907 5.514409 5.731818 5.972765 5.5701323 4.9638505 5.7395797 4.5368443 4.919736 7.623273 9.954946 6.5292487 4.65383 4.640326 6.682091 6.3233085 5.0030417 5.594547 6.186971 6.0496817 6.038472 6.0470195 5.8409724 5.7715473 5.212412 6.721876 7.8706155 10.378334 12.968032 5.891102 7.795169 6.9890475 6.845311 7.065571 7.1422353 5.225502 4.475455 4.7076654 6.2161107 6.935651 6.6323056 4.568497 4.3101535 4.198276 5.180012 5.3401046 5.3391438 5.872616 5.585822 6.31603 5.0757055 4.9975414 5.3336973 4.758242 6.9325547
4.3811216 5.668877 5.445301 4.908584 4.4708047 4.9863663 5.343447 5.532984 5.7694435 6.0400567 6.233225 5.97349 5.5064917 6.2390146 4.944654 5.604428 7.576005 9.99176 4.8609776 4.918283 7.306557 6.9538894 5.2697225 5.760972 6.025679 6.3305387 6.294139 6.390232 6.5949807 6.776874 5.471931 5.7082005 5.939473 12.868596 5.3381114 9.815731 7.2502184 6.595472 6.4412985 6.5532203 6.6101785 6.705751 5.987025 5.7174087 5.3186393 5.780842 6.851584 6.4122 5.340148 4.80393 4.841526 4.829122 4.164594 5.2895713 5.6917157 5.0328264 5.9726653 4.661554 4.8177533 5.348718 4.3120213
6.1543202 5.2812476 5.1088777 5.3924975 5.310403 5.081678 5.4343038 5.6392097 5.862271 6.1482353 6.337748 6.47137 6.2599607 6.177052 6.8031354 7.354137 5.973113 10.218931 6.4430676 5.1659713 7.7506933 5.6049743 7.1357574 5.894293 6.146451 6.6982036 7.289826 7.9013534 7.06782 8.333864 5.344114 4.9253316 6.373675 12.854168 5.5041914 7.7320814 6.2670994 5.666469 5.33273 5.0838284 4.6326885 6.5047526 5.7470236 5.200459 4.509745 4.7062855 5.4980974 6.540613 4.917794 4.119665 4.2867346 4.4806805 4.549844 5.0068946 4.7018294 4.6261897 4.791182 6.2837105 4.541774 4.565278 5.109246
5.48402 5.293154 5.3217263 5.370181 5.310784 6.056595 6.5286717 5.7111783 5.8801227 6.1830254 6.369065 6.5122094 6.8672934 7.8504806 6.722374 4.9352064 7.6692705 10.452593 7.0812287 5.422331 7.958055 5.3788867 5.7446322 6.9505763 6.043352 4.7055006 4.720453 4.9720354 8.163617 5.0664535 7.6888905 5.3647146 12.638323 4.816874 7.4643574 7.1620917 6.2382345 5.8799853 5.691863 5.514953 5.324764 4.77114 6.2821174 5.9091587 5.6871214 5.4566774 4.7688375 4.6247516 6.137529 5.8633323 5.764041 5.5969677 5.32186 4.423329 4.1834235 4.342159 4.714988 4.9274144 6.7820034 6.287751 5.6960616
5.514447 5.432082 5.5938063 4.9957194 5.1863346 4.437848 4.429817 6.46856 6.8906054 6.2186046 6.425198 7.2554445 7.092927 5.1511726 7.83472 4.9753566 8.132778 7.987788 10.687102 5.4823256 5.3462954 7.5299516 5.5315204 5.8655505 6.755994 5.982666 5.7643385 4.756262 4.694983 7.770895 12.633809 12.609421 4.6629148 5.0212817 9.046697 7.5756445 6.9713235 6.8624115 6.923686 6.8918133 6.8856974 6.924001 6.7374716 6.515964 6.4677577 6.301678 5.9852157 5.753976 5.2712355 4.424581 4.3860435 4.3595223 4.349447 4.2096224 4.121704 4.410846 4.902771 5.2238913 6.8637023 6.068091 5.2692018
5.1314087 4.9437747 6.520482 4.8314753 5.545361 5.4938293 5.031081 4.9330835 5.39406 7.3993735 7.8068056 7.9160433 7.653972 7.176616 5.4723525 7.7598844 5.0172715 8.766781 10.562912 6.3319335 5.053925 4.8743167 7.2972326 5.749727 6.038212 7.5091805 4.6840467 5.990515 12.528109 12.556364 4.620694 4.6745324 4.9152775 8.969921 7.337415 6.166032 5.4945235 5.046824 4.490856 6.9932847 6.9100056 6.9502196 6.804334 6.618783 6.5807285 6.3705816 6.1004715 6.0904937 6.0211606 5.3455186 5.0653405 4.90697 4.8021293 4.66457 4.600508 4.8250136 5.2092857 6.6396456 5.0263243 6.038761 5.2716403
5.19005 5.0790133 5.9321723 5.3791785 5.5422387 6.382675 6.829812 7.026138 7.1434374 7.3920183 7.5276384 4.659943 8.050191 7.604778 7.192685 5.999238 4.988067 8.788607 10.26374 6.227106 5.8411 4.7207694 4.6812806 7.3938727 6.4120297 6.707784 7.9833794 12.626289 4.5120068 4.603419 4.7622037 4.958595 8.7973175 9.947673 9.218696 8.157708 7.7994394 7.6304526 7.6608896 6.8402095 6.693478 6.6789045 6.543452 6.2993164 6.127203 5.8561444 5.6032515 5.5802107 5.365594 6.1360435 5.704977 5.4188437 5.1947193 4.979074 4.853605 4.971053 6.077696 5.0442986 6.0927796 5.523502 4.9654856
